1.5818e-02	1.1082e-03	-3.0119e-03	1.4997e-02	5.4621e-01	-8.4790e-01	0.0000e+00	0.0000e+00	0.0000e+00	0.0000e+00	0.0000e+00	0.0000e+00
1.5178e-02	1.0084e-03	-3.5532e-03	-4.6496e-04	5.9563e-01	-7.8091e-01	-6.4000e-04	-9.9860e-05	-5.4122e-04	-1.5462e-02	4.9426e-02	6.6983e-02
1.6386e-02	1.0619e-03	-3.1561e-03	1.3765e-02	5.3324e-01	-8.7074e-01	1.2087e-03	5.3480e-05	3.9700e-04	1.4230e-02	-6.2391e-02	-8.9830e-02
1.4699e-02	1.2660e-03	-3.5240e-03	5.2012e-03	5.8511e-01	-7.7139e-01	-1.6877e-03	2.0417e-04	-3.6784e-04	-8.5642e-03	5.1867e-02	9.9357e-02
1.5975e-02	1.4616e-03	-3.3540e-03	1.2025e-02	5.8106e-01	-8.3636e-01	1.2767e-03	1.9562e-04	1.7000e-04	6.8234e-03	-4.0510e-03	-6.4978e-02
1.4247e-02	1.4565e-03	-3.1385e-03	1.5635e-04	5.0570e-01	-7.8662e-01	-1.7287e-03	-5.1800e-06	2.1554e-04	-1.1868e-02	-7.5361e-02	4.9743e-02
1.3832e-02	1.2556e-03	-3.4122e-03	4.9565e-03	5.3485e-01	-7.4954e-01	-4.1500e-04	-2.0084e-04	-2.7379e-04	4.8001e-03	2.9153e-02	3.7077e-02
1.4414e-02	8.7375e-04	-3.5706e-03	-4.6425e-04	5.3483e-01	-7.3207e-01	5.8280e-04	-3.8187e-04	-1.5834e-04	-5.4207e-03	-2.2000e-05	1.7473e-02
1.4786e-02	1.3135e-03	-3.1003e-03	9.7299e-03	5.1775e-01	-8.0732e-01	3.7140e-04	4.3977e-04	4.7028e-04	1.0194e-02	-1.7077e-02	-7.5247e-02
1.4201e-02	8.7375e-04	-3.2549e-03	-3.0795e-03	4.6261e-01	-7.7190e-01	-5.8450e-04	-4.3977e-04	-1.5459e-04	-1.2809e-02	-5.5139e-02	3.5414e-02
1.4390e-02	9.6665e-04	-3.6945e-03	-4.3840e-04	5.1490e-01	-7.5795e-01	1.8840e-04	9.2904e-05	-4.3957e-04	2.6411e-03	5.2291e-02	1.3958e-02
1.5466e-02	1.3606e-03	-3.6820e-03	1.1150e-02	5.6451e-01	-7.7040e-01	1.0764e-03	3.9397e-04	1.2440e-05	1.1588e-02	4.9608e-02	-1.2457e-02
1.5231e-02	1.1834e-03	-3.2061e-03	7.8486e-03	4.9828e-01	-7.9655e-01	-2.3470e-04	-1.7718e-04	4.7592e-04	-3.3013e-03	-6.6229e-02	-2.6151e-02
1.3739e-02	1.0465e-03	-3.1363e-03	-8.4880e-05	4.8027e-01	-7.3826e-01	-1.4921e-03	-1.3696e-04	6.9830e-05	-7.9335e-03	-1.8012e-02	5.8298e-02
1.3929e-02	9.7191e-04	-3.4377e-03	1.2343e-02	5.3208e-01	-7.1360e-01	1.8990e-04	-7.4573e-05	-3.0144e-04	1.2428e-02	5.1807e-02	2.4654e-02
1.3657e-02	4.5927e-04	-3.6464e-03	4.2668e-03	5.0919e-01	-6.5011e-01	-2.7230e-04	-5.1264e-04	-2.0870e-04	-8.0766e-03	-2.2884e-02	6.3494e-02
1.4492e-02	6.7803e-04	-3.2711e-03	-4.7370e-04	5.2039e-01	-6.6229e-01	8.3470e-04	2.1876e-04	3.7528e-04	-4.7405e-03	1.1200e-02	-1.2183e-02
1.2628e-02	7.6193e-04	-3.2711e-03	-4.1478e-04	4.0851e-01	-6.7129e-01	-1.8637e-03	8.3898e-05	0.0000e+00	5.8916e-05	-1.1189e-01	-9.0000e-03
1.2949e-02	6.4187e-04	-3.2711e-03	-4.9542e-04	4.3148e-01	-6.3159e-01	3.2120e-04	-1.2006e-04	0.0000e+00	-8.0641e-05	2.2978e-02	3.9699e-02
1.3781e-02	7.9504e-04	-3.2711e-03	1.2226e-02	4.7293e-01	-6.0191e-01	8.3150e-04	1.5317e-04	0.0000e+00	1.2722e-02	4.1450e-02	2.9683e-02
1.3915e-02	7.9280e-04	-3.0266e-03	2.0318e-02	4.4880e-01	-6.9361e-01	1.3450e-04	-2.2460e-06	2.4456e-04	8.0915e-03	-2.4133e-02	-9.1702e-02
1.2853e-02	7.8097e-04	-3.0843e-03	1.2006e-02	3.9875e-01	-6.4242e-01	-1.0621e-03	-1.1822e-05	-5.7680e-05	-8.3111e-03	-5.0050e-02	5.1194e-02
1.3101e-02	7.3913e-04	-3.3428e-03	1.6870e-02	4.5768e-01	-5.7056e-01	2.4840e-04	-4.1843e-05	-2.5857e-04	4.8632e-03	5.8929e-02	7.1856e-02
1.3824e-02	5.6127e-04	-3.1503e-03	3.0352e-02	4.6040e-01	-6.2377e-01	7.2250e-04	-1.7786e-04	1.9254e-04	1.3483e-02	2.7220e-03	-5.3209e-02
1.2561e-02	7.3724e-04	-3.1601e-03	2.6037e-02	3.9071e-01	-5.6252e-01	-1.2627e-03	1.7597e-04	-9.7700e-06	-4.3154e-03	-6.9688e-02	6.1249e-02
1.2313e-02	6.3429e-04	-3.3933e-03	1.0917e-02	4.2171e-01	-5.1196e-01	-2.4770e-04	-1.0295e-04	-2.3328e-04	-1.5120e-02	3.0997e-02	5.0563e-02
1.2650e-02	3.9503e-04	-3.5032e-03	2.6058e-02	4.3700e-01	-5.3837e-01	3.3610e-04	-2.3926e-04	-1.0989e-04	1.5141e-02	1.5293e-02	-2.6408e-02
1.2984e-02	6.8569e-04	-3.0702e-03	2.4442e-02	3.6198e-01	-6.9957e-01	3.3470e-04	2.9065e-04	4.3301e-04	-1.6162e-03	-7.5026e-02	-1.6121e-01
1.1292e-02	6.5172e-04	-3.1469e-03	1.9263e-02	3.4352e-01	-4.8095e-01	-1.6924e-03	-3.3962e-05	-7.6640e-05	-5.1792e-03	-1.8463e-02	2.1862e-01
1.2011e-02	6.5147e-04	-3.4160e-03	2.8967e-02	4.0463e-01	-4.8791e-01	7.1860e-04	-2.5700e-07	-2.6914e-04	9.7038e-03	6.1112e-02	-6.9550e-03
1.1631e-02	4.2166e-04	-3.0267e-03	3.7828e-02	3.3908e-01	-4.8937e-01	-3.7990e-04	-2.2981e-04	3.8934e-04	8.8613e-03	-6.5548e-02	-1.4630e-03
9.4954e-03	3.7677e-04	-3.2529e-03	1.7757e-02	3.3889e-01	-3.9180e-01	-2.1352e-03	-4.4883e-05	-2.2623e-04	-2.0071e-02	-1.9300e-04	9.7566e-02
1.1510e-02	5.0849e-04	-3.1488e-03	4.8227e-02	3.8007e-01	-4.4207e-01	2.0149e-03	1.3171e-04	1.0403e-04	3.0470e-02	4.1183e-02	-5.0265e-02
9.8675e-03	3.6337e-04	-3.2312e-03	3.4408e-02	3.0142e-01	-3.9604e-01	-1.6428e-03	-1.4511e-04	-8.2380e-05	-1.3819e-02	-7.8644e-02	4.6024e-02
1.0100e-02	4.8268e-04	-3.5587e-03	3.4282e-02	3.6279e-01	-3.5138e-01	2.3245e-04	1.1930e-04	-3.2747e-04	-1.2640e-04	6.1370e-02	4.4667e-02
1.0578e-02	1.5031e-04	-3.3906e-03	3.4239e-02	3.4375e-01	-4.0203e-01	4.7770e-04	-3.3237e-04	1.6813e-04	-4.3200e-05	-1.9050e-02	-5.0653e-02
9.9988e-03	3.8911e-04	-3.1196e-03	2.4599e-02	2.9636e-01	-3.8491e-01	-5.7894e-04	2.3880e-04	2.7102e-04	-9.6400e-03	-4.7380e-02	1.7121e-02
7.6774e-03	3.8975e-04	-3.2675e-03	7.3545e-03	2.7897e-01	-3.3957e-01	-2.3213e-03	6.4000e-07	-1.4797e-04	-1.7244e-02	-1.7390e-02	4.5341e-02
9.3149e-03	2.3464e-04	-3.3290e-03	3.8195e-02	3.4530e-01	-3.5250e-01	1.6374e-03	-1.5511e-04	-6.1490e-05	3.0841e-02	6.6328e-02	-1.2933e-02
9.9373e-03	4.9227e-05	-3.0674e-03	5.1121e-02	3.2818e-01	-3.8806e-01	6.2247e-04	-1.8541e-04	2.6162e-04	1.2926e-02	-1.7124e-02	-3.5556e-02
6.7463e-03	-1.6455e-04	-3.3237e-03	3.8077e-02	2.6345e-01	-2.2196e-01	-3.1910e-03	-2.1378e-04	-2.5631e-04	-1.3044e-02	-6.4732e-02	1.6610e-01
7.0758e-03	-2.6706e-04	-3.3035e-03	3.8003e-02	3.1783e-01	-2.1393e-01	3.2949e-04	-1.0251e-04	2.0180e-05	-7.4300e-05	5.4379e-02	8.0360e-03
7.3857e-03	-1.1393e-04	-3.1302e-03	4.4590e-02	2.8626e-01	-2.8545e-01	3.0997e-04	1.5312e-04	1.7330e-04	6.5877e-03	-3.1562e-02	-7.1528e-02
6.3195e-03	-5.1077e-05	-2.9657e-03	1.8555e-02	2.2177e-01	-3.0549e-01	-1.0662e-03	6.2857e-05	1.6452e-04	-2.6035e-02	-6.4497e-02	-2.0032e-02
6.7580e-03	4.5115e-05	-3.0005e-03	1.1211e-02	2.4583e-01	-2.3979e-01	4.3852e-04	9.6193e-05	-3.4800e-05	-7.3443e-03	2.4059e-02	6.5696e-02
7.1335e-03	-8.5755e-05	-3.1049e-03	4.0620e-02	2.7917e-01	-3.2662e-01	3.7540e-04	-1.3087e-04	-1.0445e-04	2.9409e-02	3.3344e-02	-8.6833e-02
6.4151e-03	-5.2390e-06	-2.8980e-03	3.3222e-02	1.9922e-01	-2.3289e-01	-7.1840e-04	8.0516e-05	2.0693e-04	-7.3979e-03	-7.9953e-02	9.3727e-02
6.7377e-03	1.4700e-04	-3.0830e-03	4.4924e-02	2.7569e-01	-2.0271e-01	3.2267e-04	1.5224e-04	-1.8503e-04	1.1703e-02	7.6469e-02	3.0185e-02
6.2583e-03	1.5891e-04	-2.6316e-03	4.5369e-02	2.0062e-01	-2.3558e-01	-4.7946e-04	1.1906e-05	4.5145e-04	4.4440e-04	-7.5068e-02	-3.2867e-02
4.9823e-03	-8.4680e-06	-2.8866e-03	4.3013e-02	2.0097e-01	-1.8423e-01	-1.2759e-03	-1.6738e-04	-2.5498e-04	-2.3562e-03	3.5400e-04	5.1348e-02
5.0527e-03	2.5741e-04	-2.9211e-03	3.1961e-02	1.9136e-01	-1.5245e-01	7.0430e-05	2.6588e-04	-3.4540e-05	-1.1052e-02	-9.6140e-03	3.1778e-02
5.3307e-03	-1.3938e-04	-2.6947e-03	4.8374e-02	2.1651e-01	-2.5578e-01	2.7792e-04	-3.9679e-04	2.2638e-04	1.6413e-02	2.5150e-02	-1.0333e-01
4.3381e-03	5.0414e-05	-2.5550e-03	3.1058e-02	1.1363e-01	-2.0409e-01	-9.9255e-04	1.8979e-04	1.3978e-04	-1.7316e-02	-1.0288e-01	5.1687e-02
4.9907e-03	2.1075e-06	-2.7910e-03	5.4654e-02	2.3098e-01	-1.9727e-01	6.5258e-04	-4.8306e-05	-2.3602e-04	2.3596e-02	1.1735e-01	6.8220e-03
3.9809e-03	2.6233e-04	-2.5550e-03	3.5514e-02	1.2126e-01	-2.2440e-01	-1.0098e-03	2.6022e-04	2.3602e-04	-1.9141e-02	-1.0972e-01	-2.7131e-02
4.2360e-03	3.3416e-06	-2.7414e-03	4.2961e-02	1.8281e-01	-1.3392e-01	2.5505e-04	-2.5899e-04	-1.8645e-04	7.4472e-03	6.1550e-02	9.0486e-02
4.6253e-03	2.8086e-04	-2.5611e-03	4.9835e-02	1.8571e-01	-2.1807e-01	3.8929e-04	2.7752e-04	1.8027e-04	6.8742e-03	2.8970e-03	-8.4150e-02
3.4664e-03	-2.8587e-04	-2.5944e-03	4.2975e-02	1.2055e-01	-1.1643e-01	-1.1589e-03	-5.6674e-04	-3.3290e-05	-6.8597e-03	-6.5153e-02	1.0164e-01
3.4313e-03	8.8862e-05	-2.5944e-03	4.3018e-02	1.5085e-01	-8.9926e-02	-3.5070e-05	3.7474e-04	0.0000e+00	4.3000e-05	3.0295e-02	2.6500e-02
3.6520e-03	2.6499e-04	-2.5191e-03	4.3080e-02	1.6933e-01	-1.5485e-01	2.2064e-04	1.7613e-04	7.5330e-05	6.1500e-05	1.8481e-02	-6.4920e-02
3.5709e-03	-1.1558e-04	-2.2447e-03	4.3086e-02	1.5440e-01	-1.9481e-01	-8.1120e-05	-3.8058e-04	2.7444e-04	6.0000e-06	-1.4934e-02	-3.9961e-02
3.0538e-03	1.7255e-04	-2.4571e-03	2.8834e-02	1.0370e-01	-1.2501e-01	-5.1710e-04	2.8814e-04	-2.1239e-04	-1.4252e-02	-5.0700e-02	6.9802e-02
3.2890e-03	2.1843e-04	-2.5944e-03	3.3461e-02	1.4008e-01	-7.7232e-02	2.3520e-04	4.5880e-05	-1.3738e-04	4.6268e-03	3.6386e-02	4.7773e-02
3.6341e-03	1.1126e-04	-2.3945e-03	4.4033e-02	1.7490e-01	-1.1999e-01	3.4518e-04	-1.0717e-04	1.9989e-04	1.0572e-02	3.4818e-02	-4.2757e-02
3.1129e-03	1.4512e-04	-1.9793e-03	4.7393e-02	1.0309e-01	-9.8641e-02	-5.2127e-04	3.3858e-05	4.1519e-04	3.3595e-03	-7.1814e-02	2.1348e-02
2.6228e-03	9.0949e-05	-2.2260e-03	2.5542e-02	1.0592e-01	-6.2145e-02	-4.9006e-04	-5.4172e-05	-2.4666e-04	-2.1851e-02	2.8360e-03	3.6495e-02
3.1022e-03	5.0385e-05	-2.0352e-03	4.5774e-02	1.8043e-01	-8.1349e-02	4.7935e-04	-4.0565e-05	1.9078e-04	2.0232e-02	7.4503e-02	-1.9204e-02
2.4796e-03	8.6572e-06	-2.0352e-03	2.7352e-02	1.1248e-01	-2.1331e-02	-6.2256e-04	-4.1727e-05	0.0000e+00	-1.8422e-02	-6.7942e-02	6.0018e-02
2.8158e-03	1.4971e-04	-1.8088e-03	4.4465e-02	1.8698e-01	-6.4695e-02	3.3616e-04	1.4105e-04	2.2645e-04	1.7114e-02	7.4501e-02	-4.3364e-02
3.2500e-03	-1.5298e-04	-1.5895e-03	3.5860e-02	1.4874e-01	-1.1784e-01	4.3426e-04	-3.0269e-04	2.1932e-04	-8.6055e-03	-3.8243e-02	-5.3142e-02
2.1357e-03	1.0519e-04	-1.7440e-03	2.0846e-02	7.2006e-02	1.0689e-02	-1.1143e-03	2.5817e-04	-1.5453e-04	-1.5014e-02	-7.6735e-02	1.2853e-01
3.3380e-03	2.8624e-04	-1.7263e-03	6.2806e-02	1.4125e-01	-1.3119e-01	1.2023e-03	1.8105e-04	1.7640e-05	4.1960e-02	6.9244e-02	-1.4188e-01
2.0439e-03	5.7073e-04	-1.6761e-03	2.2309e-02	2.6251e-02	-2.7986e-03	-1.2941e-03	2.8450e-04	5.0290e-05	-4.0496e-02	-1.1500e-01	1.2839e-01
3.1014e-03	3.6590e-04	-1.4600e-03	6.9905e-02	8.8818e-02	-1.0184e-01	1.0575e-03	-2.0483e-04	2.1611e-04	4.7596e-02	6.2568e-02	-9.9039e-02
1.9003e-03	2.9630e-04	-1.4600e-03	3.6707e-02	2.1925e-02	-1.2110e-02	-1.2011e-03	-6.9604e-05	0.0000e+00	-3.3199e-02	-6.6893e-02	8.9728e-02
2.5486e-03	8.1259e-04	-1.4600e-03	6.0453e-02	1.0533e-01	-3.2293e-02	6.4831e-04	5.1629e-04	0.0000e+00	2.3746e-02	8.3401e-02	-2.0183e-02
2.4263e-03	2.0824e-04	-1.4600e-03	4.3722e-02	7.9026e-02	-2.6241e-02	-1.2232e-04	-6.0435e-04	0.0000e+00	-1.6730e-02	-2.6300e-02	6.0515e-03
1.8178e-03	3.3355e-05	-1.2875e-03	4.0558e-02	3.1953e-02	-4.9709e-02	-6.0848e-04	-1.7489e-04	1.7240e-04	-3.1643e-03	-4.7073e-02	-2.3467e-02
1.9208e-03	3.5579e-04	-1.4600e-03	4.6785e-02	1.0221e-01	-2.2764e-02	1.0299e-04	3.2243e-04	-1.7240e-04	6.2273e-03	7.0261e-02	2.6945e-02
1.8797e-03	2.8235e-04	-1.1219e-03	4.6073e-02	8.7938e-02	-2.9556e-02	-4.1040e-05	-7.3441e-05	3.3806e-04	-7.1210e-04	-1.4276e-02	-6.7924e-03
1.9637e-03	3.3355e-05	-9.6920e-04	4.6603e-02	-1.8637e-02	-8.7012e-02	8.3980e-05	-2.4899e-04	1.5269e-04	5.2960e-04	-1.0657e-01	-5.7456e-02
1.7945e-03	1.2630e-04	-5.2957e-04	6.9066e-02	1.2819e-01	-2.4372e-02	-1.6922e-04	9.2948e-05	4.3963e-04	2.2463e-02	1.4683e-01	6.2640e-02
1.7585e-03	-1.2504e-04	-4.4735e-04	7.2278e-02	1.1108e-01	-4.8337e-02	-3.5940e-05	-2.5134e-04	8.2215e-05	3.2125e-03	-1.7114e-02	-2.3965e-02
5.9272e-04	-2.1761e-04	-4.2707e-04	6.2779e-02	7.8088e-02	-2.4079e-02	-1.1658e-03	-9.2572e-05	2.0279e-05	-9.4992e-03	-3.2991e-02	2.4258e-02
6.4884e-04	-2.8974e-04	-2.2504e-04	8.2394e-02	1.4979e-01	4.6165e-03	5.6123e-05	-7.2127e-05	2.0203e-04	1.9616e-02	7.1703e-02	2.8695e-02
7.4607e-04	-5.5298e-04	1.4625e-05	7.1260e-02	9.3873e-02	-6.5235e-02	9.7229e-05	-2.6325e-04	2.3967e-04	-1.1134e-02	-5.5918e-02	-6.9852e-02
3.3675e-04	-4.4046e-04	-2.3599e-04	5.2325e-02	9.4772e-02	-6.4678e-02	-4.0932e-04	1.1252e-04	-2.5062e-04	-1.8936e-02	8.9980e-04	5.5690e-04
3.3746e-04	-5.5298e-04	-2.4883e-04	3.4645e-02	1.0270e-01	8.2778e-03	7.0000e-07	-1.1252e-04	-1.2839e-05	-1.7680e-02	7.9296e-03	7.2956e-02
1.6489e-03	5.7422e-04	-5.8768e-05	1.3786e-02	6.2091e-02	3.3635e-02	1.3115e-03	1.1272e-03	1.9006e-04	-2.0860e-02	-4.0611e-02	2.5357e-02
1.1415e-03	6.4923e-04	4.9387e-05	1.3885e-02	1.9151e-02	-6.6350e-02	-5.0744e-04	7.5010e-05	1.0816e-04	9.9400e-05	-4.2940e-02	-9.9985e-02
-7.7997e-05	2.5748e-04	-1.1316e-05	-1.5262e-02	1.9241e-02	-9.8352e-02	-1.2195e-03	-3.9175e-04	-6.0703e-05	-2.9147e-02	9.0400e-05	-3.2002e-02
1.9821e-04	2.1314e-04	-4.5773e-05	-2.3558e-02	9.3770e-02	-4.0876e-02	2.7620e-04	-4.4337e-05	-3.4457e-05	-8.2956e-03	7.4528e-02	5.7476e-02
1.0155e-03	-0.0000e+00	-2.6692e-04	1.0769e-02	1.6430e-01	-5.6906e-02	8.1733e-04	-2.1314e-04	-2.2115e-04	3.4327e-02	7.0526e-02	-1.6030e-02
2.6280e-04	-1.0135e-23	-1.8696e-04	-5.9372e-03	4.4955e-02	-1.6021e-02	-7.5274e-04	-1.0135e-23	7.9963e-05	-1.6707e-02	-1.1934e-01	4.0885e-02
1.0645e-04	-5.0195e-05	-2.8125e-04	-8.7167e-03	4.7131e-02	1.8445e-02	-1.5635e-04	-5.0195e-05	-9.4295e-05	-2.7795e-03	2.1764e-03	3.4466e-02
4.0183e-04	-1.5166e-23	-2.7977e-04	-5.4118e-05	1.0165e-01	-1.9704e-06	2.9538e-04	5.0195e-05	1.4800e-06	8.6626e-03	5.4518e-02	-1.8447e-02
8.0040e-04	-0.0000e+00	0.0000e+00	8.0018e-03	6.4112e-02	-7.9074e-05	3.9857e-04	1.5166e-23	2.7977e-04	8.0560e-03	-3.7537e-02	-7.7104e-05
0.0000e+00	-0.0000e+00	0.0000e+00	0.0000e+00	0.0000e+00	0.0000e+00	-8.0040e-04	0.0000e+00	0.0000e+00	-8.0018e-03	-6.4112e-02	7.9074e-05
0.0000e+00	2.1388e-04	-1.1137e-04	-1.0219e-05	3.7662e-02	2.0730e-02	0.0000e+00	2.1388e-04	-1.1137e-04	-1.0219e-05	3.7662e-02	2.0730e-02
7.9754e-04	6.8305e-05	1.8268e-04	2.4913e-02	8.6506e-02	-1.6803e-02	7.9754e-04	-1.4558e-04	2.9405e-04	2.4923e-02	4.8843e-02	-3.7533e-02
4.6079e-04	-4.4377e-04	4.8729e-04	2.5803e-02	8.6538e-02	-8.3771e-02	-3.3675e-04	-5.1208e-04	3.0461e-04	8.9040e-04	3.2400e-05	-6.6968e-02
-4.8115e-04	-3.9241e-04	6.7820e-05	1.2711e-02	2.8438e-02	1.3115e-02	-9.4194e-04	5.1364e-05	-4.1947e-04	-1.3093e-02	-5.8100e-02	9.6887e-02
4.0214e-04	-4.4377e-04	3.4997e-04	3.8822e-02	1.0709e-01	-1.6036e-02	8.8329e-04	-5.1364e-05	2.8215e-04	2.6111e-02	7.8653e-02	-2.9152e-02
4.2878e-04	-4.4377e-04	1.4347e-04	2.4763e-02	9.7890e-02	-5.0958e-02	2.6641e-05	0.0000e+00	-2.0650e-04	-1.4059e-02	-9.2014e-03	-3.4922e-02
-1.4607e-04	-2.7737e-04	4.6721e-04	2.1346e-02	-6.3209e-03	-1.2012e-01	-5.7485e-04	1.6640e-04	3.2374e-04	-3.4163e-03	-1.0421e-01	-6.9162e-02
-3.3884e-04	-4.4377e-04	4.6721e-04	5.3953e-02	7.9525e-02	-1.1069e-01	-1.9277e-04	-1.6640e-04	0.0000e+00	3.2607e-02	8.5846e-02	9.4340e-03
4.3893e-04	-2.5981e-04	9.1877e-05	7.4113e-02	1.4840e-01	-1.9045e-01	7.7777e-04	1.8396e-04	-3.7533e-04	2.0160e-02	6.8876e-02	-7.9763e-02
-2.0144e-04	-8.9049e-04	4.6721e-04	6.2390e-02	7.5033e-02	-1.1845e-01	-6.4037e-04	-6.3068e-04	3.7533e-04	-1.1724e-02	-7.3369e-02	7.2001e-02
-4.4075e-04	1.4739e-06	1.0069e-03	-2.4189e-02	-2.5452e-02	2.5308e-02	-2.3932e-04	8.9196e-04	5.3971e-04	-8.6579e-02	-1.0048e-01	1.4376e-01
3.5512e-04	1.2794e-04	4.6721e-04	-9.1961e-03	1.8320e-02	3.0949e-02	7.9587e-04	1.2647e-04	-5.3971e-04	1.4993e-02	4.3771e-02	5.6405e-03
3.2294e-04	-4.2749e-04	4.6721e-04	8.6037e-03	-9.8133e-03	-1.8805e-02	-3.2181e-05	-5.5543e-04	0.0000e+00	1.7800e-02	-2.8133e-02	-4.9753e-02
5.3875e-05	-3.9414e-04	-6.3526e-05	-1.0909e-02	-4.4430e-02	4.5141e-03	-2.6906e-04	3.3342e-05	-5.3074e-04	-1.9512e-02	-3.4617e-02	2.3319e-02
-2.4901e-04	-2.2612e-04	3.0113e-04	-1.2596e-02	-1.0527e-01	2.0876e-02	-3.0288e-04	1.6803e-04	3.6465e-04	-1.6872e-03	-6.0843e-02	1.6362e-02
-5.1373e-04	-6.0709e-05	2.4794e-04	-1.2620e-02	-5.5525e-02	4.2572e-02	-2.6472e-04	1.6541e-04	-5.3184e-05	-2.4500e-05	4.9748e-02	2.1696e-02
3.9219e-04	-6.0709e-05	5.9602e-04	1.6145e-02	-6.1589e-02	1.7067e-03	9.0592e-04	0.0000e+00	3.4807e-04	2.8765e-02	-6.0646e-03	-4.0866e-02
-6.0367e-04	-6.0709e-05	5.9602e-04	2.8636e-03	-1.1113e-01	4.0215e-02	-9.9586e-04	0.0000e+00	1.0000e-09	-1.3281e-02	-4.9545e-02	3.8508e-02
-4.9603e-04	-6.0709e-05	3.1263e-04	1.1829e-02	-3.8453e-02	1.1402e-01	1.0764e-04	0.0000e+00	-2.8339e-04	8.9653e-03	7.2681e-02	7.3809e-02
-3.7764e-05	-6.0709e-05	5.9602e-04	2.3849e-02	-5.0852e-02	1.0409e-01	4.5826e-04	0.0000e+00	2.8339e-04	1.2020e-02	-1.2399e-02	-9.9300e-03
-8.3905e-04	2.5215e-05	4.3379e-04	2.3858e-02	-1.0215e-01	1.2867e-01	-8.0129e-04	8.5924e-05	-1.6222e-04	8.3000e-06	-5.1299e-02	2.4573e-02
-8.2275e-04	1.0920e-04	5.1542e-04	2.3827e-02	-6.4283e-02	1.2620e-01	1.6305e-05	8.3990e-05	8.1630e-05	-3.1100e-05	3.7868e-02	-2.4660e-03
-1.2510e-03	-8.5548e-05	5.9602e-04	1.4321e-04	-1.0701e-01	8.4779e-02	-4.2823e-04	-1.9475e-04	8.0593e-05	-2.3683e-02	-4.2729e-02	-4.1422e-02
-6.5971e-04	-2.8026e-04	5.9602e-04	2.6767e-02	-1.7407e-02	8.4790e-02	5.9127e-04	-1.9471e-04	1.0000e-09	2.6624e-02	8.9605e-02	1.1000e-05
-8.2275e-04	-5.4658e-04	7.0017e-04	4.9931e-02	-2.9130e-02	-5.1611e-02	-1.6303e-04	-2.6632e-04	1.0415e-04	2.3164e-02	-1.1723e-02	-1.3640e-01
-1.2194e-03	-4.7806e-04	4.1285e-04	3.3526e-02	-3.7332e-02	7.1708e-02	-3.9664e-04	6.8519e-05	-2.8732e-04	-1.6405e-02	-8.2020e-03	1.2332e-01
-8.3357e-04	-2.8026e-04	5.8263e-04	6.1444e-02	3.7826e-03	8.6551e-02	3.8582e-04	1.9781e-04	1.6977e-04	2.7918e-02	4.1114e-02	1.4843e-02
-8.3357e-04	-6.2643e-04	7.9687e-04	7.7779e-02	-2.1532e-02	-2.9068e-02	0.0000e+00	-3.4617e-04	2.1424e-04	1.6335e-02	-2.5315e-02	-1.1562e-01
-1.8229e-03	-5.1858e-04	8.7201e-04	4.7213e-02	-7.9074e-02	4.5561e-02	-9.8931e-04	1.0785e-04	7.5140e-05	-3.0566e-02	-5.7542e-02	7.4630e-02
-9.7220e-04	-6.9896e-04	8.7201e-04	7.3529e-02	2.2036e-02	2.3936e-02	8.5068e-04	-1.8038e-04	0.0000e+00	2.6316e-02	1.0111e-01	-2.1626e-02
-1.1157e-03	-9.3507e-04	8.7201e-04	4.6170e-02	-1.3930e-02	4.5309e-02	-1.4346e-04	-2.3611e-04	0.0000e+00	-2.7359e-02	-3.5966e-02	2.1373e-02
-1.1664e-03	-6.1315e-04	1.3640e-03	5.3742e-02	-8.7618e-02	4.5382e-02	-5.0710e-05	3.2192e-04	4.9194e-04	7.5721e-03	-7.3688e-02	7.2900e-05
-1.6643e-03	-4.8821e-04	1.0470e-03	3.5916e-02	-1.2095e-01	2.9435e-02	-4.9790e-04	1.2493e-04	-3.1695e-04	-1.7827e-02	-3.3328e-02	-1.5946e-02
-1.1952e-03	-4.8821e-04	7.1376e-04	6.8362e-02	2.0287e-03	1.7926e-02	4.6905e-04	0.0000e+00	-3.3324e-04	3.2446e-02	1.2297e-01	-1.1510e-02
-9.8262e-04	-8.9808e-04	1.0122e-03	9.4873e-02	-1.3744e-02	-1.4953e-01	2.1260e-04	-4.0987e-04	2.9843e-04	2.6511e-02	-1.5772e-02	-1.6746e-01
-2.1808e-03	-1.2073e-03	8.7716e-04	8.0807e-02	-4.1186e-02	-9.7485e-03	-1.1982e-03	-3.0919e-04	-1.3503e-04	-1.4066e-02	-2.7443e-02	1.3978e-01
-2.0356e-03	-7.2421e-04	5.8312e-04	8.0803e-02	-5.3096e-02	8.0286e-02	1.4518e-04	4.8306e-04	-2.9404e-04	-3.7000e-06	-1.1910e-02	9.0034e-02
-7.8114e-04	-4.5285e-04	1.1114e-03	1.6421e-02	-1.1850e-01	1.9819e-01	1.2545e-03	2.7137e-04	5.2833e-04	-6.4382e-02	-6.5403e-02	1.1791e-01
-1.3682e-03	-5.2349e-04	1.5450e-03	7.3120e-03	-1.2812e-01	1.0791e-01	-5.8703e-04	-7.0642e-05	4.3359e-04	-9.1091e-03	-9.6180e-03	-9.0286e-02
-3.4210e-04	1.8094e-04	1.2192e-03	1.9067e-02	-1.7266e-01	9.4291e-02	1.0261e-03	7.0443e-04	-3.2581e-04	1.1755e-02	-4.4539e-02	-1.3617e-02
-1.3690e-03	3.3849e-04	1.1268e-03	1.0820e-02	-2.2642e-01	-2.1291e-01	-1.0269e-03	1.5755e-04	-9.2430e-05	-8.2473e-03	-5.3759e-02	-3.0720e-01
-2.1053e-03	4.3999e-04	1.0322e-03	1.9008e-02	-1.2829e-01	-8.6047e-02	-7.3624e-04	1.0150e-04	-9.4610e-05	8.1882e-03	9.8126e-02	1.2686e-01
-1.5838e-03	5.1370e-04	1.1674e-03	3.7034e-02	-1.6226e-01	-7.0655e-02	5.2143e-04	7.3710e-05	1.3518e-04	1.8026e-02	-3.3975e-02	1.5392e-02
-3.5305e-03	1.0160e-04	1.1490e-03	1.9045e-02	-2.3215e-01	7.2812e-03	-1.9466e-03	-4.1210e-04	-1.8380e-05	-1.7990e-02	-6.9890e-02	7.7936e-02
-2.4251e-03	2.5231e-04	1.1490e-03	4.4728e-02	-1.5570e-01	5.1208e-02	1.1054e-03	1.5071e-04	0.0000e+00	2.5684e-02	7.6452e-02	4.3927e-02
-3.1570e-03	2.6863e-04	1.1733e-03	4.3313e-02	-2.3138e-01	8.6358e-03	-7.3196e-04	1.6324e-05	2.4310e-05	-1.4155e-03	-7.5679e-02	-4.2572e-02
-3.1493e-03	1.0160e-04	8.4746e-04	2.8970e-02	-1.5671e-01	1.1224e-01	7.7900e-06	-1.6703e-04	-3.2584e-04	-1.4342e-02	7.4672e-02	1.0361e-01
-3.0900e-03	3.0248e-04	1.2013e-03	4.0594e-02	-2.5381e-01	4.4206e-02	5.9250e-05	2.0087e-04	3.5387e-04	1.1623e-02	-9.7103e-02	-6.8037e-02
-3.8402e-03	3.4704e-04	1.1435e-03	4.2686e-02	-1.9217e-01	1.0232e-01	-7.5020e-04	4.4560e-05	-5.7830e-05	2.0924e-03	6.1646e-02	5.8116e-02
-3.4079e-03	5.4763e-04	1.2780e-03	6.2012e-02	-2.5540e-01	3.7286e-02	4.3225e-04	2.0060e-04	1.3455e-04	1.9326e-02	-6.3234e-02	-6.5036e-02
-3.7726e-03	1.0160e-04	1.1989e-03	6.2010e-02	-1.3858e-01	1.0711e-01	-3.6464e-04	-4.4603e-04	-7.9110e-05	-2.4000e-06	1.1683e-01	6.9824e-02
-3.7424e-03	1.0160e-04	1.2968e-03	6.4584e-02	-2.0875e-01	5.1256e-02	3.0240e-05	0.0000e+00	9.7890e-05	2.5743e-03	-7.0178e-02	-5.5854e-02
-4.0758e-03	-5.9663e-05	1.1852e-03	6.2014e-02	-1.3873e-01	9.9259e-02	-3.3340e-04	-1.6126e-04	-1.1166e-04	-2.5702e-03	7.0018e-02	4.8003e-02
-4.0157e-03	1.0160e-04	9.7095e-04	6.2001e-02	-1.6066e-01	1.1591e-01	6.0050e-05	1.6126e-04	-2.1422e-04	-1.2900e-05	-2.1921e-02	1.6648e-02
-3.5678e-03	1.0160e-04	1.1852e-03	7.5867e-02	-1.3153e-01	5.9430e-02	4.4795e-04	0.0000e+00	2.1422e-04	1.3866e-02	2.9127e-02	-5.6477e-02
-3.9857e-03	-2.0533e-04	8.1987e-04	5.1257e-02	-1.7215e-01	3.2197e-02	-4.1792e-04	-3.0693e-04	-3.6530e-04	-2.4610e-02	-4.0621e-02	-2.7233e-02
-3.9655e-03	1.0160e-04	1.0266e-03	4.8646e-02	-2.0256e-01	3.8397e-02	2.0140e-05	3.0693e-04	2.0677e-04	-2.6113e-03	-3.0410e-02	6.2001e-03
-4.2616e-03	1.0160e-04	7.7306e-04	6.2026e-02	-1.9909e-01	7.1384e-02	-2.9605e-04	0.0000e+00	-2.5359e-04	1.3380e-02	3.4750e-03	3.2988e-02
-3.8338e-03	1.0160e-04	7.4914e-04	6.1991e-02	-1.5075e-01	9.4061e-02	4.2775e-04	0.0000e+00	-2.3912e-05	-3.5200e-05	4.8334e-02	2.2677e-02
-4.7126e-03	-1.4173e-03	1.0677e-03	6.6915e-02	-2.5792e-01	2.9666e-01	-8.7882e-04	-1.5189e-03	3.1853e-04	4.9242e-03	-1.0717e-01	2.0259e-01
-4.4986e-03	-1.0446e-03	1.0488e-03	8.4779e-02	-3.0388e-01	1.1589e-01	2.1408e-04	3.7265e-04	-1.8880e-05	1.7864e-02	-4.5963e-02	-1.8076e-01
-5.5789e-03	-5.7955e-04	6.9879e-04	7.8934e-02	-3.0407e-01	1.7017e-01	-1.0804e-03	4.6507e-04	-3.5000e-04	-5.8454e-03	-1.9400e-04	5.4274e-02
-5.6440e-03	-8.7810e-04	5.9616e-04	7.0892e-02	-3.1798e-01	1.9302e-01	-6.5030e-05	-2.9855e-04	-1.0263e-04	-8.0417e-03	-1.3903e-02	2.2850e-02
-4.7856e-03	-7.5113e-04	7.6632e-04	6.7184e-02	-2.6783e-01	1.9201e-01	8.5836e-04	1.2697e-04	1.7016e-04	-3.7081e-03	5.0145e-02	-1.0090e-03
-7.2315e-03	4.2066e-04	1.1047e-03	6.9382e-02	-3.4537e-01	2.4194e-01	-2.4459e-03	1.1718e-03	3.3840e-04	2.1984e-03	-7.7536e-02	4.9933e-02
-6.0520e-03	-1.3081e-04	1.1047e-03	5.1784e-02	-2.8722e-01	1.1254e-01	1.1795e-03	-5.5147e-04	0.0000e+00	-1.7598e-02	5.8148e-02	-1.2940e-01
-5.9599e-03	1.0465e-05	1.1412e-03	8.4242e-02	-2.4822e-01	8.9928e-02	9.2070e-05	1.4127e-04	3.6510e-05	3.2458e-02	3.8998e-02	-2.2610e-02
-6.3616e-03	-3.2134e-04	1.1777e-03	1.0228e-01	-3.1177e-01	1.1407e-01	-4.0164e-04	-3.3181e-04	3.6430e-05	1.8037e-02	-6.3545e-02	2.4142e-02
-7.4559e-03	-1.0883e-04	1.2567e-03	1.1543e-01	-3.1896e-01	1.8094e-01	-1.0943e-03	2.1251e-04	7.9040e-05	1.3152e-02	-7.1970e-03	6.6865e-02
-6.4165e-03	1.2105e-04	1.5245e-03	1.2278e-01	-3.0832e-01	1.2347e-01	1.0394e-03	2.2988e-04	2.6783e-04	7.3480e-03	1.0647e-02	-5.7468e-02
-7.4701e-03	3.7079e-05	1.5464e-03	1.0748e-01	-3.7132e-01	1.4661e-01	-1.0536e-03	-8.3967e-05	2.1840e-05	-1.5304e-02	-6.3001e-02	2.3142e-02
-7.0854e-03	-1.3810e-04	1.8164e-03	1.2807e-01	-2.7024e-01	1.5041e-01	3.8462e-04	-1.7518e-04	2.6999e-04	2.0595e-02	1.0108e-01	3.8040e-03
-7.0969e-03	3.8597e-05	1.6810e-03	1.1533e-01	-3.2292e-01	8.4184e-02	-1.1410e-05	1.7670e-04	-1.3531e-04	-1.2738e-02	-5.2682e-02	-6.6229e-02
-7.5642e-03	-1.3810e-04	1.5505e-03	1.1539e-01	-3.3592e-01	7.4439e-02	-4.6739e-04	-1.7670e-04	-1.3055e-04	5.7000e-05	-1.2997e-02	-9.7455e-03
-7.5321e-03	1.5509e-04	1.6647e-03	1.2264e-01	-2.7458e-01	1.4478e-01	3.2110e-05	2.9319e-04	1.1423e-04	7.2510e-03	6.1336e-02	7.0344e-02
-7.0269e-03	-1.3983e-04	1.8840e-03	1.5499e-01	-2.7024e-01	4.3515e-02	5.0522e-04	-2.9492e-04	2.1930e-04	3.2352e-02	4.3460e-03	-1.0127e-01
-8.1967e-03	-3.0014e-05	2.0696e-03	1.4242e-01	-3.1944e-01	1.3752e-01	-1.1698e-03	1.0981e-04	1.8555e-04	-1.2576e-02	-4.9205e-02	9.4007e-02
-7.4893e-03	-1.8730e-04	1.7200e-03	1.5740e-01	-2.4321e-01	1.6038e-01	7.0742e-04	-1.5728e-04	-3.4961e-04	1.4989e-02	7.6229e-02	2.2856e-02
-7.5290e-03	-1.1383e-04	2.0044e-03	1.6504e-01	-2.7675e-01	7.1665e-02	-3.9730e-05	7.3469e-05	2.8446e-04	7.6380e-03	-3.3539e-02	-8.8713e-02
-7.9521e-03	1.9567e-04	1.5581e-03	1.2046e-01	-3.1249e-01	1.7788e-01	-4.2304e-04	3.0950e-04	-4.4628e-04	-4.4586e-02	-3.5742e-02	1.0622e-01
-7.0396e-03	-1.5296e-04	1.4049e-03	1.5079e-01	-2.4209e-01	1.2053e-01	9.1249e-04	-3.4863e-04	-1.5328e-04	3.0335e-02	7.0406e-02	-5.7347e-02
-7.2383e-03	-5.3842e-04	1.6758e-03	1.5802e-01	-2.9747e-01	8.0566e-02	-1.9873e-04	-3.8546e-04	2.7091e-04	7.2290e-03	-5.5381e-02	-3.9968e-02
-7.6622e-03	-2.1263e-04	1.4593e-03	1.5254e-01	-2.7476e-01	1.6517e-01	-4.2391e-04	3.2580e-04	-2.1645e-04	-5.4860e-03	2.2712e-02	8.4605e-02
-7.1712e-03	-4.0292e-04	1.2634e-03	1.4649e-01	-2.1807e-01	2.1409e-01	4.9101e-04	-1.9030e-04	-1.9596e-04	-6.0460e-03	5.6683e-02	4.8917e-02
-6.5322e-03	-7.2709e-04	1.5620e-03	1.6786e-01	-2.1826e-01	1.1282e-01	6.3905e-04	-3.2417e-04	2.9860e-04	2.1367e-02	-1.8300e-04	-1.0126e-01
-7.6638e-03	-5.7104e-04	1.5914e-03	1.2849e-01	-3.7417e-01	2.3281e-01	-1.1316e-03	1.5605e-04	2.9460e-05	-3.9368e-02	-1.5591e-01	1.1999e-01
-8.0011e-03	6.0338e-05	1.3018e-03	1.1558e-01	-3.3291e-01	2.1150e-01	-3.3737e-04	6.3138e-04	-2.8967e-04	-1.2904e-02	4.1259e-02	-2.1314e-02
-6.9360e-03	-2.8222e-04	1.2573e-03	1.3717e-01	-3.0311e-01	1.4318e-01	1.0652e-03	-3.4255e-04	-4.4480e-05	2.1589e-02	2.9799e-02	-6.8322e-02
-7.5959e-03	-3.7769e-04	1.3008e-03	1.2914e-01	-3.7176e-01	1.6572e-01	-6.5997e-04	-9.5479e-05	4.3490e-05	-8.0300e-03	-6.8644e-02	2.2538e-02
-7.8245e-03	-1.4483e-04	1.2680e-03	1.2527e-01	-3.9838e-01	2.4732e-01	-2.2858e-04	2.3287e-04	-3.2740e-05	-3.8730e-03	-2.6620e-02	8.1603e-02
-7.2577e-03	3.2714e-05	1.3122e-03	1.3479e-01	-3.7592e-01	2.3239e-01	5.6681e-04	1.7754e-04	4.4150e-05	9.5190e-03	2.2458e-02	-1.4932e-02
-6.9271e-03	2.0037e-04	1.6661e-03	1.4497e-01	-3.9166e-01	1.1754e-01	3.3057e-04	1.6765e-04	3.5389e-04	1.0181e-02	-1.5740e-02	-1.1485e-01
-7.8502e-03	8.7872e-05	1.4705e-03	1.2466e-01	-4.3729e-01	2.4486e-01	-9.2307e-04	-1.1250e-04	-1.9553e-04	-2.0308e-02	-4.5629e-02	1.2732e-01
-6.9737e-03	2.7224e-04	1.6482e-03	1.5651e-01	-3.8030e-01	1.2183e-01	8.7653e-04	1.8437e-04	1.7766e-04	3.1853e-02	5.6988e-02	-1.2303e-01
-7.8820e-03	1.1591e-04	1.5582e-03	1.3993e-01	-4.7001e-01	1.6677e-01	-9.0830e-04	-1.5633e-04	-9.0030e-05	-1.6583e-02	-8.9714e-02	4.4937e-02
-7.6108e-03	1.3520e-04	1.1053e-03	1.5422e-01	-3.8633e-01	1.8923e-01	2.7121e-04	1.9288e-05	-4.5287e-04	1.4286e-02	8.3682e-02	2.2457e-02
-7.1834e-03	1.0068e-04	1.4286e-03	1.5588e-01	-4.0801e-01	6.5029e-02	4.2742e-04	-3.4515e-05	3.2331e-04	1.6570e-03	-2.1681e-02	-1.2420e-01
