3.9948e-03	2.0930e-04	2.5500e-03	4.7208e-02	2.3543e-01	1.3138e-01	0.0000e+00	0.0000e+00	0.0000e+00	0.0000e+00	0.0000e+00	0.0000e+00
1.6752e-03	-4.4256e-04	2.5627e-03	6.7612e-02	1.7245e-01	1.6379e-01	-2.3196e-03	-6.5186e-04	1.2720e-05	2.0404e-02	-6.2982e-02	3.2414e-02
-6.0437e-04	-4.3460e-04	2.5880e-03	7.0019e-02	1.6789e-01	1.9523e-01	-2.2796e-03	7.9540e-06	2.5230e-05	2.4071e-03	-4.5660e-03	3.1442e-02
-1.2492e-03	1.1783e-04	2.8919e-03	5.9901e-02	1.4734e-01	2.4449e-01	-6.4481e-04	5.5243e-04	3.0397e-04	-1.0118e-02	-2.0547e-02	4.9256e-02
-1.0622e-03	-1.3322e-04	2.5174e-03	7.4693e-02	1.4743e-01	2.1298e-01	1.8696e-04	-2.5105e-04	-3.7456e-04	1.4792e-02	9.3000e-05	-3.1504e-02
-1.5086e-03	-7.5706e-05	2.6074e-03	6.9985e-02	1.2759e-01	2.7460e-01	-4.4636e-04	5.7512e-05	9.0020e-05	-4.7077e-03	-1.9844e-02	6.1621e-02
-1.1453e-03	7.3021e-05	2.5415e-03	6.7453e-02	1.3041e-01	2.4107e-01	3.6327e-04	1.4873e-04	-6.5880e-05	-2.5316e-03	2.8240e-03	-3.3538e-02
-1.0919e-03	-8.6087e-05	2.8104e-03	6.9978e-02	1.3907e-01	2.2478e-01	5.3440e-05	-1.5911e-04	2.6890e-04	2.5244e-03	8.6620e-03	-1.6283e-02
-1.0643e-03	-1.1179e-04	2.8104e-03	6.9992e-02	1.4747e-01	1.9482e-01	2.7540e-05	-2.5706e-05	0.0000e+00	1.4800e-05	8.3930e-03	-2.9959e-02
-9.3917e-04	-4.5165e-04	2.6779e-03	6.4376e-02	1.6778e-01	1.5094e-01	1.2516e-04	-3.3985e-04	-1.3255e-04	-5.6165e-03	2.0318e-02	-4.3884e-02
-1.2269e-03	-9.5394e-06	2.8104e-03	5.1971e-02	1.2503e-01	1.6294e-01	-2.8772e-04	4.4211e-04	1.3255e-04	-1.2405e-02	-4.2757e-02	1.2000e-02
-1.4620e-03	-5.8099e-04	2.5132e-03	6.8187e-02	1.5378e-01	1.4709e-01	-2.3509e-04	-5.7145e-04	-2.9722e-04	1.6216e-02	2.8757e-02	-1.5848e-02
3.2307e-03	-4.5242e-04	2.4044e-03	5.2043e-02	2.0182e-01	9.1511e-02	4.6927e-03	1.2857e-04	-1.0878e-04	-1.6144e-02	4.8032e-02	-5.5582e-02
3.3366e-04	-5.8099e-04	2.3106e-03	4.9327e-02	1.3540e-01	1.4931e-01	-2.8971e-03	-1.2857e-04	-9.3810e-05	-2.7154e-03	-6.6414e-02	5.7802e-02
-7.2747e-05	-1.2676e-04	2.1772e-03	7.5437e-02	1.5843e-01	1.6135e-01	-4.0641e-04	4.5422e-04	-1.3339e-04	2.6110e-02	2.3024e-02	1.2038e-02
-1.1500e-04	-3.5522e-04	2.2002e-03	6.9681e-02	1.7789e-01	1.5576e-01	-4.2255e-05	-2.2845e-04	2.3000e-05	-5.7559e-03	1.9463e-02	-5.5960e-03
-2.3402e-04	-1.5791e-04	2.4017e-03	8.2209e-02	1.5409e-01	1.8542e-01	-1.1902e-04	1.9731e-04	2.0148e-04	1.2528e-02	-2.3795e-02	2.9666e-02
-6.9256e-04	-1.9880e-04	2.2648e-03	5.5474e-02	1.4723e-01	1.6001e-01	-4.5854e-04	-4.0891e-05	-1.3692e-04	-2.6736e-02	-6.8670e-03	-2.5406e-02
-1.2488e-03	-1.0440e-04	2.6093e-03	6.5199e-02	1.3960e-01	1.6810e-01	-5.5628e-04	9.4396e-05	3.4456e-04	9.7253e-03	-7.6280e-03	8.0830e-03
2.7813e-04	-2.7076e-04	2.1384e-03	3.6133e-02	1.3303e-01	9.4368e-02	1.5270e-03	-1.6635e-04	-4.7090e-04	-2.9066e-02	-6.5640e-03	-7.3730e-02
-5.0227e-04	-4.5702e-05	1.3858e-03	3.6194e-02	1.3939e-01	6.7272e-02	-7.8040e-04	2.2505e-04	-7.5268e-04	6.1000e-05	6.3520e-03	-2.7096e-02
-3.9667e-04	-2.2663e-04	1.5423e-03	4.3384e-02	1.3674e-01	7.2423e-02	1.0559e-04	-1.8093e-04	1.5653e-04	7.1895e-03	-2.6510e-03	5.1508e-03
-1.0555e-03	3.4763e-04	1.8474e-03	3.6152e-02	1.1844e-01	7.5718e-02	-6.5884e-04	5.7426e-04	3.0515e-04	-7.2321e-03	-1.8295e-02	3.2952e-03
-7.9531e-04	-2.2663e-04	1.3337e-03	3.6225e-02	1.3327e-01	6.8170e-02	2.6020e-04	-5.7426e-04	-5.1375e-04	7.3400e-05	1.4825e-02	-7.5482e-03
-1.2727e-03	-2.2663e-04	1.4896e-03	3.6221e-02	1.3162e-01	8.2889e-02	-4.7742e-04	0.0000e+00	1.5588e-04	-4.3000e-06	-1.6410e-03	1.4719e-02
-1.3848e-03	-2.2663e-04	1.5947e-03	4.1946e-02	1.4836e-01	7.6979e-02	-1.1212e-04	0.0000e+00	1.0510e-04	5.7248e-03	1.6740e-02	-5.9102e-03
-1.7095e-03	-1.5380e-04	1.3606e-03	3.6223e-02	1.3561e-01	7.6963e-02	-3.2465e-04	7.2831e-05	-2.3412e-04	-5.7224e-03	-1.2754e-02	-1.5700e-05
-1.3124e-03	1.4973e-05	1.3606e-03	4.2072e-02	1.1619e-01	7.6988e-02	3.9714e-04	1.6877e-04	0.0000e+00	5.8485e-03	-1.9421e-02	2.4300e-05
-1.1515e-03	-2.2663e-04	1.3606e-03	4.4548e-02	1.2126e-01	5.9100e-02	1.6082e-04	-2.4160e-04	0.0000e+00	2.4764e-03	5.0730e-03	-1.7888e-02
-1.5160e-03	2.5115e-04	1.5891e-03	4.5429e-02	1.1585e-01	9.3819e-02	-3.6443e-04	4.7778e-04	2.2858e-04	8.8100e-04	-5.4100e-03	3.4719e-02
6.5515e-04	2.5115e-04	1.0535e-03	3.8482e-02	1.5426e-01	5.3720e-02	2.1711e-03	0.0000e+00	-5.3561e-04	-6.9470e-03	3.8410e-02	-4.0099e-02
-1.3245e-04	2.5115e-04	1.0511e-03	3.8717e-02	1.5769e-01	7.2335e-02	-7.8760e-04	0.0000e+00	-2.4000e-06	2.3470e-04	3.4310e-03	1.8614e-02
-1.0662e-03	2.5115e-04	1.2696e-03	3.6217e-02	1.4571e-01	1.1283e-01	-9.3378e-04	0.0000e+00	2.1847e-04	-2.4998e-03	-1.1983e-02	4.0493e-02
-1.4291e-03	2.8474e-04	1.2696e-03	3.6214e-02	1.1590e-01	1.1577e-01	-3.6284e-04	3.3588e-05	0.0000e+00	-3.5000e-06	-2.9813e-02	2.9430e-03
-8.4632e-04	-4.3063e-05	1.4418e-03	3.6230e-02	1.1966e-01	6.0195e-02	5.8275e-04	-3.2780e-04	1.7221e-04	1.6400e-05	3.7610e-03	-5.5576e-02
-1.5696e-03	-4.3063e-05	1.4835e-03	3.6221e-02	8.5392e-02	8.4298e-02	-7.2327e-04	0.0000e+00	4.1720e-05	-9.0000e-06	-3.4267e-02	2.4103e-02
-1.5096e-03	-4.3063e-05	1.4126e-03	5.4910e-02	1.0559e-01	8.1518e-02	5.9960e-05	0.0000e+00	-7.0930e-05	1.8689e-02	2.0194e-02	-2.7801e-03
-2.0070e-03	-4.3063e-05	1.4254e-03	4.7561e-02	9.9165e-02	7.4355e-02	-4.9735e-04	0.0000e+00	1.2850e-05	-7.3493e-03	-6.4206e-03	-7.1626e-03
-2.3644e-03	2.3452e-04	1.2696e-03	3.5825e-02	8.4383e-02	1.2229e-01	-3.5745e-04	2.7758e-04	-1.5585e-04	-1.1736e-02	-1.4782e-02	4.7937e-02
-2.5505e-03	5.0863e-04	1.4807e-03	3.5802e-02	6.8643e-02	1.2225e-01	-1.8606e-04	2.7411e-04	2.1114e-04	-2.3000e-05	-1.5740e-02	-4.5000e-05
-9.2436e-04	3.4169e-05	1.0326e-03	3.5917e-02	1.3620e-01	6.4295e-02	1.6261e-03	-4.7446e-04	-4.4816e-04	1.1530e-04	6.7554e-02	-5.7952e-02
-8.6620e-04	-4.3063e-05	1.0326e-03	3.5915e-02	1.2122e-01	5.4260e-02	5.8155e-05	-7.7232e-05	0.0000e+00	-1.7000e-06	-1.4981e-02	-1.0035e-02
-1.3415e-03	-4.3063e-05	1.0326e-03	3.5915e-02	1.1622e-01	5.9702e-02	-4.7526e-04	0.0000e+00	0.0000e+00	0.0000e+00	-5.0000e-03	5.4421e-03
-2.1291e-03	-4.3063e-05	1.1582e-03	3.5902e-02	6.5635e-02	9.8140e-02	-7.8766e-04	0.0000e+00	1.2563e-04	-1.3400e-05	-5.0581e-02	3.8438e-02
-1.9669e-03	-4.3063e-05	1.0326e-03	3.5915e-02	6.4246e-02	7.1224e-02	1.6221e-04	0.0000e+00	-1.2563e-04	1.3400e-05	-1.3886e-03	-2.6916e-02
-2.2914e-03	-4.3063e-05	1.0326e-03	3.5915e-02	7.5414e-02	9.7844e-02	-3.2449e-04	0.0000e+00	0.0000e+00	0.0000e+00	1.1168e-02	2.6621e-02
-2.8441e-03	5.4701e-04	1.3820e-03	3.5837e-02	4.7280e-02	1.1714e-01	-5.5267e-04	5.9007e-04	3.4945e-04	-7.8400e-05	-2.8134e-02	1.9291e-02
-2.4959e-03	3.9290e-04	1.0967e-03	3.5917e-02	5.2734e-02	8.2780e-02	3.4813e-04	-1.5411e-04	-2.8531e-04	7.9800e-05	5.4533e-03	-3.4355e-02
-2.8691e-03	1.5296e-04	1.1611e-03	3.5917e-02	4.5283e-02	1.0879e-01	-3.7313e-04	-2.3994e-04	6.4410e-05	3.0000e-07	-7.4507e-03	2.6014e-02
-3.3046e-03	3.1493e-04	1.4409e-03	3.5842e-02	3.0818e-02	1.2972e-01	-4.3553e-04	1.6197e-04	2.7978e-04	-7.5000e-05	-1.4464e-02	2.0924e-02
-2.7694e-03	-4.3063e-05	1.0967e-03	3.5951e-02	5.1883e-02	8.0945e-02	5.3523e-04	-3.5799e-04	-3.4419e-04	1.0870e-04	2.1064e-02	-4.8773e-02
-2.4560e-03	5.6090e-04	1.4655e-03	2.8212e-02	5.6779e-02	1.0457e-01	3.1339e-04	6.0396e-04	3.6876e-04	-7.7384e-03	4.8959e-03	2.3620e-02
9.6923e-04	-3.2533e-05	1.4334e-03	1.5227e-02	8.0388e-02	-2.1292e-02	3.4252e-03	-5.9343e-04	-3.2070e-05	-1.2985e-02	2.3609e-02	-1.2586e-01
2.9260e-04	-2.0805e-04	4.0533e-04	1.9751e-02	9.9498e-02	-1.0204e-02	-6.7664e-04	-1.7551e-04	-1.0281e-03	4.5237e-03	1.9111e-02	1.1088e-02
3.3706e-03	-1.3346e-04	6.0810e-04	2.3186e-02	1.6985e-01	-6.8528e-02	3.0780e-03	7.4586e-05	2.0277e-04	3.4344e-03	7.0355e-02	-5.8324e-02
1.5311e-03	4.8349e-04	3.9846e-04	1.4804e-02	7.9737e-02	1.4630e-02	-1.8395e-03	6.1695e-04	-2.0964e-04	-8.3821e-03	-9.0116e-02	8.3158e-02
2.5278e-04	5.0581e-04	7.0704e-04	1.1426e-02	9.1822e-02	2.0941e-03	-1.2783e-03	2.2317e-05	3.0858e-04	-3.3771e-03	1.2085e-02	-1.2536e-02
5.5087e-04	1.1973e-04	5.9739e-04	1.8906e-02	1.0906e-01	1.9689e-02	2.9809e-04	-3.8608e-04	-1.0965e-04	7.4796e-03	1.7243e-02	1.7595e-02
6.1824e-04	1.7908e-04	5.8158e-04	1.6076e-02	8.7276e-02	7.0182e-02	6.7372e-05	5.9352e-05	-1.5805e-05	-2.8301e-03	-2.1789e-02	5.0493e-02
4.3523e-04	-3.9418e-05	7.0704e-04	1.5644e-02	8.1166e-02	4.6609e-02	-1.8301e-04	-2.1850e-04	1.2546e-04	-4.3170e-04	-6.1105e-03	-2.3574e-02
7.3756e-05	-3.9418e-05	7.0704e-04	2.2298e-02	6.6488e-02	6.6470e-02	-3.6148e-04	0.0000e+00	0.0000e+00	6.6535e-03	-1.4678e-02	1.9861e-02
-7.8587e-04	2.8220e-04	1.0693e-03	1.3818e-02	4.6220e-02	1.6961e-02	-8.5963e-04	3.2162e-04	3.6226e-04	-8.4796e-03	-2.0268e-02	-4.9509e-02
-4.1655e-04	4.6558e-04	1.0342e-03	1.5732e-02	6.6463e-02	2.0587e-02	3.6932e-04	1.8338e-04	-3.5080e-05	1.9135e-03	2.0243e-02	3.6259e-03
-7.3077e-04	2.2296e-04	5.4950e-04	2.7563e-02	5.2236e-02	-1.3425e-02	-3.1422e-04	-2.4262e-04	-4.8472e-04	1.1831e-02	-1.4227e-02	-3.4012e-02
-6.3719e-04	1.3706e-04	8.3767e-04	1.6763e-02	6.0034e-02	4.4856e-02	9.3578e-05	-8.5892e-05	2.8817e-04	-1.0800e-02	7.7988e-03	5.8281e-02
-2.5964e-04	-3.9418e-05	5.4950e-04	1.7747e-02	5.5179e-02	2.5048e-02	3.7756e-04	-1.7648e-04	-2.8818e-04	9.8460e-04	-4.8551e-03	-1.9808e-02
-6.4610e-04	4.5935e-04	6.6215e-04	1.6092e-02	7.5394e-02	6.0887e-02	-3.8646e-04	4.9877e-04	1.1266e-04	-1.6554e-03	2.0214e-02	3.5840e-02
-9.8781e-04	3.8347e-04	6.5107e-04	1.8797e-02	1.8687e-02	4.5445e-02	-3.4171e-04	-7.5882e-05	-1.1080e-05	2.7052e-03	-5.6706e-02	-1.5442e-02
-9.8781e-04	-2.5758e-05	8.9602e-04	2.2542e-02	3.1091e-02	4.1246e-02	1.0000e-09	-4.0923e-04	2.4495e-04	3.7448e-03	1.2403e-02	-4.1990e-03
-1.0627e-03	2.2091e-04	8.4401e-04	1.5049e-02	5.1453e-02	1.5604e-03	-7.4910e-05	2.4667e-04	-5.2014e-05	-7.4925e-03	2.0363e-02	-3.9686e-02
-9.8781e-04	2.2091e-04	8.5182e-04	1.8892e-02	3.9150e-02	3.3910e-02	7.4910e-05	0.0000e+00	7.8140e-06	3.8430e-03	-1.2303e-02	3.2349e-02
-1.6519e-03	4.3528e-04	9.7863e-04	1.1291e-02	1.7788e-02	3.7693e-02	-6.6406e-04	2.1437e-04	1.2681e-04	-7.6014e-03	-2.1363e-02	3.7837e-03
-8.1994e-04	2.2091e-04	6.5480e-04	6.9240e-03	4.3229e-02	2.7638e-02	8.3193e-04	-2.1437e-04	-3.2383e-04	-4.3670e-03	2.5441e-02	-1.0055e-02
-1.6463e-03	2.2091e-04	7.4336e-04	2.2281e-03	1.5345e-02	4.5167e-02	-8.2633e-04	0.0000e+00	8.8555e-05	-4.6960e-03	-2.7884e-02	1.7529e-02
-1.1698e-03	2.2091e-04	5.6036e-04	2.2617e-03	3.7254e-02	4.1265e-03	4.7646e-04	0.0000e+00	-1.8300e-04	3.3680e-05	2.1909e-02	-4.1040e-02
-1.9131e-03	2.2091e-04	7.5468e-04	7.9127e-03	1.1099e-02	5.6903e-02	-7.4332e-04	0.0000e+00	1.9432e-04	5.6510e-03	-2.6155e-02	5.2777e-02
-1.5361e-03	2.8835e-05	5.0846e-04	1.3640e-02	2.2430e-02	5.8903e-03	3.7699e-04	-1.9207e-04	-2.4622e-04	5.7268e-03	1.1331e-02	-5.1013e-02
-2.0829e-03	2.2091e-04	3.8494e-04	9.9503e-03	5.9028e-03	3.7851e-02	-5.4679e-04	1.9207e-04	-1.2352e-04	-3.6892e-03	-1.6527e-02	3.1961e-02
-1.4489e-03	2.2091e-04	3.8494e-04	1.0802e-02	1.8703e-02	-2.3426e-02	6.3400e-04	0.0000e+00	0.0000e+00	8.5126e-04	1.2800e-02	-6.1277e-02
-1.3679e-03	1.7099e-04	3.8494e-04	1.8698e-02	3.3606e-02	1.6939e-02	8.1000e-05	-4.9913e-05	0.0000e+00	7.8963e-03	1.4903e-02	4.0365e-02
-1.1553e-03	2.0708e-04	3.8494e-04	1.2470e-02	2.6838e-02	-3.5706e-03	2.1260e-04	3.6085e-05	0.0000e+00	-6.2279e-03	-6.7675e-03	-2.0509e-02
-1.3415e-03	2.7965e-04	2.4930e-04	1.8707e-02	2.1030e-02	3.1769e-02	-1.8617e-04	7.2573e-05	-1.3565e-04	6.2366e-03	-5.8078e-03	3.5340e-02
-1.1902e-03	5.3904e-04	3.8494e-04	1.8709e-02	1.2132e-02	9.3082e-03	1.5133e-04	2.5939e-04	1.3565e-04	2.0000e-06	-8.8986e-03	-2.2461e-02
-1.0562e-03	2.3013e-04	3.0947e-04	1.8722e-02	8.7923e-03	7.6228e-03	1.3394e-04	-3.0891e-04	-7.5472e-05	1.3100e-05	-3.3395e-03	-1.6854e-03
-1.3478e-03	1.7060e-04	3.8494e-04	1.8715e-02	1.6856e-02	2.7479e-02	-2.9155e-04	-5.9524e-05	7.5472e-05	-6.9000e-06	8.0642e-03	1.9856e-02
-1.3386e-03	1.7060e-04	3.8494e-04	1.8715e-02	-1.2050e-02	1.8566e-02	9.1800e-06	0.0000e+00	0.0000e+00	0.0000e+00	-2.8907e-02	-8.9134e-03
-4.3465e-04	-2.1788e-04	3.8494e-04	1.8699e-02	-2.3871e-03	7.6117e-03	9.0395e-04	-3.8848e-04	0.0000e+00	-1.6200e-05	9.6630e-03	-1.0954e-02
-1.8514e-03	6.3030e-04	6.3237e-04	9.0863e-03	-3.5846e-02	7.3791e-03	-1.4168e-03	8.4817e-04	2.4742e-04	-9.6123e-03	-3.3459e-02	-2.3258e-04
4.1413e-05	1.7060e-04	1.5976e-04	-3.4326e-05	1.7382e-02	-2.5452e-03	1.8928e-03	-4.5969e-04	-4.7260e-04	-9.1207e-03	5.3227e-02	-9.9244e-03
5.9443e-04	3.0342e-05	9.7351e-05	4.9970e-03	2.7415e-02	-4.2460e-02	5.5302e-04	-1.4026e-04	-6.2414e-05	5.0313e-03	1.0034e-02	-3.9914e-02
3.2705e-04	1.7060e-04	1.0757e-04	-3.3037e-05	2.7413e-02	1.6370e-02	-2.6738e-04	1.4026e-04	1.0219e-05	-5.0300e-03	-2.4000e-06	5.8829e-02
-5.6017e-06	3.0992e-04	2.9272e-04	-4.3172e-05	1.6296e-03	1.6376e-02	-3.3265e-04	1.3932e-04	1.8515e-04	-1.0134e-05	-2.5784e-02	6.1000e-06
5.5984e-04	-8.1797e-05	0.0000e+00	-5.2741e-05	2.1372e-02	-1.4351e-02	5.6544e-04	-3.9172e-04	-2.9272e-04	-9.5695e-06	1.9743e-02	-3.0726e-02
-9.9739e-04	-2.8739e-05	2.6833e-04	-7.0495e-05	-3.3043e-02	2.5616e-02	-1.5572e-03	5.3058e-05	2.6833e-04	-1.7754e-05	-5.4415e-02	3.9967e-02
2.7882e-04	-1.4988e-04	-6.4038e-05	-5.7827e-07	-1.4688e-03	-3.8395e-02	1.2762e-03	-1.2114e-04	-3.3237e-04	6.9917e-05	3.1574e-02	-6.4012e-02
-4.6218e-04	-0.0000e+00	1.1959e-04	-5.8531e-03	-1.6733e-02	1.4970e-02	-7.4100e-04	1.4988e-04	1.8363e-04	-5.8525e-03	-1.5265e-02	5.3366e-02
0.0000e+00	-7.7381e-05	0.0000e+00	-5.5371e-06	0.0000e+00	-4.9054e-02	4.6218e-04	-7.7381e-05	-1.1959e-04	5.8475e-03	1.6733e-02	-6.4024e-02
0.0000e+00	-0.0000e+00	0.0000e+00	0.0000e+00	0.0000e+00	0.0000e+00	0.0000e+00	7.7381e-05	0.0000e+00	5.5371e-06	0.0000e+00	4.9054e-02
1.3364e-03	-1.1080e-04	-3.2623e-04	-1.1096e-05	2.3348e-02	-1.6808e-02	1.3364e-03	-1.1080e-04	-3.2623e-04	-1.1096e-05	2.3348e-02	-1.6808e-02
-6.8506e-04	-1.7029e-04	-2.6466e-04	1.1676e-02	-3.9452e-02	3.9236e-02	-2.0215e-03	-5.9490e-05	6.1563e-05	1.1687e-02	-6.2800e-02	5.6044e-02
-1.7057e-03	2.1274e-04	-1.0588e-22	-1.4989e-05	-7.5053e-02	7.1317e-02	-1.0207e-03	3.8303e-04	2.6466e-04	-1.1691e-02	-3.5601e-02	3.2080e-02
-7.2326e-04	-2.4431e-04	-1.6119e-04	3.1570e-05	-4.6774e-02	-3.8270e-03	9.8247e-04	-4.5705e-04	-1.6119e-04	4.6559e-05	2.8279e-02	-7.5144e-02
1.3929e-03	3.2584e-04	0.0000e+00	5.7327e-05	-1.0932e-02	-2.7299e-02	2.1162e-03	5.7015e-04	1.6119e-04	2.5757e-05	3.5841e-02	-2.3472e-02
6.5211e-04	1.9754e-04	1.4880e-04	7.9749e-03	-1.4779e-02	-4.4330e-02	-7.4081e-04	-1.2830e-04	1.4880e-04	7.9176e-03	-3.8470e-03	-1.7032e-02
7.6171e-04	1.9754e-04	0.0000e+00	5.1857e-05	-2.5393e-02	1.8187e-02	1.0960e-04	0.0000e+00	-1.4880e-04	-7.9230e-03	-1.0614e-02	6.2518e-02
8.9602e-04	1.9754e-04	0.0000e+00	5.1857e-05	-2.4555e-02	-1.9372e-02	1.3431e-04	0.0000e+00	0.0000e+00	0.0000e+00	8.3800e-04	-3.7559e-02
1.9773e-04	1.9754e-04	0.0000e+00	5.1857e-05	-4.2375e-02	4.2239e-02	-6.9829e-04	0.0000e+00	0.0000e+00	0.0000e+00	-1.7821e-02	6.1611e-02
5.0351e-04	1.9754e-04	-2.1742e-04	6.3275e-05	-2.2590e-02	-2.3571e-02	3.0578e-04	0.0000e+00	-2.1742e-04	1.1418e-05	1.9786e-02	-6.5810e-02
-2.3111e-04	3.2885e-05	0.0000e+00	4.6384e-05	-5.0943e-02	1.5134e-02	-7.3462e-04	-1.6466e-04	2.1742e-04	-1.6891e-05	-2.8353e-02	3.8705e-02
-9.1812e-04	2.4087e-05	-1.2165e-04	8.0718e-05	-6.3491e-02	-9.3438e-03	-6.8701e-04	-8.7980e-06	-1.2165e-04	3.4334e-05	-1.2548e-02	-2.4478e-02
-1.4202e-03	1.2016e-04	3.1736e-05	5.3466e-05	-8.1782e-02	3.9420e-02	-5.0203e-04	9.6077e-05	1.5338e-04	-2.7252e-05	-1.8291e-02	4.8763e-02
-5.8063e-04	-1.2647e-04	-4.0894e-04	1.4374e-04	-8.1752e-02	-2.4136e-02	8.3952e-04	-2.4663e-04	-4.4068e-04	9.0277e-05	3.0400e-05	-6.3556e-02
-9.3733e-04	4.9322e-05	-7.6689e-05	7.8119e-05	-9.2588e-02	4.7459e-02	-3.5670e-04	1.7579e-04	3.3225e-04	-6.5624e-05	-1.0836e-02	7.1595e-02
-5.1888e-04	2.0553e-04	-4.7992e-05	7.0852e-05	-8.8957e-02	6.7074e-03	4.1845e-04	1.5621e-04	2.8697e-05	-7.2668e-06	3.6300e-03	-4.0751e-02
-8.1109e-04	-5.1269e-05	-1.4544e-05	5.4621e-05	-9.5374e-02	5.6949e-02	-2.9221e-04	-2.5680e-04	3.3448e-05	-1.6231e-05	-6.4161e-03	5.0241e-02
7.0858e-04	-9.1511e-05	-4.0894e-04	1.5321e-04	-6.0304e-02	-1.5460e-02	1.5197e-03	-4.0242e-05	-3.9440e-04	9.8584e-05	3.5069e-02	-7.2408e-02
6.8934e-04	-8.2284e-05	-4.0894e-04	1.4483e-04	-6.0296e-02	-7.2738e-03	-1.9245e-05	9.2270e-06	0.0000e+00	-8.3780e-06	8.5000e-06	8.1860e-03
6.8934e-04	-8.2284e-05	-4.0894e-04	5.0707e-03	-6.0296e-02	-1.5695e-02	0.0000e+00	0.0000e+00	0.0000e+00	4.9259e-03	0.0000e+00	-8.4208e-03
6.8934e-04	-8.2284e-05	-2.0605e-04	1.2634e-04	-9.5274e-02	2.9573e-02	0.0000e+00	0.0000e+00	2.0289e-04	-4.9443e-03	-3.4978e-02	4.5268e-02
4.1301e-03	3.9607e-04	-4.0894e-04	2.3178e-04	-1.4828e-02	-9.8951e-02	3.4407e-03	4.7836e-04	-2.0289e-04	1.0543e-04	8.0446e-02	-1.2852e-01
1.9446e-02	2.5682e-03	-2.2335e-03	-9.6306e-02	1.7671e-01	-2.9749e-01	1.5316e-02	2.1721e-03	-1.8246e-03	-9.6538e-02	1.9154e-01	-1.9854e-01
7.4585e-03	5.8029e-04	-1.4300e-03	-6.5690e-02	-6.2661e-02	-8.2951e-02	-1.1988e-02	-1.9879e-03	8.0356e-04	3.0616e-02	-2.3937e-01	2.1453e-01
6.7456e-03	5.5867e-04	-1.4300e-03	-5.7299e-02	-1.9391e-02	-1.5218e-01	-7.1286e-04	-2.1617e-05	0.0000e+00	8.3904e-03	4.3270e-02	-6.9226e-02
1.2168e-02	1.4575e-03	-1.2857e-03	-8.1155e-02	1.0444e-01	-3.6333e-01	5.4228e-03	8.9886e-04	1.4430e-04	-2.3855e-02	1.2383e-01	-2.1116e-01
8.9853e-03	8.2959e-04	-1.8601e-03	-8.1346e-02	4.8745e-02	-2.0203e-01	-3.1831e-03	-6.2794e-04	-5.7439e-04	-1.9130e-04	-5.5691e-02	1.6131e-01
6.3502e-03	1.3718e-03	-1.5585e-03	-8.8908e-02	1.6648e-02	-8.1500e-02	-2.6351e-03	5.4218e-04	3.0153e-04	-7.5618e-03	-3.2097e-02	1.2052e-01
6.4485e-03	9.8753e-04	-1.9266e-03	-8.3739e-02	5.8427e-03	-1.6087e-01	9.8330e-05	-3.8424e-04	-3.6805e-04	5.1687e-03	-1.0805e-02	-7.9368e-02
6.2232e-03	1.1295e-03	-1.7879e-03	-9.7230e-02	7.5321e-03	-9.6090e-02	-2.2529e-04	1.4200e-04	1.3870e-04	-1.3491e-02	1.6894e-03	6.4778e-02
7.7442e-03	1.0148e-03	-2.3293e-03	-9.7350e-02	3.6592e-02	-1.8012e-01	1.5209e-03	-1.1477e-04	-5.4135e-04	-1.2050e-04	2.9060e-02	-8.4033e-02
7.6481e-03	9.6429e-04	-1.8067e-03	-9.1494e-02	3.2097e-02	-1.2865e-01	-9.6120e-05	-5.0471e-05	5.2258e-04	5.8569e-03	-4.4958e-03	5.1469e-02
6.4862e-03	1.1037e-03	-1.7376e-03	-9.7342e-02	2.5713e-03	-1.1598e-01	-1.1618e-03	1.3944e-04	6.9060e-05	-5.8482e-03	-2.9525e-02	1.2678e-02
6.7465e-03	9.1326e-04	-1.9266e-03	-9.7361e-02	6.6152e-03	-1.2921e-01	2.6034e-04	-1.9047e-04	-1.8899e-04	-1.9400e-05	4.0439e-03	-1.3236e-02
6.2588e-03	9.2383e-04	-1.9266e-03	-1.0781e-01	-2.0557e-02	-9.6988e-02	-4.8773e-04	1.0573e-05	0.0000e+00	-1.0451e-02	-2.7173e-02	3.2224e-02
6.7333e-03	6.8489e-04	-2.1693e-03	-8.5619e-02	-7.8134e-04	-1.0106e-01	4.7447e-04	-2.3894e-04	-2.4271e-04	2.2193e-02	1.9776e-02	-4.0672e-03
6.7684e-03	8.1215e-04	-1.9266e-03	-9.4851e-02	-7.7121e-04	-9.3289e-02	3.5080e-05	1.2726e-04	2.4271e-04	-9.2321e-03	1.0133e-05	7.7659e-03
5.1513e-03	9.1320e-04	-1.9266e-03	-8.2915e-02	-4.3307e-02	-9.2121e-02	-1.6170e-03	1.0104e-04	0.0000e+00	1.1937e-02	-4.2536e-02	1.1682e-03
5.1513e-03	8.0189e-04	-2.0104e-03	-8.1871e-02	-4.3315e-02	-9.5951e-02	0.0000e+00	-1.1131e-04	-8.3850e-05	1.0431e-03	-7.4000e-06	-3.8298e-03
5.1513e-03	8.3608e-04	-2.0803e-03	-9.4755e-02	-4.9362e-02	-8.6417e-02	0.0000e+00	3.4194e-05	-6.9900e-05	-1.2884e-02	-6.0470e-03	9.5336e-03
7.0753e-03	6.9090e-04	-2.3416e-03	-8.9539e-02	-1.5915e-03	-1.5418e-01	1.9239e-03	-1.4518e-04	-2.6122e-04	5.2161e-03	4.7770e-02	-6.7765e-02
4.8949e-03	7.8640e-04	-2.0061e-03	-9.4848e-02	-7.1589e-02	-4.8504e-02	-2.1804e-03	9.5503e-05	3.3552e-04	-5.3087e-03	-6.9997e-02	1.0568e-01
7.2250e-03	7.2300e-04	-2.3416e-03	-9.4741e-02	-1.4694e-02	-1.5159e-01	2.3302e-03	-6.3404e-05	-3.3552e-04	1.0680e-04	5.6895e-02	-1.0309e-01
7.2149e-03	7.6552e-04	-2.3416e-03	-9.4722e-02	-2.1486e-02	-1.5776e-01	-1.0120e-05	4.2521e-05	0.0000e+00	1.8600e-05	-6.7922e-03	-6.1670e-03
6.5449e-03	9.1126e-04	-2.0676e-03	-1.0016e-01	-3.9146e-02	-1.1149e-01	-6.7000e-04	1.4574e-04	2.7395e-04	-5.4409e-03	-1.7660e-02	4.6271e-02
7.1503e-03	8.6065e-04	-2.3416e-03	-9.4699e-02	-2.4139e-02	-1.6492e-01	6.0544e-04	-5.0614e-05	-2.7395e-04	5.4638e-03	1.5007e-02	-5.3435e-02
5.7075e-03	9.2144e-04	-2.0554e-03	-9.4813e-02	-5.6642e-02	-9.6511e-02	-1.4428e-03	6.0790e-05	2.8618e-04	-1.1420e-04	-3.2503e-02	6.8411e-02
5.1225e-03	7.9911e-04	-2.3416e-03	-1.0144e-01	-7.3965e-02	-1.2394e-01	-5.8504e-04	-1.2233e-04	-2.8618e-04	-6.6306e-03	-1.7323e-02	-2.7433e-02
4.4384e-03	7.7240e-04	-2.1883e-03	-9.6895e-02	-7.3863e-02	-6.8487e-02	-6.8409e-04	-2.6708e-05	1.5325e-04	4.5487e-03	1.0160e-04	5.5457e-02
4.0196e-03	9.7328e-04	-1.8361e-03	-9.4853e-02	-9.2069e-02	-5.6375e-02	-4.1881e-04	2.0088e-04	3.5226e-04	2.0418e-03	-1.8206e-02	1.2111e-02
4.7130e-03	7.2162e-04	-2.3416e-03	-9.4771e-02	-9.1333e-02	-8.9446e-02	6.9346e-04	-2.5166e-04	-5.0551e-04	8.2000e-05	7.3660e-04	-3.3071e-02
3.8187e-03	9.6540e-04	-2.1446e-03	-9.6845e-02	-1.1983e-01	-6.4016e-02	-8.9435e-04	2.4378e-04	1.9693e-04	-2.0739e-03	-2.8493e-02	2.5431e-02
4.3657e-03	7.0411e-04	-2.3416e-03	-9.4767e-02	-1.1079e-01	-1.1929e-01	5.4697e-04	-2.6130e-04	-1.9693e-04	2.0788e-03	9.0380e-03	-5.5279e-02
4.0291e-03	7.1618e-04	-2.1592e-03	-1.1033e-01	-1.2671e-01	-3.7923e-02	-3.3657e-04	1.2079e-05	1.8237e-04	-1.5566e-02	-1.5920e-02	8.1372e-02
7.1888e-03	8.5711e-04	-2.3416e-03	-1.0332e-01	-8.2101e-02	-1.9216e-01	3.1597e-03	1.4092e-04	-1.8237e-04	7.0100e-03	4.4607e-02	-1.5423e-01
4.3135e-03	7.9159e-04	-2.3416e-03	-9.4713e-02	-1.3778e-01	-8.6915e-02	-2.8753e-03	-6.5514e-05	0.0000e+00	8.6103e-03	-5.5684e-02	1.0524e-01
5.0834e-03	8.1948e-04	-2.3416e-03	-8.9654e-02	-1.0499e-01	-1.0159e-01	7.6992e-04	2.7882e-05	0.0000e+00	5.0588e-03	3.2797e-02	-1.4679e-02
4.0658e-03	9.6168e-04	-2.1231e-03	-8.4444e-02	-1.2297e-01	-8.9105e-02	-1.0176e-03	1.4221e-04	2.1843e-04	5.2099e-03	-1.7979e-02	1.2489e-02
5.2783e-03	5.2693e-04	-2.3416e-03	-8.5379e-02	-1.1190e-01	-1.1393e-01	1.2125e-03	-4.3476e-04	-2.1843e-04	-9.3470e-04	1.1067e-02	-2.4827e-02
3.8310e-03	8.0231e-04	-2.3416e-03	-9.2617e-02	-1.5400e-01	-4.8391e-02	-1.4473e-03	2.7538e-04	0.0000e+00	-7.2383e-03	-4.2103e-02	6.5541e-02
4.3192e-03	5.8870e-04	-2.5530e-03	-9.4394e-02	-1.4071e-01	-5.2070e-02	4.8816e-04	-2.1362e-04	-2.1139e-04	-1.7767e-03	1.3295e-02	-3.6789e-03
4.3937e-03	8.0083e-04	-2.3416e-03	-9.5952e-02	-1.4171e-01	-7.8001e-02	7.4460e-05	2.1214e-04	2.1131e-04	-1.5588e-03	-1.0000e-03	-2.5931e-02
5.1866e-03	7.2816e-04	-2.7440e-03	-9.1430e-02	-1.2312e-01	-8.3061e-02	7.9294e-04	-7.2670e-05	-4.0238e-04	4.5228e-03	1.8583e-02	-5.0599e-03
4.3246e-03	7.2816e-04	-2.5271e-03	-7.7503e-02	-1.6892e-01	-1.0817e-01	-8.6198e-04	0.0000e+00	2.1697e-04	1.3927e-02	-4.5796e-02	-2.5109e-02
5.1021e-03	7.2816e-04	-2.3967e-03	-8.6100e-02	-1.4940e-01	-1.1290e-01	7.7748e-04	0.0000e+00	1.3039e-04	-8.5975e-03	1.9520e-02	-4.7320e-03
4.3496e-03	8.6496e-04	-2.5038e-03	-9.2893e-02	-1.5398e-01	-1.1143e-01	-7.5247e-04	1.3680e-04	-1.0709e-04	-6.7927e-03	-4.5760e-03	1.4700e-03
4.8546e-03	6.7192e-04	-2.7440e-03	-9.3727e-02	-1.4172e-01	-1.1135e-01	5.0495e-04	-1.9305e-04	-2.4027e-04	-8.3370e-04	1.2258e-02	8.1000e-05
4.0777e-03	7.2816e-04	-2.5573e-03	-9.3754e-02	-1.6220e-01	-7.1650e-02	-7.7692e-04	5.6244e-05	1.8671e-04	-2.7500e-05	-2.0478e-02	3.9702e-02
4.8785e-03	7.2816e-04	-2.7440e-03	-9.3720e-02	-1.4354e-01	-1.0949e-01	8.0087e-04	0.0000e+00	-1.8670e-04	3.4400e-05	1.8657e-02	-3.7839e-02
4.6969e-03	6.6401e-04	-2.7440e-03	-9.3727e-02	-1.5174e-01	-8.4560e-02	-1.8167e-04	-6.4151e-05	-1.0000e-08	-7.3000e-06	-8.2010e-03	2.4929e-02
3.2283e-03	6.1283e-04	-2.5612e-03	-9.3794e-02	-1.9164e-01	-1.0997e-01	-1.4686e-03	-5.1186e-05	1.8281e-04	-6.7000e-05	-3.9902e-02	-2.5410e-02
5.2248e-03	6.9834e-04	-2.6914e-03	-9.3709e-02	-1.6241e-01	-1.0965e-01	1.9965e-03	8.5514e-05	-1.3015e-04	8.5400e-05	2.9236e-02	3.2000e-04
4.5305e-03	5.5786e-04	-2.7440e-03	-9.9996e-02	-1.8149e-01	-1.3623e-01	-6.9426e-04	-1.4048e-04	-5.2650e-05	-6.2875e-03	-1.9083e-02	-2.6581e-02
4.2235e-03	7.2043e-04	-2.7440e-03	-9.9554e-02	-1.8959e-01	-9.1459e-02	-3.0701e-04	1.6258e-04	0.0000e+00	4.4160e-04	-8.0960e-03	4.4772e-02
3.2718e-03	6.0459e-04	-2.7440e-03	-1.0259e-01	-1.9984e-01	-1.1674e-01	-9.5172e-04	-1.1584e-04	-1.0000e-08	-3.0336e-03	-1.0249e-02	-2.5282e-02
3.5791e-03	7.7241e-04	-2.7440e-03	-9.6081e-02	-1.9987e-01	-8.8289e-02	3.0728e-04	1.6782e-04	0.0000e+00	6.5069e-03	-3.2000e-05	2.8452e-02
4.7140e-03	5.5670e-04	-2.7440e-03	-1.0062e-01	-1.6723e-01	-1.3415e-01	1.1350e-03	-2.1571e-04	0.0000e+00	-4.5399e-03	3.2641e-02	-4.5862e-02
4.8176e-03	5.5670e-04	-2.9143e-03	-9.3690e-02	-1.7863e-01	-1.0903e-01	1.0359e-04	0.0000e+00	-1.7029e-04	6.9311e-03	-1.1399e-02	2.5124e-02
4.3873e-03	7.7679e-04	-2.5389e-03	-1.0140e-01	-1.7850e-01	-1.3669e-01	-4.3033e-04	2.2008e-04	3.7541e-04	-7.7071e-03	1.2400e-04	-2.7658e-02
3.2511e-03	7.5929e-04	-2.5998e-03	-9.3715e-02	-2.2607e-01	-9.1216e-02	-1.1363e-03	-1.7492e-05	-6.0860e-05	7.6815e-03	-4.7570e-02	4.5469e-02
4.7499e-03	5.6147e-04	-2.7440e-03	-9.3673e-02	-1.8060e-01	-1.5843e-01	1.4988e-03	-1.9782e-04	-1.4426e-04	4.2700e-05	4.5467e-02	-6.7211e-02
2.6176e-03	6.6408e-04	-2.7440e-03	-9.3691e-02	-2.0537e-01	-1.0549e-01	-2.1323e-03	1.0261e-04	1.0000e-08	-1.8300e-05	-2.4764e-02	5.2936e-02
2.4664e-03	5.1775e-04	-2.7440e-03	-9.3724e-02	-2.1959e-01	-7.4288e-02	-1.5119e-04	-1.4633e-04	0.0000e+00	-3.2600e-05	-1.4217e-02	3.1203e-02
2.7854e-03	3.3485e-04	-2.7440e-03	-9.3728e-02	-2.3249e-01	-1.0863e-01	3.1901e-04	-1.8290e-04	0.0000e+00	-4.5000e-06	-1.2909e-02	-3.4341e-02
2.5881e-03	5.3630e-04	-2.7440e-03	-8.4378e-02	-2.3247e-01	-1.0871e-01	-1.9734e-04	2.0145e-04	0.0000e+00	9.3505e-03	2.2000e-05	-7.8000e-05
1.6434e-03	6.0684e-04	-2.2571e-03	-8.4805e-02	-2.7875e-01	-7.2915e-02	-9.4468e-04	7.0537e-05	4.8689e-04	-4.2750e-04	-4.6283e-02	3.5792e-02
4.7700e-03	7.8936e-04	-2.5231e-03	-8.6433e-02	-1.9989e-01	-1.3524e-01	3.1266e-03	1.8252e-04	-2.6594e-04	-1.6277e-03	7.8870e-02	-6.2326e-02
3.8368e-03	7.8936e-04	-2.4630e-03	-8.4919e-02	-2.1589e-01	-1.4203e-01	-9.3322e-04	0.0000e+00	6.0050e-05	1.5134e-03	-1.6007e-02	-6.7930e-03
3.6662e-03	8.7765e-04	-2.7440e-03	-7.4482e-02	-2.0390e-01	-1.5298e-01	-1.7056e-04	8.8290e-05	-2.8100e-04	1.0437e-02	1.1991e-02	-1.0945e-02
3.8368e-03	8.2886e-04	-2.5091e-03	-7.4510e-02	-2.1326e-01	-1.2373e-01	1.7056e-04	-4.8786e-05	2.3494e-04	-2.7500e-05	-9.3540e-03	2.9252e-02
4.8085e-03	6.7590e-04	-2.9143e-03	-7.4495e-02	-2.1346e-01	-1.5406e-01	9.7169e-04	-1.5296e-04	-4.0523e-04	1.4400e-05	-2.0000e-04	-3.0336e-02
3.5241e-03	6.4328e-04	-2.3971e-03	-8.7499e-02	-2.3567e-01	-1.0139e-01	-1.2844e-03	-3.2621e-05	5.1723e-04	-1.3004e-02	-2.2216e-02	5.2668e-02
2.6009e-03	4.6733e-04	-2.9124e-03	-8.6535e-02	-2.6298e-01	-1.0723e-01	-9.2319e-04	-1.7595e-04	-5.1529e-04	9.6480e-04	-2.7313e-02	-5.8330e-03
4.6468e-03	7.9431e-04	-2.4859e-03	-9.0471e-02	-2.3546e-01	-1.0674e-01	2.0459e-03	3.2699e-04	4.2648e-04	-3.9369e-03	2.7524e-02	4.9100e-04
5.7154e-03	3.8882e-04	-2.6995e-03	-9.4345e-02	-2.0196e-01	-1.6181e-01	1.0685e-03	-4.0549e-04	-2.1358e-04	-3.8739e-03	3.3504e-02	-5.5068e-02
2.6987e-03	7.0121e-04	-2.4461e-03	-9.2417e-02	-2.7318e-01	-4.6018e-02	-3.0167e-03	3.1239e-04	2.5341e-04	1.9279e-03	-7.1225e-02	1.1579e-01
9.8401e-03	5.1396e-04	-2.7143e-03	-8.4391e-02	-1.2095e-01	-2.6991e-01	7.1414e-03	-1.8725e-04	-2.6826e-04	8.0263e-03	1.5223e-01	-2.2389e-01
