9.3742e-03	-3.4435e-03	3.0434e-04	-5.2355e-03	2.4591e-01	-5.0909e-01	0.0000e+00	0.0000e+00	0.0000e+00	0.0000e+00	0.0000e+00	0.0000e+00
9.4471e-03	-4.5078e-03	2.7553e-04	-7.4529e-03	3.4809e-01	-5.1658e-01	7.2960e-05	-1.0643e-03	-2.8806e-05	-2.2175e-03	1.0218e-01	-7.4930e-03
8.1007e-03	-4.4362e-03	5.9365e-04	-1.0947e-02	3.0092e-01	-4.1585e-01	-1.3465e-03	7.1570e-05	3.1812e-04	-3.4944e-03	-4.7164e-02	1.0074e-01
8.4318e-03	-5.0210e-03	5.7486e-04	-6.3063e-03	3.5242e-01	-4.2380e-01	3.3115e-04	-5.8473e-04	-1.8791e-05	4.6410e-03	5.1496e-02	-7.9580e-03
5.0694e-03	-4.3186e-03	8.4304e-04	7.7771e-03	2.9743e-01	-3.0301e-01	-3.3625e-03	7.0239e-04	2.6817e-04	1.4083e-02	-5.4990e-02	1.2080e-01
5.3417e-03	-4.3696e-03	9.8200e-04	2.3768e-02	3.1274e-01	-2.6312e-01	2.7228e-04	-5.1050e-05	1.3897e-04	1.5991e-02	1.5306e-02	3.9887e-02
4.0253e-03	-4.3964e-03	1.0675e-03	3.1773e-02	2.9590e-01	-1.3009e-01	-1.3163e-03	-2.6720e-05	8.5507e-05	8.0053e-03	-1.6840e-02	1.3303e-01
5.1398e-03	-4.0646e-03	7.8352e-04	3.1294e-02	3.4534e-01	-1.7303e-01	1.1145e-03	3.3178e-04	-2.8399e-04	-4.7920e-04	4.9446e-02	-4.2939e-02
3.7098e-03	-3.0468e-03	4.9771e-04	2.5623e-02	2.6249e-01	-1.1624e-01	-1.4300e-03	1.0177e-03	-2.8581e-04	-5.6711e-03	-8.2852e-02	5.6792e-02
4.7352e-03	-3.6198e-03	4.9771e-04	2.9101e-02	3.3116e-01	-1.2648e-01	1.0254e-03	-5.7301e-04	0.0000e+00	3.4781e-03	6.8672e-02	-1.0249e-02
2.6087e-03	-3.2100e-03	9.3999e-04	3.2193e-02	2.4008e-01	-1.0736e-01	-2.1265e-03	4.0983e-04	4.4229e-04	3.0924e-03	-9.1077e-02	1.9123e-02
3.6204e-03	-3.6199e-03	4.9771e-04	3.2641e-02	3.0144e-01	-1.3602e-01	1.0117e-03	-4.0984e-04	-4.4229e-04	4.4740e-04	6.1359e-02	-2.8662e-02
2.7717e-03	-3.5016e-03	5.8805e-04	3.2650e-02	2.4582e-01	-6.3623e-02	-8.4873e-04	1.1822e-04	9.0341e-05	9.4000e-06	-5.5628e-02	7.2400e-02
2.1467e-03	-3.2606e-03	6.1416e-04	3.7462e-02	2.8560e-01	-3.3084e-02	-6.2499e-04	2.4109e-04	2.6110e-05	4.8118e-03	3.9788e-02	3.0539e-02
2.7765e-03	-3.1564e-03	6.2427e-04	3.3689e-02	2.2449e-01	-9.7143e-02	6.2976e-04	1.0417e-04	1.0108e-05	-3.7733e-03	-6.1117e-02	-6.4059e-02
1.6561e-03	-2.7230e-03	3.5603e-04	1.7645e-02	2.5512e-01	-2.2889e-01	-1.1204e-03	4.3343e-04	-2.6824e-04	-1.6043e-02	3.0632e-02	-1.3175e-01
2.9590e-03	-2.9481e-03	-5.4216e-04	1.8068e-02	2.3967e-01	-4.0094e-01	1.3029e-03	-2.2519e-04	-8.9819e-04	4.2260e-04	-1.5453e-02	-1.7205e-01
5.6065e-04	-2.7413e-03	7.8532e-04	3.2037e-02	1.4682e-01	-1.5643e-01	-2.3984e-03	2.0686e-04	1.3275e-03	1.3969e-02	-9.2847e-02	2.4451e-01
3.3161e-03	-2.8476e-03	5.4775e-05	1.8290e-02	2.0832e-01	-3.0012e-01	2.7554e-03	-1.0634e-04	-7.3055e-04	-1.3747e-02	6.1502e-02	-1.4368e-01
2.0608e-03	-3.0455e-03	1.5713e-04	2.3454e-02	2.4530e-01	-2.3011e-01	-1.2553e-03	-1.9789e-04	1.0235e-04	5.1649e-03	3.6983e-02	7.0005e-02
7.4630e-03	-3.3388e-03	-2.7221e-04	-6.4452e-03	2.4932e-01	-6.3315e-01	5.4022e-03	-2.9327e-04	-4.2933e-04	-2.9900e-02	4.0120e-03	-4.0304e-01
1.4729e-03	-2.0927e-03	-2.5574e-04	1.8794e-02	2.0251e-01	-4.2202e-01	-5.9901e-03	1.2460e-03	1.6468e-05	2.5239e-02	-4.6810e-02	2.1113e-01
2.9043e-03	-2.3680e-03	3.0538e-04	1.1532e-02	3.2848e-02	-3.2650e-01	1.4314e-03	-2.7523e-04	5.6112e-04	-7.2622e-03	-1.6966e-01	9.5524e-02
6.1732e-03	-3.7624e-03	-1.0932e-03	1.7757e-02	1.2072e-01	-7.2023e-01	3.2689e-03	-1.3944e-03	-1.3986e-03	6.2253e-03	8.7877e-02	-3.9373e-01
1.2469e-02	-1.0041e-03	-1.4842e-03	-8.3370e-03	7.6570e-02	-1.3518e+00	6.2958e-03	2.7583e-03	-3.9100e-04	-2.6094e-02	-4.4155e-02	-6.3153e-01
9.5416e-03	-2.5665e-03	-9.5132e-04	4.9223e-02	1.6554e-01	-7.8682e-01	-2.9274e-03	-1.5625e-03	5.3291e-04	5.7560e-02	8.8971e-02	5.6493e-01
9.0505e-03	-3.2384e-03	-8.8274e-06	3.2747e-02	1.8070e-01	-6.0653e-01	-4.9106e-04	-6.7184e-04	9.4249e-04	-1.6476e-02	1.5163e-02	1.8029e-01
7.2244e-03	-3.2384e-03	-1.2644e-04	3.1558e-02	2.5316e-01	-5.6288e-01	-1.8261e-03	0.0000e+00	-1.1761e-04	-1.1890e-03	7.2452e-02	4.3647e-02
7.6652e-03	-3.1835e-03	3.4204e-04	3.0912e-02	1.2341e-01	-5.4757e-01	4.4079e-04	5.4910e-05	4.6848e-04	-6.4640e-04	-1.2974e-01	1.5311e-02
7.7874e-03	-3.4679e-03	-5.6076e-05	2.4513e-02	2.2861e-01	-5.7444e-01	1.2221e-04	-2.8445e-04	-3.9812e-04	-6.3989e-03	1.0520e-01	-2.6868e-02
4.6654e-03	-3.2384e-03	4.6642e-04	2.4894e-02	2.2069e-01	-4.5712e-01	-3.1221e-03	2.2954e-04	5.2250e-04	3.8090e-04	-7.9240e-03	1.1732e-01
5.4647e-03	-2.8340e-03	2.6046e-04	3.1497e-02	1.8560e-01	-4.4742e-01	7.9936e-04	4.0437e-04	-2.0596e-04	6.6031e-03	-3.5085e-02	9.7040e-03
2.2374e-03	-2.7709e-03	8.9291e-04	4.1213e-02	2.0333e-01	-3.2365e-01	-3.2274e-03	6.3140e-05	6.3245e-04	9.7163e-03	1.7726e-02	1.2377e-01
3.9897e-03	-2.7066e-03	8.7138e-04	4.3830e-02	1.4057e-01	-2.4546e-01	1.7524e-03	6.4260e-05	-2.1525e-05	2.6164e-03	-6.2765e-02	7.8184e-02
3.9521e-03	-2.9329e-03	8.7943e-04	4.9261e-02	2.3822e-01	-3.0046e-01	-3.7620e-05	-2.2626e-04	8.0500e-06	5.4313e-03	9.7653e-02	-5.5001e-02
3.0388e-03	-2.7744e-03	1.1440e-03	4.9314e-02	1.9398e-01	-2.4787e-01	-9.1329e-04	1.5847e-04	2.6458e-04	5.3100e-05	-4.4239e-02	5.2597e-02
1.3462e-02	-2.5738e-03	-1.0159e-03	-4.4364e-02	9.3161e-02	-6.4277e-01	1.0423e-02	2.0062e-04	-2.1599e-03	-9.3678e-02	-1.0082e-01	-3.9491e-01
3.0250e-03	-1.9108e-03	-5.6847e-05	1.7420e-02	2.2764e-01	-3.6442e-01	-1.0437e-02	6.6296e-04	9.5902e-04	6.1784e-02	1.3448e-01	2.7836e-01
1.8875e-03	-1.3081e-03	7.7788e-05	1.3716e-02	1.8679e-01	-2.2640e-01	-1.1374e-03	6.0278e-04	1.3464e-04	-3.7038e-03	-4.0858e-02	1.3802e-01
2.3937e-03	-1.0761e-03	-1.7815e-04	2.7693e-02	2.1836e-01	-2.4809e-01	5.0620e-04	2.3200e-04	-2.5594e-04	1.3977e-02	3.1577e-02	-2.1686e-02
1.6795e-03	-1.3846e-03	-5.1343e-04	2.8039e-02	2.0355e-01	-1.9471e-01	-7.1426e-04	-3.0855e-04	-3.3528e-04	3.4620e-04	-1.4817e-02	5.3380e-02
5.6757e-04	-1.3328e-03	-2.4806e-04	2.0394e-02	1.6761e-01	-2.0316e-01	-1.1119e-03	5.1770e-05	2.6537e-04	-7.6450e-03	-3.5939e-02	-8.4530e-03
7.4335e-04	-1.7397e-03	-4.1615e-04	1.5436e-02	2.1264e-01	-2.0341e-01	1.7578e-04	-4.0688e-04	-1.6809e-04	-4.9579e-03	4.5034e-02	-2.5200e-04
1.2889e-03	-1.7397e-03	-1.9341e-04	2.6318e-02	8.1107e-02	-1.2018e-01	5.4550e-04	0.0000e+00	2.2274e-04	1.0881e-02	-1.3153e-01	8.3228e-02
3.4249e-04	-2.2044e-03	3.4398e-05	3.5024e-02	1.9357e-01	-1.3784e-01	-9.4636e-04	-4.6472e-04	2.2781e-04	8.7064e-03	1.1247e-01	-1.7658e-02
-3.3979e-04	-2.6609e-03	3.4398e-05	3.4927e-02	2.0324e-01	-9.2273e-02	-6.8227e-04	-4.5642e-04	0.0000e+00	-9.6800e-05	9.6680e-03	4.5569e-02
6.3390e-04	-2.9555e-03	2.2352e-04	3.4925e-02	1.5796e-01	-6.8290e-02	9.7369e-04	-2.9460e-04	1.8912e-04	-2.1000e-06	-4.5283e-02	2.3983e-02
-1.7991e-03	-3.4153e-03	5.6643e-04	4.4679e-02	2.0225e-01	-2.9973e-02	-2.4330e-03	-4.5983e-04	3.4291e-04	9.7537e-03	4.4293e-02	3.8318e-02
-1.3869e-05	-3.4911e-03	5.6643e-04	4.6036e-02	1.7923e-01	-7.7267e-02	1.7852e-03	-7.5800e-05	0.0000e+00	1.3574e-03	-2.3017e-02	-4.7295e-02
-1.5686e-03	-3.9418e-03	5.6643e-04	4.0579e-02	1.8444e-01	-6.1641e-02	-1.5548e-03	-4.5071e-04	0.0000e+00	-5.4572e-03	5.2040e-03	1.5626e-02
-1.1489e-03	-3.3415e-03	5.6643e-04	3.5003e-02	8.3728e-02	-5.8623e-02	4.1974e-04	6.0025e-04	0.0000e+00	-5.5756e-03	-1.0071e-01	3.0186e-03
-1.3698e-03	-3.7595e-03	3.2364e-04	3.4897e-02	1.6795e-01	-1.2065e-01	-2.2095e-04	-4.1791e-04	-2.4279e-04	-1.0670e-04	8.4227e-02	-6.2023e-02
-1.4952e-03	-3.3217e-03	8.4547e-04	3.5036e-02	1.1544e-01	-5.8205e-02	-1.2536e-04	4.3780e-04	5.2183e-04	1.3910e-04	-5.2513e-02	6.2441e-02
4.1756e-04	-3.0864e-03	-2.0704e-04	3.4960e-02	1.1392e-01	-2.4223e-01	1.9128e-03	2.3529e-04	-1.0525e-03	-7.5800e-05	-1.5260e-03	-1.8403e-01
-2.0257e-03	-3.0864e-03	3.6150e-04	3.5019e-02	1.5579e-01	-1.8400e-01	-2.4432e-03	0.0000e+00	5.6855e-04	5.9200e-05	4.1873e-02	5.8238e-02
-5.6369e-04	-3.0864e-03	6.7571e-04	4.2108e-02	8.8038e-02	-1.0161e-01	1.4620e-03	0.0000e+00	3.1421e-04	7.0886e-03	-6.7751e-02	8.2382e-02
-2.5656e-03	-3.0864e-03	1.0426e-03	4.2925e-02	1.6343e-01	-1.5037e-01	-2.0019e-03	0.0000e+00	3.6686e-04	8.1740e-04	7.5393e-02	-4.8758e-02
-1.9978e-03	-3.0864e-03	3.6150e-04	2.4904e-02	1.7833e-01	-1.2658e-01	5.6773e-04	0.0000e+00	-6.8107e-04	-1.8021e-02	1.4895e-02	2.3795e-02
-8.6143e-04	-3.1856e-03	3.6150e-04	3.4998e-02	1.4217e-01	-1.9065e-01	1.1364e-03	-9.9190e-05	0.0000e+00	1.0094e-02	-3.6152e-02	-6.4073e-02
-1.7980e-03	-3.1509e-03	3.6150e-04	2.5770e-02	1.5261e-01	-1.3306e-01	-9.3658e-04	3.4630e-05	0.0000e+00	-9.2287e-03	1.0439e-02	5.7590e-02
-1.4475e-03	-2.6825e-03	7.1531e-04	3.5086e-02	9.3038e-02	-1.3815e-01	3.5053e-04	4.6843e-04	3.5381e-04	9.3167e-03	-5.9575e-02	-5.0930e-03
-1.5963e-03	-2.4878e-03	3.6150e-04	2.5331e-02	1.6287e-01	-1.4437e-01	-1.4879e-04	1.9464e-04	-3.5381e-04	-9.7555e-03	6.9831e-02	-6.2180e-03
-1.6703e-03	-2.2634e-03	9.6035e-04	5.1409e-03	6.8948e-02	6.2164e-02	-7.4010e-05	2.2442e-04	5.9885e-04	-2.0190e-02	-9.3921e-02	2.0654e-01
2.5070e-03	-5.7274e-04	-8.5910e-05	-1.9709e-02	-6.3234e-02	-5.9537e-01	4.1773e-03	1.6907e-03	-1.0463e-03	-2.4850e-02	-1.3218e-01	-6.5753e-01
-1.2855e-03	-6.4089e-04	-5.5012e-04	-4.0045e-04	1.1409e-01	-4.7772e-01	-3.7926e-03	-6.8149e-05	-4.6421e-04	1.9309e-02	1.7732e-01	1.1765e-01
-1.1783e-03	-1.3359e-03	2.8669e-04	6.1075e-03	8.3680e-02	-2.7641e-01	1.0719e-04	-6.9505e-04	8.3682e-04	6.5079e-03	-3.0408e-02	2.0131e-01
-3.8522e-04	-7.2741e-04	5.6090e-04	3.2010e-02	7.7064e-02	-3.5646e-01	7.9310e-04	6.0853e-04	2.7421e-04	2.5903e-02	-6.6155e-03	-8.0053e-02
-1.6026e-03	-1.1420e-03	5.6090e-04	3.5560e-02	1.3118e-01	-3.5645e-01	-1.2174e-03	-4.1463e-04	0.0000e+00	3.5497e-03	5.4121e-02	1.4000e-05
-1.4789e-03	-1.1420e-03	5.6090e-04	3.8940e-02	1.4054e-01	-3.5494e-01	1.2372e-04	0.0000e+00	0.0000e+00	3.3800e-03	9.3530e-03	1.5030e-03
-2.0955e-03	-1.3183e-03	9.7562e-04	3.4942e-02	3.5562e-02	-2.1299e-01	-6.1659e-04	-1.7622e-04	4.1472e-04	-3.9983e-03	-1.0498e-01	1.4195e-01
-1.0258e-03	-1.4094e-03	9.3353e-04	3.9473e-02	4.9620e-02	-1.6851e-01	1.0697e-03	-9.1120e-05	-4.2087e-05	4.5310e-03	1.4058e-02	4.4475e-02
-1.6045e-03	-1.9704e-03	3.4847e-04	3.3580e-02	1.2385e-01	-1.8821e-01	-5.7863e-04	-5.6097e-04	-5.8506e-04	-5.8923e-03	7.4227e-02	-1.9698e-02
-1.0826e-03	-1.5065e-03	9.3358e-04	3.3107e-02	3.0960e-02	-1.7969e-01	5.2186e-04	4.6380e-04	5.8511e-04	-4.7330e-04	-9.2887e-02	8.5200e-03
-9.7367e-04	-1.0609e-03	3.2648e-04	1.9058e-02	9.0284e-02	-3.9005e-01	1.0894e-04	4.4560e-04	-6.0710e-04	-1.4049e-02	5.9324e-02	-2.1036e-01
-2.1681e-04	-1.0609e-03	4.0829e-04	1.9049e-02	9.3599e-02	-2.9880e-01	7.5686e-04	0.0000e+00	8.1806e-05	-8.6000e-06	3.3149e-03	9.1253e-02
2.1979e-04	-1.0609e-03	4.0829e-04	1.9049e-02	7.9957e-02	-2.7487e-01	4.3660e-04	0.0000e+00	0.0000e+00	0.0000e+00	-1.3641e-02	2.3923e-02
-1.1674e-03	-8.5419e-04	2.5761e-04	5.9628e-03	1.1127e-01	-2.8168e-01	-1.3872e-03	2.0676e-04	-1.5068e-04	-1.3086e-02	3.1310e-02	-6.8040e-03
-1.5247e-03	-5.9266e-04	8.2737e-04	9.4015e-03	3.0588e-03	-2.3212e-01	-3.5731e-04	2.6153e-04	5.6976e-04	3.4387e-03	-1.0821e-01	4.9554e-02
-6.9686e-04	-1.2406e-03	6.8088e-05	1.0591e-02	1.0788e-01	-2.4420e-01	8.2787e-04	-6.4793e-04	-7.5928e-04	1.1897e-03	1.0482e-01	-1.2080e-02
-1.2471e-03	-1.3069e-03	7.2418e-07	-2.1241e-03	1.1221e-01	-2.3248e-01	-5.5022e-04	-6.6280e-05	-6.7364e-05	-1.2715e-02	4.3280e-03	1.1719e-02
-5.3582e-04	-9.2282e-04	1.1209e-04	7.3066e-03	6.4889e-02	-2.4350e-01	7.1126e-04	3.8405e-04	1.1137e-04	9.4307e-03	-4.7317e-02	-1.1014e-02
-1.6952e-03	-8.7594e-04	5.1678e-04	2.9644e-02	1.2103e-01	-2.0255e-01	-1.1594e-03	4.6879e-05	4.0469e-04	2.2338e-02	5.6141e-02	4.0950e-02
8.5624e-04	-2.9982e-05	1.5665e-04	-2.8151e-05	6.9557e-02	-1.7855e-01	2.5514e-03	8.4596e-04	-3.6014e-04	-2.9672e-02	-5.1473e-02	2.4002e-02
5.0517e-04	-2.4063e-04	-1.5249e-04	9.0401e-03	1.2644e-01	-2.0958e-01	-3.5107e-04	-2.1065e-04	-3.0914e-04	9.0682e-03	5.6887e-02	-3.1032e-02
-6.0761e-04	-1.5600e-04	-1.5249e-04	-5.9508e-05	7.4994e-02	-1.0866e-01	-1.1128e-03	8.4626e-05	0.0000e+00	-9.0996e-03	-5.1450e-02	1.0092e-01
3.4286e-04	-4.3354e-04	-1.5249e-04	1.1951e-02	6.3103e-02	-1.3791e-01	9.5047e-04	-2.7753e-04	0.0000e+00	1.2011e-02	-1.1891e-02	-2.9251e-02
-6.5717e-04	-7.5724e-04	-1.5249e-04	2.7466e-03	8.0597e-02	-9.5546e-02	-1.0000e-03	-3.2370e-04	0.0000e+00	-9.2046e-03	1.7494e-02	4.2361e-02
1.0235e-03	-8.2806e-04	-1.5249e-04	9.1390e-03	1.8645e-02	-8.7597e-02	1.6806e-03	-7.0816e-05	0.0000e+00	6.3924e-03	-6.1952e-02	7.9487e-03
-5.6418e-04	-6.4288e-04	1.9749e-05	-1.5321e-04	8.5066e-02	-3.4380e-02	-1.5876e-03	1.8518e-04	1.7224e-04	-9.2922e-03	6.6421e-02	5.3218e-02
-3.8073e-04	-6.4288e-04	-4.3821e-04	-1.7970e-04	9.6102e-02	-5.7915e-02	1.8345e-04	0.0000e+00	-4.5796e-04	-2.6497e-05	1.1036e-02	-2.3535e-02
-1.9645e-03	-6.4288e-04	5.2304e-05	-9.7578e-03	3.7958e-02	-3.6742e-02	-1.5837e-03	0.0000e+00	4.9052e-04	-9.5781e-03	-5.8144e-02	2.1173e-02
-1.0514e-03	-6.4288e-04	-4.4272e-04	-1.9111e-04	9.7737e-02	-1.9113e-01	9.1306e-04	0.0000e+00	-4.9503e-04	9.5667e-03	5.9779e-02	-1.5439e-01
-3.2369e-04	-1.0379e-03	1.6931e-04	-2.3523e-04	7.7034e-02	-8.4787e-02	7.2772e-04	-3.9507e-04	6.1204e-04	-4.4120e-05	-2.0703e-02	1.0635e-01
4.3020e-04	-4.2054e-04	1.6931e-04	-1.8598e-04	2.7641e-03	-6.8982e-02	7.5388e-04	6.1741e-04	0.0000e+00	4.9249e-05	-7.4270e-02	1.5805e-02
-2.9315e-04	-4.2054e-04	1.6931e-04	1.6529e-02	1.0731e-01	-2.5267e-02	-7.2335e-04	0.0000e+00	0.0000e+00	1.6714e-02	1.0454e-01	4.3715e-02
-1.5492e-03	6.3951e-05	1.6931e-04	8.8132e-03	3.5096e-02	-8.6064e-02	-1.2560e-03	4.8449e-04	0.0000e+00	-7.7153e-03	-7.2210e-02	-6.0797e-02
-6.1677e-04	2.7864e-04	-4.0930e-04	2.7711e-06	1.0103e-01	-8.5837e-02	9.3242e-04	2.1469e-04	-5.7861e-04	-8.8104e-03	6.5939e-02	2.2600e-04
0.0000e+00	-0.0000e+00	0.0000e+00	0.0000e+00	0.0000e+00	0.0000e+00	6.1677e-04	-2.7864e-04	4.0930e-04	-2.7711e-06	-1.0103e-01	8.5837e-02
-1.2334e-04	5.5671e-04	-3.1785e-04	8.8084e-03	5.8742e-02	-1.1612e-01	-1.2334e-04	5.5671e-04	-3.1785e-04	8.8084e-03	5.8742e-02	-1.1612e-01
-7.8718e-04	7.5268e-04	-2.5822e-04	2.4860e-02	1.2167e-01	-8.5343e-02	-6.6384e-04	1.9597e-04	5.9628e-05	1.6051e-02	6.2925e-02	3.0776e-02
-1.0622e-03	5.8551e-04	-2.0678e-04	1.2803e-02	4.3721e-02	-2.0748e-02	-2.7505e-04	-1.6717e-04	5.1443e-05	-1.2056e-02	-7.7946e-02	6.4596e-02
-1.2765e-03	8.7425e-04	-1.5263e-04	1.7566e-02	9.4046e-02	-2.0732e-02	-2.1426e-04	2.8874e-04	5.4151e-05	4.7621e-03	5.0325e-02	1.5300e-05
-2.4502e-03	9.5891e-04	-2.3524e-04	1.7211e-02	8.1905e-02	4.6719e-02	-1.1737e-03	8.4660e-05	-8.2612e-05	-3.5410e-04	-1.2141e-02	6.7451e-02
-9.0298e-04	6.6852e-04	-4.9976e-04	8.8073e-03	7.6363e-02	2.6857e-02	1.5472e-03	-2.9039e-04	-2.6452e-04	-8.4041e-03	-5.5416e-03	-1.9862e-02
-7.6700e-04	5.9809e-04	-6.4603e-04	2.7573e-03	1.0795e-01	-1.2656e-02	1.3598e-04	-7.0424e-05	-1.4626e-04	-6.0500e-03	3.1586e-02	-3.9512e-02
-1.2513e-03	1.7982e-03	-8.3908e-04	-3.6418e-02	-6.0895e-02	-2.2788e-01	-4.8433e-04	1.2001e-03	-1.9306e-04	-3.9175e-02	-1.6884e-01	-2.1523e-01
-1.1992e-03	1.7453e-03	-1.9353e-03	-2.9674e-02	4.6340e-02	-3.8677e-01	5.2170e-05	-5.2910e-05	-1.0962e-03	6.7433e-03	1.0724e-01	-1.5889e-01
-1.5872e-03	1.4168e-03	-1.4794e-03	-1.9122e-02	5.1624e-02	-9.7214e-02	-3.8801e-04	-3.2850e-04	4.5588e-04	1.0552e-02	5.2838e-03	2.8956e-01
-1.3498e-03	1.2431e-03	-9.6352e-04	-2.9686e-02	1.5504e-02	-3.3786e-02	2.3740e-04	-1.7369e-04	5.1593e-04	-1.0564e-02	-3.6120e-02	6.3427e-02
-2.8422e-03	1.3348e-03	-1.0878e-03	-1.0489e-02	7.1606e-02	4.7872e-02	-1.4925e-03	9.1710e-05	-1.2425e-04	1.9197e-02	5.6102e-02	8.1658e-02
-1.7254e-03	1.5022e-03	-9.6352e-04	-1.0508e-02	-1.7831e-02	9.6916e-02	1.1168e-03	1.6740e-04	1.2425e-04	-1.9100e-05	-8.9437e-02	4.9043e-02
-3.1169e-03	1.6753e-03	-9.6352e-04	-1.0531e-02	5.7806e-02	1.1954e-01	-1.3915e-03	1.7307e-04	0.0000e+00	-2.3000e-05	7.5637e-02	2.2628e-02
-2.3494e-03	1.6608e-03	-9.6352e-04	-1.0726e-03	-2.1535e-02	5.5199e-02	7.6747e-04	-1.4510e-05	-1.0000e-09	9.4587e-03	-7.9342e-02	-6.4345e-02
-3.3435e-03	1.3348e-03	-8.3037e-04	-1.0495e-02	5.0025e-02	1.0232e-01	-9.9410e-04	-3.2596e-04	1.3315e-04	-9.4224e-03	7.1561e-02	4.7118e-02
-1.8191e-03	1.4351e-03	-9.6352e-04	-1.0507e-02	-3.2223e-02	1.4660e-01	1.5244e-03	1.0025e-04	-1.3315e-04	-1.1500e-05	-8.2249e-02	4.4278e-02
-3.0939e-03	1.3348e-03	-9.6352e-04	1.3237e-02	4.6282e-02	1.7560e-01	-1.2748e-03	-1.0025e-04	0.0000e+00	2.3744e-02	7.8505e-02	2.9007e-02
-4.0531e-03	1.2516e-03	-7.7047e-04	-1.0631e-04	-1.0301e-02	2.7435e-01	-9.5919e-04	-8.3180e-05	1.9306e-04	-1.3343e-02	-5.6583e-02	9.8746e-02
-2.9885e-03	1.4165e-03	-7.3187e-04	1.3215e-02	1.4226e-02	2.4108e-01	1.0646e-03	1.6484e-04	3.8595e-05	1.3321e-02	2.4526e-02	-3.3271e-02
-4.2924e-03	1.4939e-03	-6.9563e-04	7.2099e-03	4.4357e-02	2.9362e-01	-1.3038e-03	7.7470e-05	3.6244e-05	-6.0050e-03	3.0131e-02	5.2543e-02
-3.9302e-03	1.7176e-03	-6.6260e-04	2.4492e-02	3.9504e-02	2.9252e-01	3.6214e-04	2.2362e-04	3.3029e-05	1.7282e-02	-4.8528e-03	-1.0950e-03
-4.1982e-03	1.6717e-03	-7.0135e-04	2.3660e-02	-2.0856e-02	3.2577e-01	-2.6797e-04	-4.5900e-05	-3.8757e-05	-8.3180e-04	-6.0360e-02	3.3248e-02
-4.2522e-03	1.7634e-03	-6.7671e-04	3.3553e-02	2.4426e-02	3.2380e-01	-5.4070e-05	9.1700e-05	2.4641e-05	9.8927e-03	4.5282e-02	-1.9760e-03
-4.3696e-03	1.9315e-03	-6.8337e-04	2.9126e-02	-2.7418e-02	3.6907e-01	-1.1739e-04	1.6812e-04	-6.6520e-06	-4.4274e-03	-5.1844e-02	4.5271e-02
-4.8367e-03	2.0110e-03	-5.8582e-04	3.3453e-02	2.1777e-02	3.4778e-01	-4.6710e-04	7.9560e-05	9.7542e-05	4.3268e-03	4.9195e-02	-2.1285e-02
-5.8115e-03	1.6083e-03	-1.8689e-04	3.3540e-02	2.0628e-02	3.8620e-01	-9.7479e-04	-4.0271e-04	3.9894e-04	8.7400e-05	-1.1488e-03	3.8412e-02
-2.4603e-03	2.8053e-03	-1.9870e-03	-1.1832e-02	-1.1979e-02	-1.5633e-02	3.3512e-03	1.1970e-03	-1.8001e-03	-4.5372e-02	-3.2607e-02	-4.0183e-01
-3.4104e-03	2.5636e-03	-1.8447e-03	-2.2752e-03	5.2978e-02	7.2031e-02	-9.5009e-04	-2.4167e-04	1.4235e-04	9.5565e-03	6.4957e-02	8.7664e-02
-2.4580e-03	2.1410e-03	-1.4195e-03	5.6301e-03	-4.9126e-02	2.2312e-01	9.5243e-04	-4.2266e-04	4.2520e-04	7.9052e-03	-1.0210e-01	1.5109e-01
-3.2640e-03	2.5787e-03	-1.1004e-03	2.3198e-02	3.1919e-02	1.8046e-01	-8.0598e-04	4.3771e-04	3.1905e-04	1.7568e-02	8.1045e-02	-4.2666e-02
-2.8533e-03	2.5774e-03	-8.2465e-04	2.3143e-02	2.9208e-02	2.2431e-01	4.1072e-04	-1.2700e-06	2.7576e-04	-5.5000e-05	-2.7113e-03	4.3852e-02
-2.1600e-03	2.5290e-03	-1.3374e-03	2.3185e-02	5.9814e-02	1.6984e-01	6.9326e-04	-4.8450e-05	-5.1278e-04	4.1900e-05	3.0607e-02	-5.4464e-02
-2.9815e-03	2.7902e-03	-1.1004e-03	2.3103e-02	2.0793e-02	2.6256e-01	-8.2152e-04	2.6124e-04	2.3702e-04	-8.2100e-05	-3.9021e-02	9.2716e-02
-2.0618e-03	2.7720e-03	-1.6541e-03	6.1764e-03	2.1011e-02	1.8890e-01	9.1972e-04	-1.8180e-05	-5.5368e-04	-1.6926e-02	2.1810e-04	-7.3662e-02
-3.5400e-03	2.6041e-03	-1.1581e-03	8.9680e-03	6.4950e-02	1.9192e-01	-1.4782e-03	-1.6797e-04	4.9595e-04	2.7916e-03	4.3939e-02	3.0250e-03
-2.3088e-03	2.6041e-03	-1.0130e-03	3.8562e-03	2.8827e-02	2.2672e-01	1.2312e-03	0.0000e+00	1.4509e-04	-5.1117e-03	-3.6124e-02	3.4793e-02
-2.3447e-03	2.6041e-03	-1.4160e-03	1.0379e-02	5.5314e-02	2.2900e-01	-3.5900e-05	0.0000e+00	-4.0290e-04	6.5230e-03	2.6487e-02	2.2790e-03
-6.7740e-04	2.4304e-03	-1.2231e-03	2.3121e-02	-6.9781e-02	-1.3993e-02	1.6673e-03	-1.7366e-04	1.9288e-04	1.2742e-02	-1.2509e-01	-2.4299e-01
-2.3106e-03	2.0176e-03	-2.7364e-03	-5.3149e-03	-1.3926e-02	-2.6239e-01	-1.6332e-03	-4.1277e-04	-1.5134e-03	-2.8436e-02	5.5854e-02	-2.4840e-01
-2.1726e-03	1.1885e-03	-1.9991e-03	1.9234e-03	-7.3619e-02	-3.5153e-02	1.3805e-04	-8.2915e-04	7.3729e-04	7.2383e-03	-5.9693e-02	2.2724e-01
-3.0132e-04	8.5665e-04	-2.0381e-03	-1.3848e-02	-5.9072e-02	-5.5150e-02	1.8712e-03	-3.3182e-04	-3.8920e-05	-1.5771e-02	1.4546e-02	-1.9996e-02
-1.2657e-03	1.1403e-03	-1.7372e-03	-1.0938e-03	-6.1075e-03	4.1644e-02	-9.6438e-04	2.8365e-04	3.0091e-04	1.2754e-02	5.2965e-02	9.6793e-02
-1.2747e-03	7.8458e-04	-1.6541e-03	-7.8437e-03	-8.0850e-02	6.4625e-02	-9.0300e-06	-3.5572e-04	8.3060e-05	-6.7499e-03	-7.4743e-02	2.2982e-02
-2.1073e-03	1.2668e-03	-1.7043e-03	-5.6307e-03	3.4848e-02	8.6083e-02	-8.3258e-04	4.8217e-04	-5.0240e-05	2.2130e-03	1.1570e-01	2.1457e-02
-1.4873e-03	1.2003e-03	-1.5420e-03	-5.6752e-03	-5.4374e-02	1.7475e-01	6.2005e-04	-6.6470e-05	1.6236e-04	-4.4590e-05	-8.9222e-02	8.8667e-02
-2.8888e-03	1.1973e-03	-1.4563e-03	-5.6967e-03	-6.6122e-03	2.0617e-01	-1.4016e-03	-2.9700e-06	8.5700e-05	-2.1440e-05	4.7762e-02	3.1420e-02
-3.1895e-03	1.5078e-03	-1.3658e-03	-5.8234e-03	-5.2100e-02	2.5936e-01	-3.0067e-04	3.1050e-04	9.0450e-05	-1.2670e-04	-4.5487e-02	5.3194e-02
-3.8260e-03	1.4924e-03	-1.3654e-03	-7.8743e-03	-9.7608e-03	2.9680e-01	-6.3651e-04	-1.5360e-05	4.1000e-07	-2.0509e-03	4.2339e-02	3.7435e-02
-3.5860e-03	1.7241e-03	-1.5287e-03	4.1037e-03	-3.1262e-02	2.5276e-01	2.3996e-04	2.3163e-04	-1.6325e-04	1.1978e-02	-2.1501e-02	-4.4038e-02
-4.5863e-03	1.7481e-03	-1.3474e-03	1.0401e-02	1.5131e-02	2.7164e-01	-1.0003e-03	2.4070e-05	1.8127e-04	6.2977e-03	4.6393e-02	1.8878e-02
-4.3114e-03	1.8319e-03	-1.0266e-03	1.0382e-02	-3.7171e-02	3.7042e-01	2.7496e-04	8.3750e-05	3.2083e-04	-1.9800e-05	-5.2302e-02	9.8784e-02
-3.8935e-03	1.8909e-03	-1.0266e-03	4.2219e-02	2.0436e-02	3.4572e-01	4.1780e-04	5.9040e-05	0.0000e+00	3.1837e-02	5.7607e-02	-2.4705e-02
-4.6531e-03	2.3854e-03	-1.1553e-03	2.3536e-02	-3.3123e-03	3.9333e-01	-7.5954e-04	4.9445e-04	-1.2870e-04	-1.8683e-02	-2.3748e-02	4.7617e-02
-3.4974e-03	2.1733e-03	-1.5970e-03	2.3468e-02	-1.1343e-03	2.2157e-01	1.1557e-03	-2.1210e-04	-4.4170e-04	-6.8300e-05	2.1780e-03	-1.7176e-01
-4.4522e-03	2.3896e-03	-7.1074e-04	3.3245e-02	-2.9234e-02	3.3574e-01	-9.5485e-04	2.1627e-04	8.8623e-04	9.7772e-03	-2.8100e-02	1.1417e-01
-3.7035e-03	1.9509e-03	-5.9045e-04	3.3450e-02	-1.8277e-02	2.5254e-01	7.4872e-04	-4.3865e-04	1.2030e-04	2.0450e-04	1.0957e-02	-8.3201e-02
-3.5019e-03	2.2452e-03	-5.6628e-05	2.0003e-02	-4.1645e-02	3.3849e-01	2.0160e-04	2.9426e-04	5.3382e-04	-1.3447e-02	-2.3368e-02	8.5954e-02
-2.1069e-03	1.9159e-03	1.3685e-04	6.4980e-02	-4.1227e-02	2.3076e-01	1.3950e-03	-3.2927e-04	1.9348e-04	4.4978e-02	4.1850e-04	-1.0774e-01
-2.8711e-03	1.9470e-03	-5.6628e-05	2.5278e-02	-5.5973e-02	3.1228e-01	-7.6416e-04	3.1090e-05	-1.9348e-04	-3.9702e-02	-1.4746e-02	8.1520e-02
-2.3723e-03	1.3686e-03	-1.1938e-03	1.2806e-02	-8.7171e-02	-1.7423e-01	4.9876e-04	-5.7841e-04	-1.1372e-03	-1.2472e-02	-3.1198e-02	-4.8651e-01
-3.1395e-03	1.8294e-03	-4.9509e-04	1.2573e-02	-5.9099e-02	6.3262e-02	-7.6717e-04	4.6080e-04	6.9875e-04	-2.3310e-04	2.8072e-02	2.3749e-01
-1.2619e-03	2.0467e-03	-7.3418e-04	1.2592e-02	-8.3538e-02	2.7913e-02	1.8776e-03	2.1729e-04	-2.3909e-04	1.9200e-05	-2.4438e-02	-3.5349e-02
-2.6472e-03	1.8171e-03	-1.1019e-03	1.2642e-02	-7.4787e-03	8.4483e-02	-1.3852e-03	-2.2959e-04	-3.6771e-04	5.0100e-05	7.6059e-02	5.6570e-02
-2.3097e-03	1.7507e-03	-8.0865e-04	1.4611e-02	-9.3933e-02	2.0450e-01	3.3745e-04	-6.6370e-05	2.9324e-04	1.9692e-03	-8.6454e-02	1.2002e-01
-2.7168e-03	1.1026e-03	-1.1019e-03	1.2726e-02	-9.0484e-03	1.3745e-01	-4.0711e-04	-6.4811e-04	-2.9324e-04	-1.8852e-03	8.4885e-02	-6.7057e-02
-2.9645e-03	1.7774e-03	-7.9108e-04	1.2583e-02	-5.2155e-02	1.6353e-01	-2.4767e-04	6.7484e-04	3.1081e-04	-1.4250e-04	-4.3107e-02	2.6085e-02
-3.2566e-03	1.7351e-03	-4.0442e-04	1.2527e-02	-4.0497e-02	1.7381e-01	-2.9211e-04	-4.2330e-05	3.8666e-04	-5.6600e-05	1.1657e-02	1.0279e-02
-3.9243e-03	1.6278e-03	-1.5442e-04	2.3906e-02	-5.0271e-02	2.5029e-01	-6.6775e-04	-1.0734e-04	2.5000e-04	1.1379e-02	-9.7732e-03	7.6484e-02
-2.9813e-03	1.4105e-03	-3.6025e-05	2.9111e-02	-1.5091e-01	2.9703e-01	9.4305e-04	-2.1728e-04	1.1839e-04	5.2043e-03	-1.0064e-01	4.6735e-02
-4.2385e-03	1.4105e-03	-1.5442e-04	2.9166e-02	-2.5193e-02	2.6828e-01	-1.2573e-03	0.0000e+00	-1.1839e-04	5.4900e-05	1.2571e-01	-2.8743e-02
-5.1642e-03	1.6016e-03	-2.5284e-05	2.9022e-02	-1.0125e-01	3.6463e-01	-9.2565e-04	1.9115e-04	1.2913e-04	-1.4320e-04	-7.6054e-02	9.6348e-02
-4.5270e-03	1.6366e-03	-4.0442e-04	4.5345e-02	-5.2258e-02	3.1074e-01	6.3718e-04	3.4980e-05	-3.7913e-04	1.6323e-02	4.8989e-02	-5.3897e-02
-5.6371e-03	2.2105e-03	-4.0442e-04	3.4792e-02	-7.1829e-02	3.3118e-01	-1.1100e-03	5.7384e-04	0.0000e+00	-1.0553e-02	-1.9571e-02	2.0441e-02
-4.7001e-03	2.3022e-03	-7.0539e-04	3.8260e-02	-5.2755e-02	3.0739e-01	9.3699e-04	9.1710e-05	-3.0097e-04	3.4670e-03	1.9074e-02	-2.3784e-02
-5.2528e-03	2.2105e-03	-5.5536e-04	3.6163e-02	-5.0168e-02	3.8057e-01	-5.5273e-04	-9.1710e-05	1.5003e-04	-2.0962e-03	2.5861e-03	7.3182e-02
-4.5477e-03	2.6490e-03	-8.9244e-04	4.0902e-02	-1.5674e-01	2.9170e-01	7.0509e-04	4.3858e-04	-3.3707e-04	4.7389e-03	-1.0657e-01	-8.8875e-02
-5.0806e-03	2.5741e-03	-9.6974e-04	3.3473e-02	-5.2088e-02	2.5712e-01	-5.3293e-04	-7.4920e-05	-7.7300e-05	-7.4290e-03	1.0465e-01	-3.4580e-02
-5.5750e-03	2.3999e-03	-7.2178e-04	3.3495e-02	-9.9466e-02	3.7025e-01	-4.9441e-04	-1.7424e-04	2.4796e-04	2.1400e-05	-4.7378e-02	1.1313e-01
-5.9165e-03	2.5827e-03	-5.0070e-04	4.4917e-02	-7.5564e-02	4.0865e-01	-3.4143e-04	1.8285e-04	2.2107e-04	1.1423e-02	2.3902e-02	3.8399e-02
-5.5654e-03	2.6212e-03	-4.7033e-04	2.6861e-02	-1.7702e-01	3.6359e-01	3.5110e-04	3.8490e-05	3.0369e-05	-1.8057e-02	-1.0146e-01	-4.5064e-02
-6.5976e-03	1.7383e-03	-1.6642e-03	-1.0699e-02	-1.1715e-01	-9.0000e-02	-1.0322e-03	-8.8294e-04	-1.1939e-03	-3.7559e-02	5.9877e-02	-4.5359e-01
-6.8968e-03	1.4199e-03	-1.2274e-03	5.3595e-03	-1.3614e-01	7.6440e-02	-2.9921e-04	-3.1841e-04	4.3676e-04	1.6058e-02	-1.8999e-02	1.6644e-01
-7.0189e-03	1.2744e-03	-9.1882e-04	4.9708e-03	-9.2114e-02	1.1690e-01	-1.2209e-04	-1.4543e-04	3.0862e-04	-3.8869e-04	4.4031e-02	4.0463e-02
-7.6897e-03	1.4199e-03	-6.6427e-04	1.0861e-02	-1.3692e-01	2.5016e-01	-6.7078e-04	1.4543e-04	2.5454e-04	5.8903e-03	-4.4804e-02	1.3325e-01
-7.0491e-03	1.5622e-03	-4.5411e-04	2.3320e-02	-1.3106e-01	2.0976e-01	6.4062e-04	1.4236e-04	2.1017e-04	1.2458e-02	5.8550e-03	-4.0396e-02
-7.8861e-03	1.6400e-03	-4.5411e-04	1.6054e-02	-9.8142e-02	2.7519e-01	-8.3703e-04	7.7730e-05	0.0000e+00	-7.2654e-03	3.2921e-02	6.5424e-02
-7.2672e-03	1.9892e-03	-3.1618e-04	3.6778e-02	-1.7881e-01	3.5980e-01	6.1885e-04	3.4925e-04	1.3793e-04	2.0724e-02	-8.0663e-02	8.4613e-02
-8.2676e-03	2.2768e-03	-6.9155e-05	1.5702e-02	-1.0819e-01	4.0256e-01	-1.0004e-03	2.8756e-04	2.4702e-04	-2.1077e-02	7.0612e-02	4.2762e-02
-8.3591e-03	2.4765e-03	1.9309e-04	2.4347e-02	-2.1047e-01	4.0896e-01	-9.1470e-05	1.9972e-04	2.6225e-04	8.6450e-03	-1.0227e-01	6.4020e-03
-8.0240e-03	2.0978e-03	-4.2215e-05	1.9795e-02	-1.0398e-01	3.5963e-01	3.3509e-04	-3.7872e-04	-2.3531e-04	-4.5513e-03	1.0649e-01	-4.9328e-02
-9.6482e-03	2.6618e-03	8.2249e-05	1.5463e-02	-1.7115e-01	4.6938e-01	-1.6242e-03	5.6408e-04	1.2446e-04	-4.3321e-03	-6.7174e-02	1.0974e-01
-9.1672e-03	2.3342e-03	1.9595e-04	1.5606e-02	-1.2350e-01	4.4915e-01	4.8097e-04	-3.2763e-04	1.1370e-04	1.4260e-04	4.7652e-02	-2.0222e-02
-7.3298e-03	1.9881e-03	-3.9596e-04	4.0187e-02	-1.7011e-01	6.6414e-02	1.8375e-03	-3.4609e-04	-5.9190e-04	2.4581e-02	-4.6608e-02	-3.8274e-01
-6.6978e-03	2.1217e-03	-8.6507e-04	3.6396e-02	-1.3562e-01	5.7183e-02	6.3191e-04	1.3359e-04	-4.6911e-04	-3.7914e-03	3.4483e-02	-9.2315e-03
-5.8040e-03	2.2338e-03	-3.2469e-04	3.1517e-02	-2.1548e-01	1.2853e-01	8.9382e-04	1.1209e-04	5.4038e-04	-4.8789e-03	-7.9851e-02	7.1349e-02
-6.7275e-03	2.6661e-03	-4.0419e-04	3.9000e-02	-1.2909e-01	1.9038e-01	-9.2343e-04	4.3232e-04	-7.9503e-05	7.4833e-03	8.6387e-02	6.1845e-02
