2.7471e-03	1.0160e-03	-1.8068e-03	-7.7773e-02	2.6679e-01	-7.1290e-02	0.0000e+00	0.0000e+00	0.0000e+00	0.0000e+00	0.0000e+00	0.0000e+00
3.1133e-03	5.8389e-04	-1.5829e-03	-7.7770e-02	2.1576e-01	-2.9850e-02	3.6616e-04	-4.3214e-04	2.2395e-04	3.1000e-06	-5.1036e-02	4.1440e-02
3.1907e-03	5.8389e-04	-1.3638e-03	-5.7975e-02	2.0623e-01	3.9339e-02	7.7400e-05	0.0000e+00	2.1905e-04	1.9795e-02	-9.5250e-03	6.9189e-02
3.3554e-03	5.8389e-04	-1.1622e-03	-5.1747e-02	2.1578e-01	4.5977e-02	1.6473e-04	0.0000e+00	2.0161e-04	6.2281e-03	9.5520e-03	6.6382e-03
2.8861e-03	5.8389e-04	-1.0176e-03	-6.3697e-02	1.9708e-01	3.0042e-02	-4.6936e-04	0.0000e+00	1.4465e-04	-1.1950e-02	-1.8704e-02	-1.5935e-02
3.0953e-03	5.8389e-04	-1.0176e-03	-5.6234e-02	2.1371e-01	4.6009e-02	2.0926e-04	0.0000e+00	0.0000e+00	7.4627e-03	1.6635e-02	1.5966e-02
3.0857e-03	5.8389e-04	-1.0176e-03	-5.9496e-02	2.1210e-01	6.9955e-02	-9.6700e-06	0.0000e+00	0.0000e+00	-3.2620e-03	-1.6110e-03	2.3946e-02
2.7484e-03	5.8389e-04	-1.0176e-03	-6.5623e-02	1.8191e-01	9.7060e-02	-3.3726e-04	0.0000e+00	0.0000e+00	-6.1267e-03	-3.0194e-02	2.7105e-02
2.5121e-03	4.9298e-04	-4.5223e-04	-5.6678e-02	1.6414e-01	9.1822e-02	-2.3632e-04	-9.0909e-05	5.6533e-04	8.9452e-03	-1.7772e-02	-5.2379e-03
2.8909e-03	5.8389e-04	-7.9084e-04	-6.8591e-02	1.7797e-01	3.8382e-02	3.7883e-04	9.0909e-05	-3.3861e-04	-1.1914e-02	1.3829e-02	-5.3440e-02
7.5244e-03	1.0666e-03	-1.2202e-03	-8.1204e-02	2.4081e-01	-2.1732e-01	4.6335e-03	4.8268e-04	-4.2937e-04	-1.2613e-02	6.2848e-02	-2.5570e-01
6.2553e-03	-2.8364e-04	-1.5309e-03	-9.2345e-02	1.7941e-01	-1.0659e-01	-1.2692e-03	-1.3502e-03	-3.1071e-04	-1.1141e-02	-6.1402e-02	1.1073e-01
5.1087e-03	-3.5099e-04	-1.4960e-03	-7.4496e-02	2.3211e-01	-9.1571e-02	-1.1465e-03	-6.7352e-05	3.4900e-05	1.7849e-02	5.2693e-02	1.5019e-02
1.7489e-03	-9.1096e-04	-1.4924e-03	-8.7855e-02	1.7149e-01	3.7703e-02	-3.3599e-03	-5.5998e-04	3.5700e-06	-1.3359e-02	-6.0616e-02	1.2927e-01
7.8287e-03	6.1586e-04	-1.7206e-03	-8.1223e-02	2.1097e-01	-1.7189e-01	6.0799e-03	1.5268e-03	-2.2815e-04	6.6318e-03	3.9480e-02	-2.0959e-01
3.4340e-03	-4.1984e-05	-1.7206e-03	-7.7096e-02	2.1223e-01	-4.4281e-02	-4.3947e-03	-6.5784e-04	0.0000e+00	4.1267e-03	1.2610e-03	1.2761e-01
2.6327e-03	-8.7982e-04	-1.4622e-03	-6.2265e-02	2.2462e-01	-2.3794e-02	-8.0124e-04	-8.3784e-04	2.5836e-04	1.4831e-02	1.2393e-02	2.0488e-02
2.2614e-03	-1.5684e-03	-1.2875e-03	-6.1947e-02	2.1541e-01	1.2814e-02	-3.7137e-04	-6.8861e-04	1.7477e-04	3.1790e-04	-9.2110e-03	3.6608e-02
2.7744e-03	-1.5684e-03	-1.7206e-03	-4.7662e-02	2.3138e-01	-1.8433e-03	5.1308e-04	0.0000e+00	-4.3313e-04	1.4285e-02	1.5967e-02	-1.4658e-02
1.4422e-03	-2.5216e-03	-1.2870e-03	-4.7628e-02	1.5430e-01	2.5196e-02	-1.3322e-03	-9.5321e-04	4.3362e-04	3.4500e-05	-7.7083e-02	2.7039e-02
1.8075e-03	-2.2231e-03	-1.1731e-03	-3.6393e-02	1.9316e-01	3.5527e-02	3.6529e-04	2.9851e-04	1.1391e-04	1.1235e-02	3.8866e-02	1.0331e-02
1.9287e-03	-2.2815e-03	-1.3809e-03	-4.7630e-02	1.8770e-01	3.4629e-02	1.2117e-04	-5.8350e-05	-2.0780e-04	-1.1237e-02	-5.4620e-03	-8.9800e-04
1.1803e-03	-2.3195e-03	-1.4567e-03	-5.3921e-02	1.7408e-01	5.4459e-02	-7.4836e-04	-3.7980e-05	-7.5850e-05	-6.2907e-03	-1.3624e-02	1.9830e-02
1.7768e-03	-2.0110e-03	-1.0919e-03	-4.7593e-02	1.7917e-01	3.4642e-02	5.9648e-04	3.0851e-04	3.6484e-04	6.3274e-03	5.0970e-03	-1.9817e-02
1.3756e-03	-1.3663e-03	-8.8799e-04	-4.3595e-02	1.8653e-01	1.9562e-02	-4.0122e-04	6.4464e-04	2.0389e-04	3.9981e-03	7.3590e-03	-1.5080e-02
5.2207e-04	-1.8610e-03	-8.3699e-04	-4.3535e-02	1.7192e-01	8.1290e-02	-8.5352e-04	-4.9466e-04	5.1004e-05	5.9800e-05	-1.4614e-02	6.1728e-02
5.9883e-05	-2.1259e-03	-1.2296e-03	-5.3999e-02	1.8194e-01	4.8944e-02	-4.6218e-04	-2.6490e-04	-3.9260e-04	-1.0464e-02	1.0022e-02	-3.2346e-02
-3.5832e-04	-2.1259e-03	-8.5005e-04	-4.7567e-02	1.1759e-01	7.0607e-02	-4.1820e-04	0.0000e+00	3.7954e-04	6.4325e-03	-6.4347e-02	2.1663e-02
1.1792e-03	-1.6616e-03	-2.4275e-04	-2.9490e-02	1.5662e-01	-2.4971e-03	1.5375e-03	4.6429e-04	6.0730e-04	1.8076e-02	3.9029e-02	-7.3104e-02
1.3812e-03	8.4338e-05	-5.4515e-04	-2.9361e-02	1.8263e-01	-1.0503e-01	2.0198e-04	1.7459e-03	-3.0240e-04	1.2880e-04	2.6013e-02	-1.0253e-01
2.3705e-04	-8.7563e-04	-4.5393e-04	-4.2678e-02	1.4463e-01	5.7232e-02	-1.1441e-03	-9.5997e-04	9.1216e-05	-1.3316e-02	-3.8003e-02	1.6226e-01
2.6490e-04	-5.0211e-04	-2.4275e-04	-2.9646e-02	1.6124e-01	5.1414e-02	2.7847e-05	3.7352e-04	2.1118e-04	1.3031e-02	1.6612e-02	-5.8175e-03
-5.1101e-04	-7.5686e-04	-2.4275e-04	-2.9705e-02	1.6114e-01	1.1206e-01	-7.7591e-04	-2.5475e-04	0.0000e+00	-5.8900e-05	-1.0100e-04	6.0649e-02
-8.4128e-04	-1.3517e-03	-2.4275e-04	-3.6431e-02	1.1951e-01	1.3581e-01	-3.3028e-04	-5.9479e-04	0.0000e+00	-6.7259e-03	-4.1631e-02	2.3743e-02
-1.0567e-03	-1.3890e-03	-1.6639e-04	-2.9615e-02	1.2024e-01	1.3943e-01	-2.1545e-04	-3.7320e-05	7.6360e-05	6.8160e-03	7.2400e-04	3.6210e-03
1.0350e-03	-4.7282e-04	-4.7060e-04	-3.5489e-02	1.5483e-01	-1.1371e-01	2.0917e-03	9.1615e-04	-3.0421e-04	-5.8740e-03	3.4597e-02	-2.5314e-01
-6.5562e-04	-5.9263e-04	-5.1471e-04	-2.9854e-02	1.5310e-01	-6.3886e-03	-1.6906e-03	-1.1981e-04	-4.4110e-05	5.6353e-03	-1.7330e-03	1.0732e-01
-1.1185e-03	-9.7313e-04	-3.5582e-04	-1.8174e-02	1.2854e-01	9.4375e-02	-4.6288e-04	-3.8050e-04	1.5889e-04	1.1680e-02	-2.4564e-02	1.0076e-01
-8.8417e-04	-6.6092e-04	-2.1758e-04	-2.9820e-02	1.7578e-01	1.0558e-01	2.3433e-04	3.1222e-04	1.3824e-04	-1.1646e-02	4.7244e-02	1.1206e-02
-1.4522e-03	-9.7313e-04	-5.9473e-04	-5.0662e-02	1.1845e-01	8.7419e-02	-5.6806e-04	-3.1222e-04	-3.7715e-04	-2.0843e-02	-5.7334e-02	-1.8162e-02
-9.6276e-04	-9.7313e-04	-4.8289e-04	-2.9882e-02	1.3718e-01	1.1401e-01	4.8948e-04	0.0000e+00	1.1183e-04	2.0781e-02	1.8738e-02	2.6589e-02
-1.6833e-03	-3.1876e-04	-7.5951e-04	-4.8677e-02	1.2278e-01	1.1577e-01	-7.2053e-04	6.5438e-04	-2.7661e-04	-1.8795e-02	-1.4401e-02	1.7620e-03
-2.3773e-03	-7.1247e-04	-6.7843e-04	-4.4221e-02	1.0950e-01	1.4150e-01	-6.9399e-04	-3.9371e-04	8.1077e-05	4.4560e-03	-1.3280e-02	2.5726e-02
-2.4312e-03	-9.7313e-04	-9.0988e-04	-4.9415e-02	1.0456e-01	1.5906e-01	-5.3970e-05	-2.6067e-04	-2.3145e-04	-5.1944e-03	-4.9440e-03	1.7561e-02
-3.2132e-03	-1.2946e-03	-7.5951e-04	-4.6842e-02	5.4683e-02	1.6373e-01	-7.8201e-04	-3.2147e-04	1.5038e-04	2.5728e-03	-4.9876e-02	4.6720e-03
-1.3037e-03	-9.7313e-04	-8.6770e-04	-5.8575e-02	1.0359e-01	1.2574e-01	1.9096e-03	3.2147e-04	-1.0819e-04	-1.1733e-02	4.8910e-02	-3.7994e-02
-8.2157e-04	-9.7313e-04	-1.0744e-03	-7.2553e-02	1.1336e-01	1.2017e-01	4.8209e-04	-1.0000e-09	-2.0674e-04	-1.3978e-02	9.7700e-03	-5.5610e-03
-1.8605e-03	-9.7313e-04	-1.0387e-03	-5.8335e-02	4.3434e-02	1.7544e-01	-1.0389e-03	0.0000e+00	3.5760e-05	1.4218e-02	-6.9929e-02	5.5264e-02
-5.7267e-04	-1.7544e-04	-1.4159e-03	-6.5342e-02	1.1622e-01	-8.3203e-02	1.2878e-03	7.9769e-04	-3.7719e-04	-7.0068e-03	7.2791e-02	-2.5864e-01
-1.0155e-03	-5.3218e-04	-1.5399e-03	-6.3414e-02	1.1628e-01	-5.7014e-03	-4.4284e-04	-3.5674e-04	-1.2404e-04	1.9277e-03	5.2000e-05	7.7502e-02
-2.6262e-03	-9.7313e-04	-1.3296e-03	-5.5173e-02	7.3746e-02	1.1341e-01	-1.6107e-03	-4.4096e-04	2.1028e-04	8.2409e-03	-4.2531e-02	1.1911e-01
-2.0390e-03	7.2948e-04	3.2668e-04	-1.0627e-02	7.3902e-02	1.0355e-01	5.8718e-04	1.7026e-03	1.6563e-03	4.4546e-02	1.5520e-04	-9.8590e-03
-4.2589e-03	1.8054e-04	-2.2739e-04	-4.4185e-02	4.7516e-02	1.4921e-01	-2.2198e-03	-5.4894e-04	-5.5407e-04	-3.3557e-02	-2.6385e-02	4.5662e-02
-3.3262e-03	-3.5561e-04	-7.2885e-04	-4.7867e-02	6.1427e-02	1.4889e-01	9.3269e-04	-5.3615e-04	-5.0146e-04	-3.6823e-03	1.3911e-02	-3.2200e-04
-3.0018e-03	-3.0398e-04	-7.2885e-04	-4.3384e-02	1.7437e-02	1.2017e-01	3.2433e-04	5.1631e-05	0.0000e+00	4.4826e-03	-4.3990e-02	-2.8723e-02
-2.8954e-03	-1.3273e-04	-7.2885e-04	-4.5337e-02	7.8328e-02	1.0560e-01	1.0647e-04	1.7125e-04	0.0000e+00	-1.9530e-03	6.0891e-02	-1.4569e-02
-3.8429e-03	-3.1996e-04	-7.2885e-04	-4.9470e-02	3.0093e-02	1.4314e-01	-9.4752e-04	-1.8723e-04	0.0000e+00	-4.1325e-03	-4.8235e-02	3.7535e-02
8.5806e-04	2.6079e-03	-7.2885e-04	-1.4575e-02	4.5190e-02	-4.0570e-02	4.7009e-03	2.9278e-03	0.0000e+00	3.4895e-02	1.5097e-02	-1.8371e-01
-5.8831e-04	1.9888e-03	-4.7034e-04	-1.2082e-02	5.7068e-02	1.1663e-02	-1.4464e-03	-6.1901e-04	2.5850e-04	2.4934e-03	1.1878e-02	5.2233e-02
-9.6058e-04	1.4606e-03	-5.6700e-04	-2.3666e-02	6.5952e-02	2.8681e-02	-3.7227e-04	-5.2826e-04	-9.6655e-05	-1.1585e-02	8.8836e-03	1.7018e-02
-6.3988e-04	1.2178e-03	-7.2885e-04	-3.3450e-02	6.1889e-02	3.7780e-02	3.2070e-04	-2.4275e-04	-1.6185e-04	-9.7833e-03	-4.0626e-03	9.0988e-03
-7.1151e-04	4.6299e-04	-9.9330e-04	-1.4218e-02	8.4568e-02	3.8042e-02	-7.1624e-05	-7.5486e-04	-2.6446e-04	1.9231e-02	2.2679e-02	2.6210e-04
-1.8726e-03	-5.7890e-04	-5.9127e-04	-1.1458e-02	3.8857e-02	6.0205e-02	-1.1611e-03	-1.0419e-03	4.0204e-04	2.7604e-03	-4.5711e-02	2.2163e-02
-2.0928e-03	-2.7460e-04	-4.9445e-04	-1.7035e-02	7.4122e-02	1.0518e-01	-2.2018e-04	3.0429e-04	9.6812e-05	-5.5774e-03	3.5265e-02	4.4979e-02
-2.7625e-03	-3.6826e-04	-3.0872e-04	-1.2559e-02	4.8561e-02	1.1320e-01	-6.6975e-04	-9.3658e-05	1.8574e-04	4.4760e-03	-2.5561e-02	8.0110e-03
-2.8425e-03	-9.8449e-04	-4.2232e-04	-4.7491e-03	9.5894e-03	7.0471e-02	-7.9960e-05	-6.1623e-04	-1.1360e-04	7.8103e-03	-3.8972e-02	-4.2724e-02
-2.3375e-03	-9.8449e-04	-3.0872e-04	8.2433e-03	5.2272e-02	9.7587e-02	5.0503e-04	0.0000e+00	1.1360e-04	1.2992e-02	4.2683e-02	2.7116e-02
-3.3007e-03	-5.8419e-04	-4.1605e-04	4.6125e-03	2.8640e-02	1.1217e-01	-9.6321e-04	4.0030e-04	-1.0733e-04	-3.6308e-03	-2.3633e-02	1.4587e-02
-3.6559e-03	-9.8449e-04	-3.0872e-04	4.6671e-03	2.0232e-03	1.0879e-01	-3.5523e-04	-4.0030e-04	1.0733e-04	5.4620e-05	-2.6617e-02	-3.3800e-03
-2.9520e-03	-4.7145e-04	-3.9962e-04	4.6563e-03	2.9870e-02	5.3195e-02	7.0387e-04	5.1304e-04	-9.0902e-05	-1.0800e-05	2.7847e-02	-5.5599e-02
1.8807e-03	1.1061e-03	1.1104e-04	3.3591e-02	7.0364e-02	-8.7378e-02	4.8327e-03	1.5775e-03	5.1066e-04	2.8935e-02	4.0494e-02	-1.4057e-01
-5.1765e-03	-3.1591e-04	1.1104e-04	1.6262e-02	-2.7833e-02	7.9505e-02	-7.0572e-03	-1.4220e-03	0.0000e+00	-1.7329e-02	-9.8197e-02	1.6688e-01
-5.9360e-03	-5.5910e-04	2.9644e-04	3.3212e-02	-1.7864e-02	1.6284e-01	-7.5954e-04	-2.4320e-04	1.8540e-04	1.6950e-02	9.9691e-03	8.3335e-02
-5.3228e-03	-1.2036e-03	2.5773e-04	3.1293e-02	2.5196e-02	1.4023e-01	6.1322e-04	-6.4455e-04	-3.8713e-05	-1.9188e-03	4.3060e-02	-2.2612e-02
-5.4005e-03	-1.2036e-03	1.1104e-04	3.3324e-02	-3.6907e-03	1.8967e-01	-7.7660e-05	0.0000e+00	-1.4669e-04	2.0303e-03	-2.8887e-02	4.9438e-02
-6.1101e-03	-1.2036e-03	1.8642e-04	3.3321e-02	-2.8949e-02	2.0144e-01	-7.0964e-04	0.0000e+00	7.5381e-05	-2.5000e-06	-2.5259e-02	1.1774e-02
-6.4516e-03	-8.0508e-04	2.2371e-04	3.6139e-02	-3.5723e-02	2.0138e-01	-3.4154e-04	3.9857e-04	3.7291e-05	2.8179e-03	-6.7734e-03	-5.8000e-05
-6.3194e-03	-7.3135e-04	7.8334e-05	3.3219e-02	-2.8985e-02	2.2860e-01	1.3224e-04	7.3730e-05	-1.4538e-04	-2.9198e-03	6.7382e-03	2.7218e-02
-6.2846e-03	-7.9631e-04	-1.3400e-04	1.6616e-02	-3.6427e-02	2.3866e-01	3.4800e-05	-6.4958e-05	-2.1233e-04	-1.6603e-02	-7.4423e-03	1.0055e-02
-1.8145e-03	-1.0558e-04	-2.4264e-04	-2.7077e-02	-1.6458e-02	5.5527e-02	4.4701e-03	6.9074e-04	-1.0865e-04	-4.3693e-02	1.9969e-02	-1.8313e-01
-8.9554e-04	4.2974e-05	-6.0448e-04	-1.7223e-02	4.5930e-02	1.1599e-02	9.1895e-04	1.4855e-04	-3.6184e-04	9.8541e-03	6.2388e-02	-4.3927e-02
-3.2325e-03	-7.9631e-04	-4.0993e-04	-6.8978e-03	6.8905e-03	1.0433e-01	-2.3369e-03	-8.3929e-04	1.9456e-04	1.0325e-02	-3.9040e-02	9.2736e-02
-2.9277e-03	-7.9631e-04	-2.3602e-04	-1.5624e-02	-2.1085e-02	1.3556e-01	3.0473e-04	0.0000e+00	1.7390e-04	-8.7259e-03	-2.7975e-02	3.1224e-02
-2.5343e-03	-3.3987e-04	-4.0993e-04	-9.3097e-03	1.7402e-02	1.0315e-01	3.9349e-04	4.5644e-04	-1.7390e-04	6.3140e-03	3.8487e-02	-3.2406e-02
-3.8569e-03	-7.9631e-04	-2.0356e-04	-1.2078e-02	-3.0109e-02	1.1918e-01	-1.3226e-03	-4.5644e-04	2.0636e-04	-2.7679e-03	-4.7511e-02	1.6026e-02
-3.8569e-03	-5.9146e-04	-4.2352e-22	1.5308e-04	-3.0107e-02	1.5311e-01	0.0000e+00	2.0485e-04	2.0356e-04	1.2231e-02	1.8000e-06	3.3933e-02
-2.5316e-03	-2.2841e-04	1.4657e-04	1.1827e-04	-4.8101e-03	1.1279e-01	1.3252e-03	3.6305e-04	1.4657e-04	-3.4812e-05	2.5297e-02	-4.0325e-02
-1.9128e-03	7.3708e-05	0.0000e+00	-1.1336e-02	2.0519e-02	8.0694e-02	6.1883e-04	3.0212e-04	-1.4657e-04	-1.1454e-02	2.5329e-02	-3.2093e-02
-1.9400e-03	5.4868e-04	-1.4418e-04	-1.6268e-02	1.1947e-02	9.8631e-02	-2.7210e-05	4.7497e-04	-1.4418e-04	-4.9317e-03	-8.5724e-03	1.7936e-02
-2.6666e-03	-9.0751e-05	1.3667e-04	-1.1767e-02	-4.9327e-02	1.6357e-01	-7.2663e-04	-6.3943e-04	2.8085e-04	4.5006e-03	-6.1274e-02	6.4942e-02
-3.5928e-03	-3.6830e-04	2.2658e-04	1.3240e-04	-1.8427e-02	1.9220e-01	-9.2619e-04	-2.7755e-04	8.9912e-05	1.1900e-02	3.0900e-02	2.8622e-02
-4.6042e-03	-4.7198e-04	1.2384e-04	-4.9779e-03	-4.0776e-02	2.2820e-01	-1.0113e-03	-1.0367e-04	-1.0274e-04	-5.1103e-03	-2.2350e-02	3.6009e-02
-5.6908e-03	-1.2748e-03	1.4923e-04	-1.0807e-02	-7.8447e-02	2.8007e-01	-1.0867e-03	-8.0279e-04	2.5387e-05	-5.8288e-03	-3.7671e-02	5.1863e-02
-5.7926e-03	-7.6334e-04	3.3653e-04	2.6458e-03	-6.0563e-02	2.4321e-01	-1.0178e-04	5.1143e-04	1.8730e-04	1.3453e-02	1.7884e-02	-3.6859e-02
-3.6460e-03	-6.0568e-04	2.5400e-04	2.5880e-03	-3.2297e-02	1.6503e-01	2.1466e-03	1.5766e-04	-8.2529e-05	-5.7870e-05	2.8267e-02	-7.8183e-02
-4.2775e-03	-6.0568e-04	0.0000e+00	1.0116e-04	-2.8707e-02	1.9471e-01	-6.3150e-04	0.0000e+00	-2.5400e-04	-2.4868e-03	3.5900e-03	2.9681e-02
-3.4428e-03	-1.0634e-04	0.0000e+00	1.7761e-05	-6.6960e-02	1.4072e-01	8.3475e-04	4.9934e-04	0.0000e+00	-8.3401e-05	-3.8253e-02	-5.3983e-02
0.0000e+00	-0.0000e+00	0.0000e+00	0.0000e+00	0.0000e+00	0.0000e+00	3.4428e-03	1.0634e-04	0.0000e+00	-1.7761e-05	6.6960e-02	-1.4072e-01
3.3759e-03	4.5245e-04	-5.5302e-04	-1.7006e-02	4.9719e-02	-1.1635e-01	3.3759e-03	4.5245e-04	-5.5302e-04	-1.7006e-02	4.9719e-02	-1.1635e-01
8.2111e-04	1.7181e-04	-1.1399e-04	-1.7069e-02	-1.0403e-02	5.5500e-02	-2.5548e-03	-2.8063e-04	4.3903e-04	-6.2700e-05	-6.0122e-02	1.7185e-01
7.2881e-04	1.1178e-04	6.1012e-05	3.0793e-03	1.2334e-02	4.4324e-02	-9.2302e-05	-6.0034e-05	1.7500e-04	2.0148e-02	2.2737e-02	-1.1176e-02
-1.6404e-04	1.4267e-24	5.2636e-05	8.8041e-03	1.3102e-02	7.6354e-02	-8.9284e-04	-1.1178e-04	-8.3759e-06	5.7248e-03	7.6800e-04	3.2030e-02
-9.7962e-04	-7.7571e-05	2.4705e-04	9.2989e-03	-2.9261e-02	1.2699e-01	-8.1558e-04	-7.7571e-05	1.9442e-04	4.9474e-04	-4.2362e-02	5.0636e-02
-8.4185e-04	1.1701e-04	3.5433e-04	1.6588e-02	-1.0812e-02	8.1977e-02	1.3776e-04	1.9458e-04	1.0728e-04	7.2893e-03	1.8449e-02	-4.5013e-02
-5.4874e-04	5.7772e-04	2.4705e-04	-4.2983e-03	-3.9474e-02	9.2932e-03	2.9311e-04	4.6071e-04	-1.0728e-04	-2.0886e-02	-2.8662e-02	-7.2683e-02
7.3650e-03	2.5645e-03	2.4705e-04	1.0372e-02	-4.4068e-02	-2.3957e-01	7.9138e-03	1.9868e-03	0.0000e+00	1.4670e-02	-4.5938e-03	-2.4887e-01
6.4811e-03	3.3274e-03	-3.9514e-04	-1.2378e-02	4.0495e-02	-3.8344e-01	-8.8390e-04	7.6285e-04	-6.4220e-04	-2.2750e-02	8.4563e-02	-1.4387e-01
1.2564e-03	1.6833e-03	4.1532e-04	3.2573e-03	-2.0065e-02	-1.5591e-01	-5.2247e-03	-1.6441e-03	8.1046e-04	1.5635e-02	-6.0561e-02	2.2753e-01
2.8740e-03	1.7638e-03	4.8582e-04	2.4692e-02	-3.0010e-02	-1.3656e-01	1.6175e-03	8.0570e-05	7.0496e-05	2.1434e-02	-9.9442e-03	1.9347e-02
3.6318e-03	2.8948e-03	-2.6095e-04	2.4855e-02	1.0354e-02	-1.8219e-01	7.5782e-04	1.1309e-03	-7.4677e-04	1.6380e-04	4.0363e-02	-4.5624e-02
1.1248e-03	1.9195e-03	-6.0811e-05	2.4770e-02	-3.6832e-02	-7.2312e-02	-2.5070e-03	-9.7524e-04	2.0014e-04	-8.5300e-05	-4.7186e-02	1.0988e-01
6.8623e-04	2.2344e-03	1.1287e-04	2.4801e-02	-2.9146e-02	-5.3105e-02	-4.3856e-04	3.1490e-04	1.7368e-04	3.1200e-05	7.6868e-03	1.9206e-02
6.8623e-04	2.2256e-03	2.8197e-05	2.0611e-02	-1.2108e-02	-5.8134e-02	0.0000e+00	-8.7900e-06	-8.4672e-05	-4.1903e-03	1.7038e-02	-5.0283e-03
4.5373e-04	1.7410e-03	-2.6095e-04	1.1177e-02	-3.2073e-02	-5.3125e-02	-2.3250e-04	-4.8463e-04	-2.8915e-04	-9.4339e-03	-1.9965e-02	5.0086e-03
2.7560e-03	1.9768e-03	-7.1570e-05	1.8111e-02	-6.2758e-02	-9.3360e-02	2.3023e-03	2.3579e-04	1.8938e-04	6.9339e-03	-3.0685e-02	-4.0235e-02
3.6975e-04	1.9616e-03	-2.6095e-04	2.4752e-02	-1.4967e-02	-5.1775e-02	-2.3862e-03	-1.5170e-05	-1.8938e-04	6.6409e-03	4.7792e-02	4.1586e-02
2.9945e-03	1.8877e-03	-5.2113e-04	9.5707e-04	-9.5599e-03	-1.8936e-01	2.6248e-03	-7.3940e-05	-2.6018e-04	-2.3795e-02	5.4066e-03	-1.3759e-01
1.6756e-03	1.8273e-03	-4.3863e-04	6.9331e-03	-5.8110e-02	-7.4901e-02	-1.3189e-03	-6.0350e-05	8.2505e-05	5.9760e-03	-4.8550e-02	1.1446e-01
9.2449e-04	1.5792e-03	-5.0436e-04	2.5980e-02	-2.4312e-02	-6.9701e-02	-7.5112e-04	-2.4818e-04	-6.5735e-05	1.9047e-02	3.3798e-02	5.2002e-03
4.4060e-04	1.5792e-03	-5.2646e-04	2.4063e-02	-3.4518e-02	-6.1489e-02	-4.8388e-04	0.0000e+00	-2.2101e-05	-1.9170e-03	-1.0206e-02	8.2115e-03
9.9416e-04	1.1641e-03	-1.8194e-04	2.6623e-02	-4.4719e-02	-4.4222e-02	5.5355e-04	-4.1501e-04	3.4453e-04	2.5604e-03	-1.0201e-02	1.7268e-02
1.1052e-03	1.4610e-03	-3.5725e-04	1.9573e-02	-3.8241e-02	-6.4023e-02	1.1109e-04	2.9691e-04	-1.7531e-04	-7.0498e-03	6.4772e-03	-1.9801e-02
4.4060e-04	1.1641e-03	-5.2185e-04	8.5680e-04	-6.7860e-02	-3.7704e-02	-6.6465e-04	-2.9691e-04	-1.6460e-04	-1.8716e-02	-2.9618e-02	2.6319e-02
3.8919e-04	1.6724e-03	-6.4979e-04	1.1272e-02	-4.3079e-02	-3.7741e-02	-5.1416e-05	5.0828e-04	-1.2794e-04	1.0415e-02	2.4781e-02	-3.7300e-05
-1.0243e-05	1.6108e-03	-1.1453e-03	2.0956e-02	-4.5774e-02	1.6942e-03	-3.9943e-04	-6.1640e-05	-4.9554e-04	9.6847e-03	-2.6954e-03	3.9436e-02
-6.6675e-04	1.1641e-03	-8.5120e-04	1.6430e-02	-9.6950e-02	1.9499e-02	-6.5651e-04	-4.4664e-04	2.9413e-04	-4.5263e-03	-5.1176e-02	1.7805e-02
-1.1450e-04	1.1641e-03	-8.0371e-04	2.1478e-02	-7.2473e-02	-5.4057e-02	5.5225e-04	0.0000e+00	4.7493e-05	5.0483e-03	2.4478e-02	-7.3556e-02
2.1927e-03	1.5042e-03	-1.1453e-03	2.6341e-02	-4.3784e-02	-1.5090e-01	2.3072e-03	3.4010e-04	-3.4162e-04	4.8622e-03	2.8688e-02	-9.6847e-02
-6.1158e-04	1.3979e-03	-8.6648e-04	4.4903e-02	-9.6350e-02	1.4644e-02	-2.8043e-03	-1.0631e-04	2.7885e-04	1.8562e-02	-5.2565e-02	1.6555e-01
-2.9210e-04	1.7967e-03	-9.1007e-04	4.5746e-02	-5.5885e-02	7.6112e-03	3.1948e-04	3.9882e-04	-4.3589e-05	8.4290e-04	4.0465e-02	-7.0331e-03
-7.9480e-05	1.1641e-03	-9.4098e-04	3.5088e-02	-5.0308e-02	-2.9937e-02	2.1262e-04	-6.3261e-04	-3.0906e-05	-1.0658e-02	5.5774e-03	-3.7548e-02
-7.3127e-04	9.4813e-04	-7.8077e-04	3.5093e-02	-8.6748e-02	4.0153e-02	-6.5180e-04	-2.1601e-04	1.6021e-04	5.5000e-06	-3.6441e-02	7.0089e-02
-1.4827e-03	6.2359e-04	-3.5903e-04	4.4548e-02	-1.1384e-01	6.1716e-02	-7.5142e-04	-3.2454e-04	4.2175e-04	9.4545e-03	-2.7092e-02	2.1564e-02
-8.6414e-04	1.1475e-03	-6.1146e-04	3.5112e-02	-7.5131e-02	3.3210e-02	6.1855e-04	5.2388e-04	-2.5244e-04	-9.4356e-03	3.8709e-02	-2.8506e-02
-1.8360e-03	6.7417e-04	-7.5661e-04	3.7231e-02	-9.4357e-02	8.4360e-02	-9.7185e-04	-4.7330e-04	-1.4514e-04	2.1185e-03	-1.9227e-02	5.1150e-02
-7.6729e-04	6.8419e-04	-3.5903e-04	5.8630e-02	-1.1392e-01	1.6005e-02	1.0687e-03	1.0021e-05	3.9758e-04	2.1400e-02	-1.9565e-02	-6.8355e-02
-3.9542e-04	1.3521e-03	-3.5903e-04	7.0776e-02	-1.0344e-01	-8.2354e-03	3.7187e-04	6.6790e-04	0.0000e+00	1.2145e-02	1.0478e-02	-2.4240e-02
-6.4990e-04	1.2210e-03	-3.5903e-04	6.8155e-02	-9.2757e-02	3.4496e-03	-2.5448e-04	-1.3113e-04	0.0000e+00	-2.6203e-03	1.0687e-02	1.1685e-02
-6.3247e-04	1.1148e-03	-3.5903e-04	6.0425e-02	-9.8066e-02	1.2737e-02	1.7425e-05	-1.0620e-04	0.0000e+00	-7.7300e-03	-5.3096e-03	9.2875e-03
-1.1383e-03	1.0325e-03	-3.5903e-04	6.5066e-02	-1.3443e-01	4.3330e-02	-5.0585e-04	-8.2290e-05	0.0000e+00	4.6410e-03	-3.6360e-02	3.0593e-02
-1.0675e-03	1.0010e-03	-5.3555e-04	7.6564e-02	-9.5082e-02	5.3046e-02	7.0820e-05	-3.1480e-05	-1.7652e-04	1.1498e-02	3.9344e-02	9.7157e-03
-1.3651e-03	6.2359e-04	-5.3684e-04	7.0516e-02	-1.0623e-01	8.2072e-02	-2.9758e-04	-3.7740e-04	-1.3000e-06	-6.0480e-03	-1.1149e-02	2.9026e-02
-1.7615e-03	4.3562e-04	-3.5903e-04	8.2622e-02	-1.5012e-01	1.1457e-01	-3.9645e-04	-1.8797e-04	1.7782e-04	1.2105e-02	-4.3887e-02	3.2494e-02
-1.7615e-03	7.7071e-04	-3.5903e-04	7.8992e-02	-1.2839e-01	6.2214e-02	1.0000e-08	3.3509e-04	0.0000e+00	-3.6292e-03	2.1727e-02	-5.2352e-02
-1.6400e-03	4.5317e-04	-3.5903e-04	8.6690e-02	-1.2094e-01	1.1370e-01	1.2155e-04	-3.1754e-04	0.0000e+00	7.6976e-03	7.4520e-03	5.1481e-02
-1.9750e-03	4.2587e-04	-5.7881e-04	7.0509e-02	-1.6047e-01	1.3112e-01	-3.3502e-04	-2.7300e-05	-2.1978e-04	-1.6181e-02	-3.9533e-02	1.7420e-02
-2.0483e-03	5.4891e-04	-5.6802e-04	8.3574e-02	-1.6046e-01	1.0596e-01	-7.3340e-05	1.2304e-04	1.0782e-05	1.3065e-02	9.0000e-06	-2.5159e-02
-1.9632e-03	2.1852e-04	-7.2167e-04	7.0533e-02	-1.6045e-01	9.4426e-02	8.5120e-05	-3.3039e-04	-1.5365e-04	-1.3041e-02	1.6000e-05	-1.1530e-02
-3.0094e-03	2.1852e-04	-6.5157e-04	6.6650e-02	-1.8895e-01	1.6387e-01	-1.0461e-03	0.0000e+00	7.0103e-05	-3.8833e-03	-2.8505e-02	6.9447e-02
-2.4794e-03	7.3336e-04	-4.9465e-04	5.5526e-02	-2.1892e-01	8.1395e-02	5.2995e-04	5.1484e-04	1.5692e-04	-1.1124e-02	-2.9964e-02	-8.2478e-02
2.7636e-04	2.3334e-03	-3.5903e-04	6.3783e-02	-1.5756e-01	-5.5478e-02	2.7558e-03	1.6000e-03	1.3563e-04	8.2576e-03	6.1354e-02	-1.3687e-01
-2.2831e-03	1.0270e-03	-2.1654e-04	7.0812e-02	-1.7187e-01	7.4300e-02	-2.5595e-03	-1.3064e-03	1.4248e-04	7.0285e-03	-1.4312e-02	1.2978e-01
-1.1505e-03	5.8305e-04	8.3297e-05	5.0097e-02	-2.1480e-01	2.3921e-01	1.1327e-03	-4.4390e-04	2.9984e-04	-2.0715e-02	-4.2926e-02	1.6491e-01
-1.3929e-03	6.5198e-04	2.2555e-04	6.7268e-02	-2.0225e-01	2.0192e-01	-2.4241e-04	6.8923e-05	1.4225e-04	1.7171e-02	1.2547e-02	-3.7291e-02
-2.0334e-04	8.2172e-04	7.9605e-05	5.6242e-02	-1.9648e-01	6.0388e-02	1.1895e-03	1.6974e-04	-1.4595e-04	-1.1026e-02	5.7780e-03	-1.4153e-01
4.2961e-03	2.6153e-03	2.1511e-05	4.7884e-02	-1.3620e-01	-2.3197e-01	4.4994e-03	1.7936e-03	-5.8094e-05	-8.3583e-03	6.0280e-02	-2.9236e-01
2.2521e-03	1.3186e-03	4.0128e-04	6.3953e-02	-1.6549e-01	-8.8963e-02	-2.0440e-03	-1.2967e-03	3.7977e-04	1.6070e-02	-2.9293e-02	1.4301e-01
-7.2047e-04	8.7274e-04	2.5747e-04	6.7395e-02	-1.7641e-01	1.0738e-02	-2.9725e-03	-4.4589e-04	-1.4381e-04	3.4418e-03	-1.0921e-02	9.9701e-02
-3.1168e-04	7.2492e-04	3.7385e-04	6.5680e-02	-1.3978e-01	-4.1283e-03	4.0879e-04	-1.4782e-04	1.1638e-04	-1.7150e-03	3.6626e-02	-1.4866e-02
-1.0576e-03	7.7309e-04	3.4795e-04	6.7141e-02	-1.8546e-01	8.0283e-02	-7.4588e-04	4.8168e-05	-2.5898e-05	1.4608e-03	-4.5673e-02	8.4412e-02
-5.0904e-04	1.1601e-03	8.5794e-05	7.6013e-02	-1.7998e-01	8.3666e-02	5.4852e-04	3.8703e-04	-2.6216e-04	8.8725e-03	5.4720e-03	3.3825e-03
-7.2339e-04	8.7841e-04	-1.2193e-04	6.5715e-02	-1.7666e-01	6.8370e-02	-2.1436e-04	-2.8171e-04	-2.0773e-04	-1.0298e-02	3.3270e-03	-1.5296e-02
-1.1692e-03	3.9518e-04	-5.3534e-05	6.0262e-02	-2.1340e-01	1.6584e-01	-4.4579e-04	-4.8323e-04	6.8398e-05	-5.4540e-03	-3.6746e-02	9.7469e-02
-7.5686e-04	7.5863e-04	1.1438e-04	7.0491e-02	-2.3099e-01	1.1347e-01	4.1232e-04	3.6345e-04	1.6791e-04	1.0229e-02	-1.7585e-02	-5.2373e-02
2.0785e-03	1.5749e-03	-5.3534e-05	2.7526e-02	-1.7411e-01	-1.2825e-01	2.8353e-03	8.1622e-04	-1.6791e-04	-4.2964e-02	5.6880e-02	-2.4171e-01
1.5693e-03	1.1492e-03	-2.4808e-04	3.9451e-02	-1.4421e-01	-1.1164e-01	-5.0916e-04	-4.2568e-04	-1.9454e-04	1.1925e-02	2.9901e-02	1.6603e-02
1.2418e-03	1.0673e-03	-5.3534e-05	4.8614e-02	-1.9244e-01	1.5207e-02	-3.2750e-04	-8.1820e-05	1.9454e-04	9.1628e-03	-4.8232e-02	1.2685e-01
9.9074e-04	1.1091e-03	-5.3534e-05	6.5902e-02	-1.8008e-01	-4.5303e-02	-2.5109e-04	4.1710e-05	0.0000e+00	1.7288e-02	1.2357e-02	-6.0510e-02
1.8130e-04	8.1043e-04	-3.3551e-04	6.1119e-02	-1.4852e-01	-6.9306e-02	-8.0945e-04	-2.9863e-04	-2.8197e-04	-4.7825e-03	3.1567e-02	-2.4003e-02
-1.6390e-03	4.7167e-04	5.3033e-05	7.2924e-02	-2.2002e-01	5.4335e-02	-1.8203e-03	-3.3876e-04	3.8854e-04	1.1805e-02	-7.1509e-02	1.2364e-01
-1.5581e-03	6.5779e-04	1.7879e-05	8.1752e-02	-1.9987e-01	7.6154e-02	8.0920e-05	1.8612e-04	-3.5154e-05	8.8275e-03	2.0157e-02	2.1819e-02
-1.5581e-03	5.4954e-04	-2.7314e-04	7.6981e-02	-1.9677e-01	4.1805e-02	0.0000e+00	-1.0825e-04	-2.9102e-04	-4.7700e-03	3.0930e-03	-3.4349e-02
-2.0605e-03	4.9735e-04	-5.8804e-04	6.5793e-02	-1.9789e-01	6.5156e-02	-5.0245e-04	-5.2192e-05	-3.1490e-04	-1.1189e-02	-1.1150e-03	2.3351e-02
3.9497e-03	1.8624e-03	-6.3102e-04	7.3675e-03	-1.6143e-01	-3.3041e-01	6.0102e-03	1.3651e-03	-4.2976e-05	-5.8425e-02	3.6456e-02	-3.9557e-01
2.5009e-03	1.2034e-03	-6.3102e-04	3.5526e-02	-1.6104e-01	-2.6625e-01	-1.4488e-03	-6.5902e-04	0.0000e+00	2.8158e-02	3.8800e-04	6.4162e-02
1.3324e-03	9.7612e-04	-6.3102e-04	6.1269e-02	-2.0236e-01	-6.3130e-02	-1.1685e-03	-2.2729e-04	0.0000e+00	2.5743e-02	-4.1317e-02	2.0312e-01
1.5624e-03	1.3686e-03	-6.3102e-04	6.1335e-02	-1.7828e-01	-9.7109e-02	2.2992e-04	3.9245e-04	0.0000e+00	6.5500e-05	2.4086e-02	-3.3979e-02
1.0261e-03	1.2045e-03	-8.4444e-04	5.2933e-02	-1.6363e-01	-9.4643e-02	-5.3623e-04	-1.6409e-04	-2.1342e-04	-8.4013e-03	1.4648e-02	2.4658e-03
1.0534e-03	8.4474e-04	-6.3102e-04	6.9265e-02	-2.2350e-01	4.1678e-02	2.7270e-05	-3.5974e-04	2.1342e-04	1.6332e-02	-5.9872e-02	1.3632e-01
-2.2230e-04	7.5125e-04	-5.2679e-04	6.8803e-02	-2.2346e-01	3.5342e-02	-1.2757e-03	-9.3490e-05	1.0422e-04	-4.6210e-04	3.6000e-05	-6.3358e-03
-1.9695e-04	7.3989e-04	-6.3102e-04	5.8799e-02	-1.9552e-01	-1.1826e-02	2.5345e-05	-1.1355e-05	-1.0422e-04	-1.0003e-02	2.7942e-02	-4.7168e-02
-8.5706e-05	4.9925e-04	-6.3102e-04	6.1215e-02	-2.2346e-01	3.8660e-02	1.1124e-04	-2.4065e-04	0.0000e+00	2.4154e-03	-2.7939e-02	5.0486e-02
1.4511e-03	9.9119e-04	-6.3102e-04	4.4340e-02	-2.5581e-01	-4.6574e-02	1.5368e-03	4.9195e-04	0.0000e+00	-1.6875e-02	-3.2345e-02	-8.5234e-02
6.7104e-03	2.6953e-03	-1.0795e-03	9.5817e-03	-1.9085e-01	-3.0508e-01	5.2592e-03	1.7041e-03	-4.4852e-04	-3.4759e-02	6.4957e-02	-2.5851e-01
2.6282e-03	1.5049e-03	-8.7080e-04	1.9179e-02	-1.5581e-01	-2.1369e-01	-4.0821e-03	-1.1903e-03	2.0874e-04	9.5970e-03	3.5040e-02	9.1393e-02
6.9267e-04	7.4977e-04	-3.5434e-04	4.1666e-02	-2.2417e-01	-5.5923e-02	-1.9356e-03	-7.5518e-04	5.1645e-04	2.2487e-02	-6.8358e-02	1.5777e-01
5.7968e-04	7.4977e-04	-3.4128e-04	5.6749e-02	-2.2105e-01	-1.9344e-02	-1.1299e-04	0.0000e+00	1.3066e-05	1.5084e-02	3.1160e-03	3.6579e-02
1.4997e-04	8.1536e-04	-5.9894e-04	4.5809e-02	-1.9015e-01	-1.9304e-02	-4.2971e-04	6.5593e-05	-2.5766e-04	-1.0941e-02	3.0903e-02	3.9200e-05
4.2779e-04	2.1735e-04	-7.5211e-04	4.3221e-02	-2.2188e-01	2.4632e-02	2.7782e-04	-5.9801e-04	-1.5317e-04	-2.5876e-03	-3.1728e-02	4.3937e-02
-3.6688e-04	2.1735e-04	-5.6725e-04	5.3993e-02	-2.4047e-01	3.9885e-02	-7.9468e-04	0.0000e+00	1.8487e-04	1.0772e-02	-1.8598e-02	1.5253e-02
-1.3695e-04	3.9350e-04	-7.0102e-04	5.6720e-02	-2.3784e-01	3.5087e-02	2.2994e-04	1.7615e-04	-1.3377e-04	2.7274e-03	2.6310e-03	-4.7983e-03
-4.4890e-05	6.4036e-04	-7.5211e-04	4.0134e-02	-2.6240e-01	1.9885e-03	9.2058e-05	2.4686e-04	-5.1094e-05	-1.6586e-02	-2.4562e-02	-3.3098e-02
2.5567e-03	1.8440e-03	-7.5211e-04	1.9818e-02	-2.3434e-01	-1.9190e-01	2.6016e-03	1.2036e-03	0.0000e+00	-2.0316e-02	2.8067e-02	-1.9389e-01
2.8265e-03	1.6919e-03	-7.5211e-04	1.9777e-02	-2.0321e-01	-1.8175e-01	2.6980e-04	-1.5211e-04	0.0000e+00	-4.1200e-05	3.1130e-02	1.0154e-02
1.7489e-03	9.0371e-04	-4.4723e-04	4.4437e-02	-2.5755e-01	-5.1816e-02	-1.0776e-03	-7.8817e-04	3.0488e-04	2.4660e-02	-5.4340e-02	1.2993e-01
