2.1780e-03	1.3391e-03	-8.9466e-04	-8.0769e-03	2.5284e-01	-2.5374e-01	0.0000e+00	0.0000e+00	0.0000e+00	0.0000e+00	0.0000e+00	0.0000e+00
1.9419e-03	1.3391e-03	-8.9466e-04	-1.6137e-02	2.4936e-01	-2.8980e-01	-2.3610e-04	0.0000e+00	0.0000e+00	-8.0600e-03	-3.4870e-03	-3.6057e-02
1.1415e-03	1.7407e-03	-2.9302e-04	1.7579e-03	1.8266e-01	-2.3174e-01	-8.0043e-04	4.0160e-04	6.0164e-04	1.7895e-02	-6.6701e-02	5.8058e-02
1.5305e-03	1.7407e-03	-4.3809e-04	-1.8263e-02	2.5550e-01	-2.4979e-01	3.8898e-04	0.0000e+00	-1.4507e-04	-2.0021e-02	7.2849e-02	-1.8048e-02
1.2891e-03	1.7407e-03	-3.5185e-04	-1.3683e-02	2.1191e-01	-2.4145e-01	-2.4137e-04	0.0000e+00	8.6237e-05	4.5803e-03	-4.3596e-02	8.3460e-03
1.1966e-03	1.5392e-03	-3.5185e-04	1.6982e-03	2.4954e-01	-2.5044e-01	-9.2520e-05	-2.0144e-04	0.0000e+00	1.5381e-02	3.7632e-02	-8.9980e-03
1.0104e-03	1.7407e-03	-4.7978e-04	-1.9568e-02	1.8351e-01	-2.4232e-01	-1.8616e-04	2.0144e-04	-1.2793e-04	-2.1266e-02	-6.6033e-02	8.1260e-03
1.0353e-03	1.0436e-03	-1.3013e-03	-1.9931e-02	2.1553e-01	-2.4503e-01	2.4870e-05	-6.9712e-04	-8.2152e-04	-3.6300e-04	3.2027e-02	-2.7140e-03
1.1359e-03	1.2753e-03	-1.1160e-03	-1.9781e-02	1.9794e-01	-2.9891e-01	1.0056e-04	2.3175e-04	1.8534e-04	1.4970e-04	-1.7591e-02	-5.3883e-02
9.1287e-04	1.0394e-03	-1.1826e-03	-1.9884e-02	2.0481e-01	-2.4207e-01	-2.2300e-04	-2.3588e-04	-6.6610e-05	-1.0270e-04	6.8630e-03	5.6848e-02
1.4095e-03	1.3038e-03	-1.1247e-03	-1.7469e-02	2.1991e-01	-3.1394e-01	4.9659e-04	2.6440e-04	5.7860e-05	2.4153e-03	1.5103e-02	-7.1871e-02
9.9290e-04	1.2188e-03	-1.1084e-03	-1.9820e-02	1.7980e-01	-2.7344e-01	-4.1656e-04	-8.4990e-05	1.6310e-05	-2.3514e-03	-4.0111e-02	4.0502e-02
6.3170e-04	8.4589e-04	-1.2370e-03	-1.9966e-02	2.2540e-01	-2.9306e-01	-3.6120e-04	-3.7295e-04	-1.2865e-04	-1.4550e-04	4.5604e-02	-1.9620e-02
7.7665e-04	1.2053e-03	-9.9674e-04	-1.9812e-02	1.7375e-01	-2.9977e-01	1.4495e-04	3.5945e-04	2.4031e-04	1.5370e-04	-5.1647e-02	-6.7120e-03
6.9249e-04	8.4589e-04	-1.3013e-03	-3.1768e-02	2.1067e-01	-3.2032e-01	-8.4156e-05	-3.5945e-04	-3.0456e-04	-1.1956e-02	3.6919e-02	-2.0548e-02
8.1163e-04	8.4589e-04	-1.3013e-03	-2.6910e-02	1.8371e-01	-3.3320e-01	1.1914e-04	0.0000e+00	0.0000e+00	4.8583e-03	-2.6968e-02	-1.2886e-02
7.7423e-04	8.4589e-04	-1.3013e-03	-2.3829e-02	1.8657e-01	-2.7066e-01	-3.7396e-05	1.0000e-09	0.0000e+00	3.0813e-03	2.8600e-03	6.2542e-02
9.6001e-04	8.4589e-04	-1.4290e-03	-2.6594e-02	1.9051e-01	-3.1287e-01	1.8578e-04	0.0000e+00	-1.2768e-04	-2.7655e-03	3.9440e-03	-4.2208e-02
8.8475e-04	8.4589e-04	-1.3013e-03	-1.2664e-02	1.3974e-01	-2.8385e-01	-7.5261e-05	-1.0000e-09	1.2768e-04	1.3930e-02	-5.0766e-02	2.9021e-02
8.8925e-04	1.2889e-03	-6.9479e-04	-1.2375e-02	1.9139e-01	-3.0635e-01	4.4990e-06	4.4302e-04	6.0651e-04	2.8870e-04	5.1643e-02	-2.2504e-02
8.0832e-04	1.3538e-03	-6.9479e-04	-1.2353e-02	1.4227e-01	-2.7586e-01	-8.0925e-05	6.4880e-05	0.0000e+00	2.2100e-05	-4.9116e-02	3.0494e-02
9.2451e-04	1.4678e-03	-6.9479e-04	-1.2322e-02	1.8705e-01	-2.7595e-01	1.1619e-04	1.1397e-04	0.0000e+00	3.1500e-05	4.4775e-02	-9.0000e-05
1.0934e-03	1.4678e-03	-6.0473e-04	-1.2298e-02	1.7275e-01	-3.1143e-01	1.6885e-04	0.0000e+00	9.0059e-05	2.4100e-05	-1.4291e-02	-3.5487e-02
7.1333e-04	1.4030e-03	-6.9479e-04	-1.2341e-02	1.6266e-01	-2.8082e-01	-3.8003e-04	-6.4730e-05	-9.0059e-05	-4.3400e-05	-1.0092e-02	3.0614e-02
1.1302e-03	1.4822e-03	-6.9479e-04	-1.2341e-02	1.7854e-01	-3.4252e-01	4.1685e-04	7.9190e-05	0.0000e+00	2.0000e-07	1.5873e-02	-6.1698e-02
7.3321e-04	1.5655e-03	-6.4423e-04	-1.2302e-02	1.4045e-01	-3.1904e-01	-3.9697e-04	8.3310e-05	5.0561e-05	3.8800e-05	-3.8089e-02	2.3482e-02
6.5714e-04	1.4484e-03	-1.6105e-03	-1.2597e-02	1.6551e-01	-3.2156e-01	-7.6070e-05	-1.1717e-04	-9.6622e-04	-2.9480e-04	2.5059e-02	-2.5240e-03
-4.4951e-04	1.1697e-03	-6.3213e-04	-1.9264e-02	1.2944e-01	-3.1780e-01	-1.1067e-03	-2.7864e-04	9.7832e-04	-6.6670e-03	-3.6068e-02	3.7610e-03
-2.4078e-04	1.1697e-03	-1.0156e-03	-1.6490e-02	1.1454e-01	-2.6279e-01	2.0873e-04	0.0000e+00	-3.8348e-04	2.7735e-03	-1.4899e-02	5.5007e-02
1.1990e-03	1.1697e-03	-7.8657e-04	-1.6223e-02	1.7983e-01	-3.1905e-01	1.4397e-03	0.0000e+00	2.2904e-04	2.6690e-04	6.5288e-02	-5.6257e-02
9.7160e-04	1.1697e-03	-1.0811e-03	-1.2540e-02	1.0906e-01	-3.0495e-01	-2.2737e-04	0.0000e+00	-2.9454e-04	3.6830e-03	-7.0764e-02	1.4100e-02
6.4178e-04	7.6381e-04	-9.7055e-04	-1.2616e-02	1.4834e-01	-2.8449e-01	-3.2982e-04	-4.0591e-04	1.1056e-04	-7.5600e-05	3.9281e-02	2.0461e-02
-1.5790e-04	1.1907e-03	-7.8915e-04	-1.5600e-02	1.0805e-01	-3.1600e-01	-7.9968e-04	4.2687e-04	1.8140e-04	-2.9842e-03	-4.0294e-02	-3.1511e-02
4.7149e-04	1.1907e-03	-8.2851e-04	-1.2548e-02	1.1436e-01	-2.7727e-01	6.2939e-04	0.0000e+00	-3.9359e-05	3.0524e-03	6.3150e-03	3.8733e-02
9.9959e-04	1.2686e-03	-1.0701e-03	-1.2551e-02	1.9107e-01	-3.4404e-01	5.2810e-04	7.7960e-05	-2.4160e-04	-3.3000e-06	7.6707e-02	-6.6778e-02
8.2905e-04	1.6138e-03	-1.0646e-03	-1.7739e-02	1.6127e-01	-3.4136e-01	-1.7054e-04	3.4516e-04	5.5300e-06	-5.1873e-03	-2.9803e-02	2.6800e-03
7.2363e-04	1.4238e-03	-1.1010e-03	-2.1260e-02	1.5014e-01	-3.2901e-01	-1.0541e-04	-1.9005e-04	-3.6400e-05	-3.5214e-03	-1.1128e-02	1.2355e-02
1.1772e-03	9.0521e-04	-1.6105e-03	-3.7693e-02	1.3447e-01	-4.1295e-01	4.5361e-04	-5.1854e-04	-5.0947e-04	-1.6433e-02	-1.5676e-02	-8.3945e-02
6.8230e-04	6.9730e-04	-1.5085e-03	-4.0235e-02	1.4608e-01	-3.3817e-01	-4.9494e-04	-2.0790e-04	1.0190e-04	-2.5421e-03	1.1611e-02	7.4783e-02
1.2954e-04	6.9730e-04	-1.3636e-03	-4.1311e-02	1.3953e-01	-3.0295e-01	-5.5276e-04	0.0000e+00	1.4499e-04	-1.0765e-03	-6.5460e-03	3.5223e-02
4.3163e-04	6.9730e-04	-1.2098e-03	-4.1349e-02	7.9452e-02	-3.0940e-01	3.0210e-04	0.0000e+00	1.5373e-04	-3.7300e-05	-6.0078e-02	-6.4510e-03
5.3889e-04	1.1321e-03	-7.1461e-04	-1.8231e-02	1.3336e-01	-3.2077e-01	1.0726e-04	4.3481e-04	4.9522e-04	2.3118e-02	5.3906e-02	-1.1369e-02
1.7035e-04	1.3970e-03	-4.8625e-04	-1.8165e-02	8.1838e-02	-3.2300e-01	-3.6854e-04	2.6487e-04	2.2836e-04	6.6600e-05	-5.1520e-02	-2.2340e-03
-7.3875e-04	1.4374e-03	-1.2098e-03	-3.7939e-02	6.7241e-02	-1.9706e-01	-9.0910e-04	4.0390e-05	-7.2358e-04	-1.9774e-02	-1.4597e-02	1.2594e-01
5.0717e-04	9.7542e-04	-1.3139e-03	-3.8053e-02	6.6956e-02	-2.1537e-01	1.2459e-03	-4.6195e-04	-1.0403e-04	-1.1440e-04	-2.8550e-04	-1.8313e-02
1.0565e-04	6.9361e-04	-1.2098e-03	-3.8098e-02	4.8918e-02	-2.4668e-01	-4.0152e-04	-2.8181e-04	1.0403e-04	-4.5200e-05	-1.8037e-02	-3.1303e-02
3.0307e-04	6.9361e-04	-1.2098e-03	-3.8098e-02	3.1025e-02	-2.7123e-01	1.9742e-04	0.0000e+00	0.0000e+00	0.0000e+00	-1.7893e-02	-2.4553e-02
2.0162e-04	6.9361e-04	-1.2098e-03	-3.1155e-02	1.2394e-01	-2.5329e-01	-1.0145e-04	0.0000e+00	0.0000e+00	6.9434e-03	9.2910e-02	1.7937e-02
1.2987e-04	1.1858e-03	-1.2098e-03	-3.8003e-02	5.1620e-02	-2.1420e-01	-7.1748e-05	4.9223e-04	0.0000e+00	-6.8477e-03	-7.2315e-02	3.9090e-02
2.4832e-04	6.9361e-04	-1.2098e-03	-3.8098e-02	7.4540e-02	-2.2105e-01	1.1845e-04	-4.9223e-04	0.0000e+00	-9.5700e-05	2.2920e-02	-6.8490e-03
5.6343e-05	1.1971e-03	-1.1375e-03	-3.7980e-02	4.1316e-02	-2.4849e-01	-1.9198e-04	5.0354e-04	7.2300e-05	1.1800e-04	-3.3224e-02	-2.7439e-02
-1.1047e-03	1.1971e-03	-4.5581e-04	-3.7889e-02	3.9200e-02	-1.9040e-01	-1.1611e-03	0.0000e+00	6.8172e-04	9.1500e-05	-2.1154e-03	5.8091e-02
-8.0637e-04	1.1971e-03	-4.8017e-04	-6.4121e-03	7.3608e-02	-2.5087e-01	2.9835e-04	0.0000e+00	-2.4360e-05	3.1477e-02	3.4408e-02	-6.0473e-02
-8.7144e-04	1.6037e-03	-3.0008e-04	-3.8844e-03	2.8057e-02	-2.0523e-01	-6.5077e-05	4.0658e-04	1.8010e-04	2.5277e-03	-4.5550e-02	4.5640e-02
-1.0645e-03	1.1994e-03	-2.1964e-04	5.5997e-03	6.7735e-02	-2.1682e-01	-1.9310e-04	-4.0432e-04	8.0431e-05	9.4841e-03	3.9678e-02	-1.1593e-02
-1.6468e-03	7.7365e-04	-1.4978e-04	5.5342e-03	1.1815e-02	-1.2504e-01	-5.8222e-04	-4.2576e-04	6.9860e-05	-6.5560e-05	-5.5921e-02	9.1785e-02
-2.9163e-04	3.0719e-04	-9.2740e-04	-1.1402e-02	5.6290e-02	-2.2535e-01	1.3551e-03	-4.6646e-04	-7.7762e-04	-1.6936e-02	4.4476e-02	-1.0031e-01
-4.4874e-06	6.4487e-04	-9.2740e-04	-1.6183e-02	3.4066e-02	-2.4915e-01	2.8714e-04	3.3768e-04	0.0000e+00	-4.7814e-03	-2.2224e-02	-2.3803e-02
-9.4934e-05	6.9721e-04	-9.2740e-04	-6.4175e-03	6.2168e-02	-2.3194e-01	-9.0447e-05	5.2339e-05	0.0000e+00	9.7658e-03	2.8102e-02	1.7208e-02
-4.4874e-06	5.6369e-04	-9.2740e-04	-6.4535e-03	4.6772e-02	-2.9999e-01	9.0447e-05	-1.3352e-04	-1.0000e-09	-3.6040e-05	-1.5396e-02	-6.8048e-02
-9.8531e-04	1.1753e-03	-1.9417e-04	3.7191e-03	3.6149e-04	-2.7114e-01	-9.8083e-04	6.1157e-04	7.3324e-04	1.0173e-02	-4.6411e-02	2.8850e-02
-5.9751e-04	1.0843e-03	-1.0377e-04	-2.8366e-03	5.8596e-02	-3.2480e-01	3.8781e-04	-9.0960e-05	9.0393e-05	-6.5557e-03	5.8234e-02	-5.3658e-02
-2.2485e-04	7.1902e-04	-3.8658e-04	-6.3459e-03	4.3409e-02	-1.2773e-01	3.7266e-04	-3.6528e-04	-2.8280e-04	-3.5093e-03	-1.5186e-02	1.9707e-01
1.8696e-04	9.7793e-04	-1.5475e-04	-3.6414e-02	2.6663e-02	-2.7391e-01	4.1180e-04	2.5891e-04	2.3183e-04	-3.0068e-02	-1.6747e-02	-1.4619e-01
-1.4181e-05	6.4487e-04	-6.3626e-04	-4.6537e-02	6.0522e-02	-1.9019e-01	-2.0114e-04	-3.3306e-04	-4.8151e-04	-1.0123e-02	3.3859e-02	8.3725e-02
-3.7259e-04	1.2088e-03	-5.1969e-04	-5.4362e-02	-9.2937e-03	-9.7925e-02	-3.5840e-04	5.6389e-04	1.1657e-04	-7.8255e-03	-6.9816e-02	9.2262e-02
-3.7259e-04	1.1082e-03	-4.2996e-04	-4.2976e-02	8.7091e-03	-9.8489e-02	0.0000e+00	-1.0055e-04	8.9725e-05	1.1386e-02	1.8003e-02	-5.6360e-04
5.6986e-05	1.2088e-03	-5.8800e-04	-5.8968e-02	5.3544e-03	-1.6253e-01	4.2957e-04	1.0055e-04	-1.5804e-04	-1.5992e-02	-3.3547e-03	-6.4038e-02
-7.7471e-04	1.5398e-03	-5.1969e-04	-5.8921e-02	-5.7551e-02	-1.0414e-01	-8.3169e-04	3.3107e-04	6.8315e-05	4.7000e-05	-6.2906e-02	5.8390e-02
-4.6228e-04	1.2088e-03	-5.1969e-04	-4.2664e-02	-5.1713e-03	-1.3665e-01	3.1243e-04	-3.3107e-04	0.0000e+00	1.6257e-02	5.2380e-02	-3.2510e-02
2.6724e-04	9.9694e-04	-7.4445e-04	-3.8459e-02	-6.1733e-02	-1.8573e-01	7.2952e-04	-2.1182e-04	-2.2476e-04	4.2051e-03	-5.6562e-02	-4.9082e-02
-3.7259e-04	1.7681e-03	2.4667e-04	-2.5592e-02	2.5213e-03	-1.6970e-01	-6.3983e-04	7.7117e-04	9.9111e-04	1.2867e-02	6.4255e-02	1.6025e-02
-5.1617e-04	1.5552e-03	-2.6250e-06	-1.6491e-02	-9.7336e-02	-1.6969e-01	-1.4358e-04	-2.1295e-04	-2.4929e-04	9.1006e-03	-9.9857e-02	1.2000e-05
-3.7259e-04	1.7681e-03	5.5296e-05	-1.6451e-02	-6.2574e-02	-1.8761e-01	1.4358e-04	2.1295e-04	5.7921e-05	4.0600e-05	3.4762e-02	-1.7914e-02
-2.2415e-04	1.2263e-03	9.5459e-05	-2.1230e-02	-1.3804e-02	-1.6280e-01	1.4844e-04	-5.4179e-04	4.0163e-05	-4.7795e-03	4.8770e-02	2.4806e-02
2.8967e-04	1.2263e-03	3.0951e-04	-1.6479e-02	-2.0306e-02	-1.9703e-01	5.1382e-04	0.0000e+00	2.1405e-04	4.7508e-03	-6.5019e-03	-3.4235e-02
-1.0366e-04	1.2263e-03	-5.3364e-04	-3.3660e-02	-3.7317e-02	-1.4796e-01	-3.9333e-04	0.0000e+00	-8.4314e-04	-1.7181e-02	-1.7011e-02	4.9078e-02
2.3742e-04	1.0824e-03	-6.9685e-04	-3.3692e-02	-3.4549e-03	-1.9776e-01	3.4108e-04	-1.4391e-04	-1.6322e-04	-3.1300e-05	3.3862e-02	-4.9799e-02
-1.4719e-04	5.9530e-04	-8.7541e-04	-3.3812e-02	-5.4442e-02	-1.5698e-01	-3.8461e-04	-4.8711e-04	-1.7856e-04	-1.1990e-04	-5.0987e-02	4.0777e-02
2.4897e-04	8.4261e-04	-7.2594e-04	-3.3748e-02	-1.2673e-02	-1.8143e-01	3.9616e-04	2.4731e-04	1.4948e-04	6.3200e-05	4.1770e-02	-2.4447e-02
2.7132e-04	9.4527e-04	-5.8729e-04	-3.5941e-02	-6.4134e-02	-1.8605e-01	2.2347e-05	1.0266e-04	1.3864e-04	-2.1929e-03	-5.1461e-02	-4.6230e-03
2.5076e-04	5.9530e-04	-6.8259e-04	-3.3788e-02	-2.5077e-02	-1.8885e-01	-2.0562e-05	-3.4997e-04	-9.5302e-05	2.1528e-03	3.9057e-02	-2.7990e-03
3.4213e-04	1.1518e-03	-4.5481e-04	-3.3640e-02	-3.6942e-02	-2.1538e-01	9.1369e-05	5.5652e-04	2.2778e-04	1.4800e-04	-1.1864e-02	-2.6533e-02
-1.4329e-04	8.7232e-04	-4.5481e-04	-1.7544e-02	-5.9398e-02	-1.6656e-01	-4.8542e-04	-2.7950e-04	0.0000e+00	1.6096e-02	-2.2456e-02	4.8826e-02
-7.2711e-04	1.2709e-03	-1.6280e-04	-4.6916e-03	-4.5050e-02	-2.2793e-01	-5.8382e-04	3.9857e-04	2.9201e-04	1.2853e-02	1.4347e-02	-6.1378e-02
-3.3291e-05	1.1720e-03	-1.2162e-05	-4.6825e-03	-1.1797e-01	-2.0316e-01	6.9382e-04	-9.8900e-05	1.5064e-04	9.0600e-06	-7.2921e-02	2.4770e-02
-1.0428e-03	1.3540e-03	2.8805e-04	-7.3039e-03	-8.7062e-02	-1.8256e-01	-1.0095e-03	1.8202e-04	3.0021e-04	-2.6214e-03	3.0909e-02	2.0605e-02
5.7181e-04	9.0115e-04	-2.3568e-04	4.5183e-03	4.8384e-02	-1.9867e-01	1.6146e-03	-4.5286e-04	-5.2373e-04	1.1822e-02	1.3545e-01	-1.6116e-02
3.4269e-04	1.2709e-03	-2.4840e-04	-8.1298e-03	-3.8590e-02	-2.0276e-01	-2.2911e-04	3.6974e-04	-1.2719e-05	-1.2648e-02	-8.6975e-02	-4.0850e-03
7.1585e-04	1.2709e-03	0.0000e+00	-6.6029e-03	4.2644e-02	-1.4890e-01	3.7316e-04	0.0000e+00	2.4840e-04	1.5269e-03	8.1234e-02	5.3856e-02
3.4308e-04	1.2709e-03	0.0000e+00	1.1702e-03	-5.5726e-02	-1.9021e-01	-3.7278e-04	0.0000e+00	0.0000e+00	7.7731e-03	-9.8370e-02	-4.1307e-02
5.7416e-04	1.3750e-03	0.0000e+00	-1.6584e-02	-3.7271e-03	-2.0411e-01	2.3109e-04	1.0410e-04	0.0000e+00	-1.7755e-02	5.1999e-02	-1.3899e-02
4.7986e-04	1.0955e-03	0.0000e+00	-2.3943e-02	1.1376e-02	-1.3867e-01	-9.4304e-05	-2.7950e-04	0.0000e+00	-7.3583e-03	1.5103e-02	6.5440e-02
3.8199e-04	1.0955e-03	0.0000e+00	-1.1246e-02	-3.6912e-03	-1.7907e-01	-9.7865e-05	0.0000e+00	0.0000e+00	1.2697e-02	-1.5067e-02	-4.0405e-02
0.0000e+00	6.2281e-04	0.0000e+00	-9.0401e-03	-3.6366e-03	-8.8461e-02	-3.8199e-04	-4.7267e-04	0.0000e+00	2.2055e-03	5.4610e-05	9.0613e-02
-1.6451e-04	-0.0000e+00	-2.6044e-04	-1.0113e-05	-1.2829e-02	-5.8933e-02	-1.6451e-04	-6.2281e-04	-2.6044e-04	9.0300e-03	-9.1927e-03	2.9528e-02
0.0000e+00	-0.0000e+00	2.7655e-04	1.0762e-02	-4.5614e-02	0.0000e+00	1.6451e-04	0.0000e+00	5.3699e-04	1.0772e-02	-3.2784e-02	5.8933e-02
0.0000e+00	-0.0000e+00	0.0000e+00	0.0000e+00	0.0000e+00	0.0000e+00	0.0000e+00	0.0000e+00	-2.7655e-04	-1.0762e-02	4.5614e-02	0.0000e+00
1.3235e-23	-1.7631e-04	3.8789e-04	1.7367e-02	-5.7152e-02	6.3136e-02	1.3235e-23	-1.7631e-04	3.8789e-04	1.7367e-02	-5.7152e-02	6.3136e-02
-2.1775e-04	-3.7012e-04	7.3034e-04	3.6479e-02	-4.0407e-02	6.0223e-03	-2.1775e-04	-1.9380e-04	3.4245e-04	1.9112e-02	1.6745e-02	-5.7114e-02
-5.8870e-04	-0.0000e+00	4.4334e-04	1.9702e-02	-1.3844e-01	2.2900e-02	-3.7095e-04	3.7012e-04	-2.8699e-04	-1.6777e-02	-9.8028e-02	1.6877e-02
-1.3208e-03	-0.0000e+00	4.4334e-04	1.4656e-02	-7.9635e-02	-1.5457e-02	-7.3206e-04	0.0000e+00	0.0000e+00	-5.0460e-03	5.8800e-02	-3.8357e-02
-4.5970e-04	3.8429e-04	9.4314e-04	1.8568e-02	-1.2326e-01	1.7582e-02	8.6106e-04	3.8429e-04	4.9980e-04	3.9116e-03	-4.3626e-02	3.3039e-02
-1.5805e-03	3.1251e-04	5.2730e-04	1.8615e-02	-9.0633e-02	3.3389e-02	-1.1208e-03	-7.1789e-05	-4.1584e-04	4.7600e-05	3.2628e-02	1.5806e-02
-9.2917e-04	3.1251e-04	5.8079e-04	2.4559e-02	-1.1983e-01	4.6369e-02	6.5131e-04	0.0000e+00	5.3492e-05	5.9436e-03	-2.9194e-02	1.2980e-02
1.8029e-04	1.3691e-04	5.8079e-04	3.5557e-02	-5.8536e-02	4.4143e-02	1.1095e-03	-1.7560e-04	0.0000e+00	1.0998e-02	6.1291e-02	-2.2258e-03
-7.4911e-04	3.1251e-04	5.8079e-04	2.1552e-02	-7.0077e-02	2.0365e-02	-9.2939e-04	1.7560e-04	0.0000e+00	-1.4005e-02	-1.1540e-02	-2.3779e-02
-2.9811e-04	5.8159e-05	3.6009e-04	1.5211e-02	-7.7342e-02	4.6263e-02	4.5099e-04	-2.5435e-04	-2.2070e-04	-6.3407e-03	-7.2657e-03	2.5899e-02
-1.8164e-06	3.1251e-04	5.8079e-04	2.7815e-02	-2.5065e-02	-3.4682e-02	2.9630e-04	2.5435e-04	2.2070e-04	1.2604e-02	5.2277e-02	-8.0945e-02
-4.1421e-04	3.1251e-04	5.8079e-04	2.7815e-02	-1.1335e-01	-7.6372e-03	-4.1239e-04	1.0000e-09	0.0000e+00	0.0000e+00	-8.8288e-02	2.7045e-02
-3.9712e-04	3.1251e-04	5.8079e-04	2.7815e-02	-1.0327e-01	-6.1299e-02	1.7089e-05	0.0000e+00	0.0000e+00	0.0000e+00	1.0079e-02	-5.3662e-02
-8.2294e-05	1.9887e-04	6.2876e-05	2.7777e-02	-2.1050e-02	-2.1937e-02	3.1482e-04	-1.1363e-04	-5.1791e-04	-3.8400e-05	8.2224e-02	3.9362e-02
3.7509e-05	-1.0420e-04	2.6076e-04	1.5644e-02	-9.4056e-02	8.1599e-03	1.1980e-04	-3.0307e-04	1.9788e-04	-1.2132e-02	-7.3007e-02	3.0097e-02
-1.4549e-04	-1.0420e-04	6.2876e-05	-2.3206e-02	-5.7621e-02	-1.3623e-02	-1.8300e-04	0.0000e+00	-1.9788e-04	-3.8850e-02	3.6435e-02	-2.1783e-02
-4.8427e-04	-2.4241e-04	6.2876e-05	-3.7212e-02	-8.0548e-02	-2.1336e-02	-3.3877e-04	-1.3821e-04	0.0000e+00	-1.4005e-02	-2.2927e-02	-7.7132e-03
-6.6299e-04	-1.0420e-04	4.9102e-04	-2.3207e-02	-7.0235e-02	2.1564e-02	-1.7872e-04	1.3821e-04	4.2815e-04	1.4005e-02	1.0313e-02	4.2900e-02
-4.0501e-04	-1.0420e-04	2.5482e-04	7.1196e-03	-5.9449e-02	-2.3358e-02	2.5798e-04	0.0000e+00	-2.3620e-04	3.0326e-02	1.0786e-02	-4.4921e-02
-1.2974e-03	-6.5408e-04	1.9730e-04	2.2798e-02	-9.5328e-02	9.0724e-02	-8.9244e-04	-5.4988e-04	-5.7526e-05	1.5679e-02	-3.5879e-02	1.1408e-01
-1.3069e-03	-3.5201e-04	4.6747e-04	2.7406e-02	-8.2749e-02	2.8964e-02	-9.5000e-06	3.0207e-04	2.7017e-04	4.6083e-03	1.2579e-02	-6.1760e-02
-1.4284e-03	-6.5408e-04	1.5060e-04	2.7454e-02	-1.4943e-01	4.2657e-02	-1.2146e-04	-3.0207e-04	-3.1687e-04	4.8100e-05	-6.6678e-02	1.3694e-02
-4.2339e-04	-2.3288e-04	4.0223e-04	3.1879e-02	-8.2001e-02	-2.6860e-02	1.0050e-03	4.2120e-04	2.5163e-04	4.4244e-03	6.7426e-02	-6.9517e-02
-7.4712e-04	-3.6948e-05	7.5439e-04	4.6739e-02	-1.6711e-01	2.8888e-02	-3.2373e-04	1.9593e-04	3.5216e-04	1.4860e-02	-8.5106e-02	5.5748e-02
-1.4733e-03	3.8627e-04	4.0223e-04	5.0288e-02	-1.2882e-01	2.8879e-02	-7.2619e-04	4.2322e-04	-3.5216e-04	3.5489e-03	3.8287e-02	-9.1000e-06
-1.2289e-03	1.3627e-04	4.0223e-04	2.8336e-02	-1.9823e-01	6.6749e-02	2.4444e-04	-2.5000e-04	-1.0000e-09	-2.1952e-02	-6.9408e-02	3.7870e-02
-1.2211e-03	5.2183e-05	4.0223e-04	2.0948e-02	-1.3585e-01	4.7653e-02	7.7900e-06	-8.4086e-05	0.0000e+00	-7.3878e-03	6.2380e-02	-1.9096e-02
-1.4566e-03	1.3627e-04	4.0223e-04	3.0367e-02	-1.9205e-01	3.3268e-02	-2.3555e-04	8.4086e-05	0.0000e+00	9.4190e-03	-5.6205e-02	-1.4384e-02
-1.2167e-03	1.8194e-05	4.0223e-04	2.0945e-02	-1.5323e-01	3.2540e-02	2.3995e-04	-1.1807e-04	1.0000e-09	-9.4227e-03	3.8828e-02	-7.2830e-04
-1.7856e-04	1.3627e-04	-1.7240e-04	2.0927e-02	-1.4277e-01	-1.4160e-02	1.0381e-03	1.1807e-04	-5.7463e-04	-1.8000e-05	1.0453e-02	-4.6700e-02
-1.1139e-03	1.3627e-04	4.4305e-04	4.3187e-02	-1.6140e-01	3.0132e-02	-9.3537e-04	0.0000e+00	6.1545e-04	2.2260e-02	-1.8624e-02	4.4291e-02
-1.3834e-03	5.9176e-05	4.9169e-04	3.3488e-02	-1.4961e-01	1.9057e-02	-2.6951e-04	-7.7093e-05	4.8639e-05	-9.6991e-03	1.1787e-02	-1.1075e-02
-1.3579e-03	3.8627e-04	6.8870e-04	4.3173e-02	-1.5178e-01	8.4465e-02	2.5530e-05	3.2709e-04	1.9701e-04	9.6856e-03	-2.1720e-03	6.5408e-02
-4.0513e-04	-1.3762e-04	3.9549e-04	4.3181e-02	-1.2189e-01	7.5460e-02	9.5278e-04	-5.2389e-04	-2.9321e-04	7.5000e-06	2.9894e-02	-9.0051e-03
-1.1457e-03	-4.5876e-04	4.7298e-04	3.1067e-02	-1.6433e-01	8.8188e-02	-7.4056e-04	-3.2114e-04	7.7491e-05	-1.2114e-02	-4.2443e-02	1.2728e-02
-1.6323e-03	-5.1603e-04	1.9424e-04	-1.1256e-02	-1.6445e-01	1.3384e-01	-4.8662e-04	-5.7267e-05	-2.7874e-04	-4.2324e-02	-1.1700e-04	4.5649e-02
-2.3139e-03	-6.3414e-04	1.9424e-04	-1.1242e-02	-1.6452e-01	1.0347e-01	-6.8164e-04	-1.1811e-04	0.0000e+00	1.4200e-05	-7.6000e-05	-3.0365e-02
-2.1146e-03	-4.4826e-04	-3.4813e-04	7.9042e-03	-1.8321e-01	1.1583e-01	1.9939e-04	1.8588e-04	-5.4237e-04	1.9146e-02	-1.8682e-02	1.2354e-02
-2.0619e-03	-3.0847e-04	1.9424e-04	3.5353e-03	-1.8891e-01	1.2640e-01	5.2630e-05	1.3979e-04	5.4237e-04	-4.3688e-03	-5.7080e-03	1.0573e-02
-1.7611e-03	-3.0847e-04	-2.2261e-04	4.3752e-03	-2.2286e-01	9.3791e-02	3.0083e-04	0.0000e+00	-4.1684e-04	8.3988e-04	-3.3944e-02	-3.2608e-02
-2.3366e-03	-3.0847e-04	-1.6873e-04	-2.1205e-03	-1.5881e-01	1.4880e-01	-5.7546e-04	0.0000e+00	5.3877e-05	-6.4957e-03	6.4048e-02	5.5013e-02
-7.2603e-04	-3.0848e-04	9.2950e-05	1.9820e-02	-1.0346e-01	1.0485e-01	1.6105e-03	-1.0000e-09	2.6168e-04	2.1940e-02	5.5346e-02	-4.3956e-02
-7.2603e-04	-7.9188e-04	3.3857e-04	4.3612e-02	-1.2001e-01	1.1554e-01	0.0000e+00	-4.8341e-04	2.4562e-04	2.3792e-02	-1.6543e-02	1.0688e-02
-1.2074e-03	-6.0328e-04	4.1869e-04	4.7735e-02	-1.0393e-01	1.3379e-01	-4.8134e-04	1.8860e-04	8.0121e-05	4.1236e-03	1.6075e-02	1.8253e-02
-1.3594e-03	-7.2076e-04	1.5123e-04	3.6163e-02	-1.3397e-01	1.2403e-01	-1.5204e-04	-1.1748e-04	-2.6746e-04	-1.1572e-02	-3.0037e-02	-9.7620e-03
-1.8472e-03	-1.3048e-03	2.0551e-04	4.7878e-02	-1.3691e-01	2.0584e-01	-4.8782e-04	-5.8400e-04	5.4289e-05	1.1715e-02	-2.9450e-03	8.1815e-02
-2.6664e-03	-8.2181e-04	4.1869e-04	4.1283e-02	-1.6952e-01	1.8711e-01	-8.1914e-04	4.8295e-04	2.1317e-04	-6.5949e-03	-3.2609e-02	-1.8731e-02
-2.4962e-03	-8.3871e-04	4.1869e-04	2.6689e-02	-1.8193e-01	2.7577e-01	1.7013e-04	-1.6894e-05	0.0000e+00	-1.4594e-02	-1.2403e-02	8.8656e-02
-2.1420e-03	-1.2022e-03	4.1869e-04	5.7639e-02	-1.6078e-01	3.6311e-01	3.5429e-04	-3.6349e-04	0.0000e+00	3.0950e-02	2.1146e-02	8.7341e-02
-2.2795e-03	-1.0280e-03	8.6968e-04	4.5511e-02	-1.5370e-01	3.3934e-01	-1.3756e-04	1.7423e-04	4.5099e-04	-1.2127e-02	7.0770e-03	-2.3765e-02
-2.3600e-03	-1.3048e-03	4.1869e-04	2.6471e-02	-1.6557e-01	3.6669e-01	-8.0450e-05	-2.7679e-04	-4.5099e-04	-1.9040e-02	-1.1864e-02	2.7351e-02
-3.1519e-03	-8.1264e-04	4.1869e-04	2.0997e-02	-2.5790e-01	3.1386e-01	-7.9193e-04	4.9212e-04	0.0000e+00	-5.4735e-03	-9.2331e-02	-5.2833e-02
-3.2264e-03	-1.1397e-03	4.1869e-04	2.6421e-02	-1.6503e-01	2.9472e-01	-7.4530e-05	-3.2705e-04	0.0000e+00	5.4235e-03	9.2872e-02	-1.9139e-02
-3.0727e-03	-1.0306e-03	3.6692e-04	4.4099e-02	-2.0623e-01	3.3470e-01	1.5370e-04	1.0904e-04	-5.1772e-05	1.7678e-02	-4.1202e-02	3.9979e-02
-4.4814e-03	-2.0827e-03	-5.4979e-04	6.3674e-02	-1.7239e-01	3.2396e-01	-1.4087e-03	-1.0520e-03	-9.1670e-04	1.9575e-02	3.3839e-02	-1.0738e-02
-9.9176e-03	-9.2663e-04	7.3521e-04	4.5910e-02	-4.2762e-01	5.3581e-01	-5.4361e-03	1.1560e-03	1.2850e-03	-1.7764e-02	-2.5523e-01	2.1184e-01
-4.7734e-03	-8.9994e-04	9.6243e-04	6.2820e-02	-4.4763e-01	4.2476e-01	5.1442e-03	2.6685e-05	2.2722e-04	1.6909e-02	-2.0009e-02	-1.1105e-01
-2.7570e-03	-1.4198e-03	7.3521e-04	7.1328e-02	-3.4301e-01	3.4026e-01	2.0164e-03	-5.1986e-04	-2.2722e-04	8.5083e-03	1.0462e-01	-8.4497e-02
-2.4871e-03	-1.3062e-03	2.4811e-04	4.7579e-02	-2.2281e-01	2.3314e-01	2.6991e-04	1.1359e-04	-4.8710e-04	-2.3749e-02	1.2020e-01	-1.0711e-01
-3.1251e-03	-7.4047e-04	9.5651e-04	5.6946e-02	-2.1179e-01	3.1500e-01	-6.3798e-04	5.6574e-04	7.0840e-04	9.3671e-03	1.1018e-02	8.1855e-02
-1.8912e-03	-1.4198e-03	3.4907e-04	4.0540e-02	-2.3406e-01	2.9230e-01	1.2339e-03	-6.7933e-04	-6.0745e-04	-1.6406e-02	-2.2262e-02	-2.2699e-02
-1.8942e-03	-1.5686e-03	1.4852e-04	4.0422e-02	-1.7681e-01	3.1532e-01	-2.9600e-06	-1.4882e-04	-2.0055e-04	-1.1810e-04	5.7241e-02	2.3024e-02
-2.5238e-03	-6.0857e-04	5.2711e-04	4.1764e-02	-2.2562e-01	3.0872e-01	-6.2970e-04	9.6004e-04	3.7859e-04	1.3415e-03	-4.8807e-02	-6.6030e-03
-3.0261e-03	-7.4142e-04	6.5584e-04	4.4748e-02	-2.0714e-01	3.6225e-01	-5.0225e-04	-1.3285e-04	1.2873e-04	2.9840e-03	1.8485e-02	5.3533e-02
-1.3223e-03	-1.2905e-03	1.5213e-04	2.4644e-02	-2.3172e-01	2.9705e-01	1.7038e-03	-5.4903e-04	-5.0371e-04	-2.0104e-02	-2.4579e-02	-6.5209e-02
-1.1738e-03	-1.2905e-03	1.5213e-04	3.3494e-02	-1.8535e-01	3.7046e-01	1.4849e-04	0.0000e+00	0.0000e+00	8.8498e-03	4.6364e-02	7.3419e-02
-1.9998e-03	-1.2905e-03	5.8730e-04	3.3277e-02	-1.9101e-01	3.0781e-01	-8.2605e-04	0.0000e+00	4.3517e-04	-2.1710e-04	-5.6580e-03	-6.2657e-02
-2.2456e-03	-1.2905e-03	6.9476e-04	3.2706e-02	-2.1701e-01	3.7955e-01	-2.4574e-04	0.0000e+00	1.0746e-04	-5.7090e-04	-2.5998e-02	7.1743e-02
-2.0677e-03	-1.2905e-03	5.6576e-04	2.9047e-02	-1.7491e-01	3.1645e-01	1.7791e-04	0.0000e+00	-1.2900e-04	-3.6591e-03	4.2092e-02	-6.3102e-02
-2.8563e-03	-9.0376e-04	5.6576e-04	2.4847e-02	-2.2768e-01	3.7328e-01	-7.8867e-04	3.8669e-04	0.0000e+00	-4.1994e-03	-5.2767e-02	5.6835e-02
-2.6472e-03	-1.3472e-03	1.0136e-03	2.5762e-02	-1.9454e-01	3.3689e-01	2.0919e-04	-4.4341e-04	4.4787e-04	9.1470e-04	3.3140e-02	-3.6389e-02
-2.8285e-03	-1.1683e-03	1.2680e-03	4.2873e-02	-2.0414e-01	3.6236e-01	-1.8139e-04	1.7886e-04	2.5442e-04	1.7111e-02	-9.5970e-03	2.5468e-02
-2.9243e-03	-1.2905e-03	9.4904e-04	6.1377e-02	-2.0069e-01	3.3690e-01	-9.5710e-05	-1.2214e-04	-3.1901e-04	1.8504e-02	3.4460e-03	-2.5463e-02
-4.0545e-03	-2.4138e-03	4.2105e-04	1.6207e-01	-2.2062e-01	1.9192e-01	-1.1302e-03	-1.1233e-03	-5.2799e-04	1.0069e-01	-1.9924e-02	-1.4498e-01
-7.0632e-03	-3.0947e-03	4.2912e-04	1.3330e-01	-2.9738e-01	4.2051e-01	-3.0087e-03	-6.8095e-04	8.0700e-06	-2.8772e-02	-7.6764e-02	2.2859e-01
-6.1519e-03	-3.0857e-03	7.6786e-04	1.2555e-01	-2.6341e-01	3.5618e-01	9.1125e-04	9.0600e-06	3.3874e-04	-7.7430e-03	3.3968e-02	-6.4323e-02
-7.0673e-03	-3.4653e-03	3.8814e-04	1.4516e-01	-2.9737e-01	4.2175e-01	-9.1535e-04	-3.7964e-04	-3.7973e-04	1.9603e-02	-3.3960e-02	6.5561e-02
-1.0225e-02	-2.9456e-03	5.1630e-04	1.0704e-01	-4.0310e-01	5.3247e-01	-3.1575e-03	5.1971e-04	1.2817e-04	-3.8115e-02	-1.0573e-01	1.1072e-01
-7.4056e-03	-3.3473e-03	5.5020e-04	1.2388e-01	-3.0251e-01	3.6317e-01	2.8192e-03	-4.0167e-04	3.3896e-05	1.6837e-02	1.0059e-01	-1.6930e-01
-5.8873e-03	-2.9025e-03	2.2397e-04	1.0700e-01	-2.6855e-01	2.2890e-01	1.5183e-03	4.4476e-04	-3.2623e-04	-1.6879e-02	3.3958e-02	-1.3427e-01
-5.6179e-03	-2.8808e-03	5.1313e-04	1.0816e-01	-2.5570e-01	3.0774e-01	2.6940e-04	2.1730e-05	2.8916e-04	1.1610e-03	1.2857e-02	7.8844e-02
-5.6698e-03	-3.4538e-03	-2.1612e-05	1.1617e-01	-2.5919e-01	2.6352e-01	-5.1920e-05	-5.7301e-04	-5.3474e-04	8.0130e-03	-3.4930e-03	-4.4224e-02
-6.4893e-03	-3.1434e-03	9.6284e-05	1.2178e-01	-3.2617e-01	3.3835e-01	-8.1947e-04	3.1042e-04	1.1790e-04	5.6090e-03	-6.6981e-02	7.4835e-02
-5.3249e-03	-3.3320e-03	2.1124e-04	1.3988e-01	-2.8806e-01	2.5626e-01	1.1644e-03	-1.8866e-04	1.1496e-04	1.8101e-02	3.8115e-02	-8.2097e-02
-6.6044e-03	-3.5724e-03	-2.1612e-05	1.2016e-01	-3.1676e-01	4.2888e-01	-1.2795e-03	-2.4035e-04	-2.3285e-04	-1.9726e-02	-2.8706e-02	1.7262e-01
-6.5965e-03	-3.9897e-03	-2.1612e-05	1.3069e-01	-3.1114e-01	3.7958e-01	7.9300e-06	-4.1727e-04	0.0000e+00	1.0531e-02	5.6190e-03	-4.9297e-02
-9.4807e-03	-4.4360e-03	2.9086e-04	1.2013e-01	-3.7113e-01	6.5290e-01	-2.8842e-03	-4.4634e-04	3.1247e-04	-1.0555e-02	-5.9991e-02	2.7332e-01
-8.8810e-03	-3.9121e-03	-2.1612e-05	1.2031e-01	-3.3374e-01	4.7836e-01	5.9968e-04	5.2389e-04	-3.1247e-04	1.7900e-04	3.7397e-02	-1.7454e-01
-8.9674e-03	-3.5524e-03	5.8961e-04	1.1118e-01	-3.7828e-01	5.2944e-01	-8.6420e-05	3.5966e-04	6.1122e-04	-9.1280e-03	-4.4539e-02	5.1078e-02
-8.6371e-03	-3.5196e-03	5.8961e-04	1.1134e-01	-3.4260e-01	4.9082e-01	3.3039e-04	3.2840e-05	0.0000e+00	1.5100e-04	3.5674e-02	-3.8618e-02
-7.1388e-03	-3.7196e-03	6.1967e-04	1.0466e-01	-3.9468e-01	4.6503e-01	1.4983e-03	-1.9999e-04	3.0055e-05	-6.6790e-03	-5.2077e-02	-2.5789e-02
-7.0072e-03	-3.4696e-03	7.5792e-04	1.1041e-01	-3.4017e-01	4.4259e-01	1.3156e-04	2.5000e-04	1.3826e-04	5.7550e-03	5.4513e-02	-2.2436e-02
-6.8676e-03	-3.4696e-03	1.0632e-03	9.5668e-02	-4.0807e-01	4.4611e-01	1.3966e-04	1.0000e-08	3.0531e-04	-1.4743e-02	-6.7901e-02	3.5130e-03
-6.1792e-03	-3.5289e-03	1.0632e-03	9.8838e-02	-3.5468e-01	4.4509e-01	6.8836e-04	-5.9310e-05	0.0000e+00	3.1700e-03	5.3386e-02	-1.0160e-03
-5.4167e-03	-3.2714e-03	1.0632e-03	1.0117e-01	-3.8437e-01	4.0101e-01	7.6247e-04	2.5755e-04	0.0000e+00	2.3360e-03	-2.9690e-02	-4.4080e-02
-4.8235e-03	-2.9937e-03	1.0632e-03	1.1932e-01	-3.1513e-01	4.0118e-01	5.9322e-04	2.7770e-04	0.0000e+00	1.8144e-02	6.9245e-02	1.7300e-04
-5.5343e-03	-2.8960e-03	8.1700e-04	9.7298e-02	-3.8663e-01	3.7665e-01	-7.1077e-04	9.7690e-05	-2.4623e-04	-2.2019e-02	-7.1500e-02	-2.4539e-02
