1.0466e-03	1.7087e-04	3.6764e-04	-5.4378e-02	2.2510e-01	8.5072e-02	0.0000e+00	0.0000e+00	0.0000e+00	0.0000e+00	0.0000e+00	0.0000e+00
1.0024e-03	2.2333e-04	4.1100e-04	-4.5887e-02	2.4789e-01	3.8345e-02	-4.4130e-05	5.2459e-05	4.3359e-05	8.4905e-03	2.2795e-02	-4.6728e-02
1.2360e-03	2.4914e-04	5.4677e-04	-5.1048e-02	2.0921e-01	6.9327e-02	2.3356e-04	2.5813e-05	1.3576e-04	-5.1610e-03	-3.8686e-02	3.0983e-02
1.3050e-03	5.0503e-06	5.2709e-04	-4.5846e-02	2.6763e-01	3.3169e-02	6.8990e-05	-2.4409e-04	-1.9672e-05	5.2024e-03	5.8427e-02	-3.6158e-02
1.3467e-03	5.0503e-06	5.7248e-04	-5.4834e-02	2.1846e-01	4.6622e-02	4.1750e-05	0.0000e+00	4.5386e-05	-8.9885e-03	-4.9170e-02	1.3454e-02
1.0732e-03	4.7913e-04	5.2947e-04	-5.3268e-02	1.9771e-01	5.7606e-02	-2.7356e-04	4.7408e-04	-4.3007e-05	1.5663e-03	-2.0754e-02	1.0984e-02
1.5697e-03	4.6078e-04	2.2052e-04	-4.6042e-02	1.7138e-01	2.7550e-02	4.9657e-04	-1.8346e-05	-3.0896e-04	7.2261e-03	-2.6333e-02	-3.0056e-02
1.2496e-03	6.6726e-04	5.2659e-04	-6.2655e-02	1.8043e-01	2.7671e-02	-3.2018e-04	2.0648e-04	3.0607e-04	-1.6613e-02	9.0540e-03	1.2090e-04
1.4964e-03	2.0197e-04	5.5301e-04	-5.5265e-02	2.0725e-01	-1.2738e-02	2.4680e-04	-4.6529e-04	2.6424e-05	7.3896e-03	2.6815e-02	-4.0409e-02
1.7638e-03	3.8473e-04	5.6149e-04	-6.6046e-02	1.8581e-01	1.7643e-02	2.6744e-04	1.8276e-04	8.4800e-06	-1.0781e-02	-2.1440e-02	3.0381e-02
1.9688e-03	3.0596e-04	5.2207e-04	-5.8974e-02	2.3362e-01	-3.9003e-03	2.0496e-04	-7.8768e-05	-3.9417e-05	7.0725e-03	4.7818e-02	-2.1543e-02
2.1009e-03	3.8172e-04	4.1021e-04	-7.1983e-02	1.9888e-01	-3.9883e-03	1.3213e-04	7.5758e-05	-1.1187e-04	-1.3009e-02	-3.4748e-02	-8.8060e-05
2.0476e-03	7.2163e-04	5.5216e-04	-6.2814e-02	2.2506e-01	2.7289e-02	-5.3250e-05	3.3991e-04	1.4195e-04	9.1688e-03	2.6180e-02	3.1277e-02
2.3769e-03	5.0479e-04	4.3419e-04	-5.8200e-02	2.1726e-01	-8.1786e-03	3.2926e-04	-2.1684e-04	-1.1797e-04	4.6139e-03	-7.8010e-03	-3.5467e-02
2.0540e-03	4.3895e-04	2.6588e-04	-6.4686e-02	2.3016e-01	8.6496e-03	-3.2286e-04	-6.5834e-05	-1.6830e-04	-6.4861e-03	1.2902e-02	1.6828e-02
2.1433e-03	4.6673e-04	3.7151e-04	-6.3902e-02	2.3588e-01	-2.1007e-02	8.9250e-05	2.7779e-05	1.0563e-04	7.8450e-04	5.7230e-03	-2.9656e-02
2.2605e-03	4.7004e-04	4.8383e-04	-5.2736e-02	1.8668e-01	-8.1196e-03	1.1721e-04	3.3090e-06	1.1232e-04	1.1166e-02	-4.9197e-02	1.2887e-02
2.3291e-03	5.0820e-04	3.2342e-04	-5.0981e-02	2.4513e-01	-2.0184e-02	6.8550e-05	3.8158e-05	-1.6041e-04	1.7553e-03	5.8444e-02	-1.2064e-02
2.3291e-03	2.4645e-04	4.1542e-04	-4.5909e-02	1.9114e-01	-8.1341e-03	0.0000e+00	-2.6175e-04	9.2002e-05	5.0719e-03	-5.3991e-02	1.2050e-02
2.3291e-03	2.9204e-04	3.8232e-04	-5.0264e-02	2.4939e-01	2.4823e-03	0.0000e+00	4.5590e-05	-3.3100e-05	-4.3542e-03	5.8256e-02	1.0616e-02
2.5615e-03	3.8472e-04	3.6940e-04	-4.5923e-02	2.0673e-01	5.9713e-03	2.3243e-04	9.2685e-05	-1.2921e-05	4.3407e-03	-4.2663e-02	3.4889e-03
2.3291e-03	4.1976e-04	3.7209e-04	-4.5908e-02	2.3798e-01	2.0205e-02	-2.3243e-04	3.5034e-05	2.6920e-06	1.4600e-05	3.1249e-02	1.4234e-02
2.4921e-03	4.8984e-04	4.2756e-04	-5.4741e-02	1.7647e-01	1.1907e-02	1.6305e-04	7.0083e-05	5.5463e-05	-8.8326e-03	-6.1505e-02	-8.2980e-03
2.3291e-03	2.8743e-04	2.6559e-04	-6.3865e-02	1.8631e-01	1.8531e-02	-1.6305e-04	-2.0241e-04	-1.6197e-04	-9.1245e-03	9.8370e-03	6.6235e-03
2.3291e-03	4.5865e-04	3.8349e-04	-4.9012e-02	2.0316e-01	-1.2784e-03	0.0000e+00	1.7122e-04	1.1790e-04	1.4853e-02	1.6853e-02	-1.9809e-02
2.3779e-03	3.6865e-04	4.1877e-04	-4.5904e-02	1.8629e-01	2.1377e-02	4.8800e-05	-9.0002e-05	3.5282e-05	3.1079e-03	-1.6871e-02	2.2656e-02
2.5814e-03	5.0382e-04	3.7686e-04	-4.5883e-02	2.3582e-01	-1.4134e-03	2.0352e-04	1.3517e-04	-4.1914e-05	2.1100e-05	4.9530e-02	-2.2791e-02
2.4806e-03	6.6612e-04	4.6929e-04	-4.5899e-02	1.5715e-01	4.3704e-02	-1.0074e-04	1.6230e-04	9.2425e-05	-1.5700e-05	-7.8676e-02	4.5118e-02
2.6335e-03	5.1662e-04	3.4661e-04	-4.5852e-02	2.2456e-01	3.6971e-03	1.5283e-04	-1.4950e-04	-1.2268e-04	4.7300e-05	6.7409e-02	-4.0007e-02
2.2757e-03	4.3907e-04	3.7247e-04	-4.5880e-02	1.6829e-01	4.1494e-02	-3.5773e-04	-7.7549e-05	2.5860e-05	-2.8600e-05	-5.6261e-02	3.7797e-02
2.4075e-03	5.2883e-04	2.2126e-04	-5.6579e-02	2.0483e-01	3.8005e-03	1.3177e-04	8.9763e-05	-1.5120e-04	-1.0698e-02	3.6538e-02	-3.7693e-02
2.4163e-03	3.9404e-04	3.5161e-04	-5.3656e-02	1.8244e-01	2.1774e-02	8.7900e-06	-1.3479e-04	1.3035e-04	2.9231e-03	-2.2388e-02	1.7973e-02
2.3985e-03	3.6305e-04	2.1939e-04	-4.5943e-02	2.0733e-01	3.1622e-02	-1.7840e-05	-3.0995e-05	-1.3222e-04	7.7124e-03	2.4881e-02	9.8482e-03
2.4845e-03	6.2414e-04	2.6365e-04	-4.5865e-02	1.7100e-01	-2.3614e-03	8.6070e-05	2.6109e-04	4.4266e-05	7.8100e-05	-3.6325e-02	-3.3984e-02
2.4098e-03	5.0431e-04	1.6771e-04	-5.1893e-02	1.7099e-01	2.9923e-02	-7.4710e-05	-1.1983e-04	-9.5947e-05	-6.0277e-03	-1.2000e-05	3.2284e-02
2.7202e-03	5.0029e-04	3.3326e-04	-4.9133e-02	1.7688e-01	2.4278e-02	3.1033e-04	-4.0110e-06	1.6555e-04	2.7599e-03	5.8870e-03	-5.6444e-03
2.6256e-03	5.4982e-04	3.2908e-04	-4.5898e-02	1.7504e-01	5.8673e-02	-9.4530e-05	4.9531e-05	-4.1740e-06	3.2352e-03	-1.8380e-03	3.4395e-02
2.6634e-03	4.6662e-04	2.6752e-04	-4.5923e-02	1.8328e-01	8.5204e-04	3.7810e-05	-8.3201e-05	-6.1562e-05	-2.5200e-05	8.2410e-03	-5.7821e-02
2.4341e-03	5.6997e-04	4.1222e-04	-5.2695e-02	1.6587e-01	4.0673e-02	-2.2930e-04	1.0335e-04	1.4470e-04	-6.7719e-03	-1.7412e-02	3.9821e-02
2.5957e-03	5.0491e-04	3.0212e-04	-4.5921e-02	2.0363e-01	1.4249e-02	1.6160e-04	-6.5068e-05	-1.1011e-04	6.7739e-03	3.7763e-02	-2.6424e-02
2.8823e-03	6.1661e-04	1.2415e-04	-4.5996e-02	1.6456e-01	2.7743e-02	2.8661e-04	1.1170e-04	-1.7797e-04	-7.4900e-05	-3.9069e-02	1.3494e-02
2.4077e-03	4.9706e-04	2.4344e-04	-5.2753e-02	1.8275e-01	2.9091e-02	-4.7461e-04	-1.1955e-04	1.1930e-04	-6.7570e-03	1.8192e-02	1.3483e-03
2.4804e-03	4.7740e-04	2.9358e-04	-4.5919e-02	1.5816e-01	1.4259e-02	7.2690e-05	-1.9654e-05	5.0137e-05	6.8334e-03	-2.4595e-02	-1.4833e-02
2.0654e-03	2.2714e-04	3.7966e-04	-4.5923e-02	1.4071e-01	4.6542e-02	-4.1502e-04	-2.5026e-04	8.6082e-05	-4.0000e-06	-1.7450e-02	3.2283e-02
2.7129e-03	5.0590e-04	1.9707e-04	-4.0510e-02	1.8941e-01	1.4157e-02	6.4751e-04	2.7875e-04	-1.8259e-04	5.4134e-03	4.8700e-02	-3.2385e-02
2.4804e-03	5.7157e-04	2.5979e-04	-3.6718e-02	1.3786e-01	3.3330e-02	-2.3249e-04	6.5678e-05	6.2722e-05	3.7921e-03	-5.1547e-02	1.9174e-02
2.4804e-03	5.3354e-04	2.5343e-04	-3.5256e-02	1.8899e-01	2.2333e-02	0.0000e+00	-3.8028e-05	-6.3550e-06	1.4619e-03	5.1127e-02	-1.0997e-02
2.4804e-03	2.5588e-04	4.3811e-04	-3.4890e-02	1.2722e-01	4.7912e-02	0.0000e+00	-2.7766e-04	1.8467e-04	3.6560e-04	-6.1764e-02	2.5579e-02
2.1004e-03	2.3532e-04	2.1460e-05	-4.6100e-02	1.6143e-01	5.7592e-02	-3.7997e-04	-2.0566e-05	-4.1665e-04	-1.1210e-02	3.4212e-02	9.6806e-03
2.3095e-03	2.9909e-04	-5.2796e-05	-4.6097e-02	1.3159e-01	1.3148e-03	2.0901e-04	6.3770e-05	-7.4257e-05	2.7000e-06	-2.9850e-02	-5.6278e-02
1.9855e-03	2.9909e-04	2.3257e-05	-5.2436e-02	1.2239e-01	3.5452e-02	-3.2396e-04	0.0000e+00	7.6054e-05	-6.3391e-03	-9.1920e-03	3.4137e-02
2.2044e-03	3.8733e-04	4.7643e-05	-4.5979e-02	1.6263e-01	5.6354e-03	2.1894e-04	8.8240e-05	2.4385e-05	6.4567e-03	4.0236e-02	-2.9817e-02
2.1394e-03	4.9086e-05	0.0000e+00	-4.6016e-02	1.1192e-01	2.9787e-02	-6.5060e-05	-3.3824e-04	-4.7643e-05	-3.6700e-05	-5.0707e-02	2.4152e-02
2.3656e-03	2.9909e-04	0.0000e+00	-4.6006e-02	1.5019e-01	4.5928e-02	2.2624e-04	2.5000e-04	0.0000e+00	1.0400e-05	3.8273e-02	1.6141e-02
2.5922e-03	2.9909e-04	6.2610e-05	-4.5986e-02	1.0917e-01	4.5819e-02	2.2660e-04	0.0000e+00	6.2610e-05	2.0200e-05	-4.1026e-02	-1.0900e-04
2.4397e-03	2.9908e-04	2.1482e-04	-4.5926e-02	1.7499e-01	4.5271e-02	-1.5248e-04	-1.0000e-09	1.5221e-04	5.9700e-05	6.5824e-02	-5.4810e-04
2.5182e-03	2.9908e-04	3.3223e-04	-5.3394e-02	1.1846e-01	5.7341e-02	7.8460e-05	0.0000e+00	1.1741e-04	-7.4681e-03	-5.6536e-02	1.2071e-02
2.2542e-03	2.9908e-04	1.9916e-04	-5.3226e-02	1.3446e-01	4.3963e-02	-2.6396e-04	0.0000e+00	-1.3307e-04	1.6780e-04	1.6005e-02	-1.3379e-02
2.4328e-03	4.5117e-04	0.0000e+00	-5.4204e-02	1.1259e-01	2.8238e-02	1.7854e-04	1.5208e-04	-1.9916e-04	-9.7730e-04	-2.1870e-02	-1.5725e-02
2.2542e-03	4.5945e-04	2.8889e-04	-5.1447e-02	9.4026e-02	5.4228e-02	-1.7854e-04	8.2840e-06	2.8889e-04	2.7567e-03	-1.8566e-02	2.5990e-02
2.6157e-03	2.9908e-04	0.0000e+00	-4.3588e-02	1.2267e-01	-7.7619e-03	3.6149e-04	-1.6036e-04	-2.8889e-04	7.8591e-03	2.8647e-02	-6.1990e-02
2.2542e-03	7.3545e-04	6.1932e-04	-3.5477e-02	4.8919e-02	7.4499e-02	-3.6149e-04	4.3636e-04	6.1932e-04	8.1105e-03	-7.3754e-02	8.2261e-02
2.1149e-03	6.9592e-04	5.5787e-04	-3.2845e-02	8.3447e-02	4.1279e-02	-1.3937e-04	-3.9531e-05	-6.1445e-05	2.6325e-03	3.4528e-02	-3.3220e-02
2.0545e-03	3.1128e-04	3.9015e-04	-2.2423e-02	8.9002e-02	5.1194e-02	-6.0410e-05	-3.8463e-04	-1.6772e-04	1.0422e-02	5.5559e-03	9.9154e-03
1.9213e-03	3.1128e-04	2.1832e-04	-2.4085e-02	1.2528e-01	5.1223e-02	-1.3319e-04	0.0000e+00	-1.7183e-04	-1.6627e-03	3.6282e-02	2.8800e-05
1.8826e-03	5.5695e-04	3.8833e-04	-1.7909e-02	5.4611e-02	6.6330e-02	-3.8650e-05	2.4567e-04	1.7001e-04	6.1762e-03	-7.0673e-02	1.5107e-02
1.5599e-03	3.1128e-04	3.0931e-04	-2.5430e-02	7.7921e-02	4.4389e-02	-3.2269e-04	-2.4567e-04	-7.9024e-05	-7.5211e-03	2.3310e-02	-2.1942e-02
1.1786e-03	4.6731e-04	4.9652e-04	-3.1845e-02	4.7288e-04	6.9768e-02	-3.8129e-04	1.5602e-04	1.8721e-04	-6.4150e-03	-7.7448e-02	2.5379e-02
1.3101e-03	3.1128e-04	5.7423e-04	-3.1873e-02	4.8357e-02	8.2977e-02	1.3144e-04	-1.5602e-04	7.7718e-05	-2.7600e-05	4.7884e-02	1.3209e-02
1.9568e-03	3.1128e-04	2.5526e-04	-1.7923e-02	6.9372e-02	1.4878e-02	6.4672e-04	0.0000e+00	-3.1898e-04	1.3949e-02	2.1015e-02	-6.8099e-02
1.7187e-03	2.4093e-04	2.6885e-04	-1.1097e-02	7.2501e-02	3.8407e-02	-2.3807e-04	-7.0354e-05	1.3594e-05	6.8269e-03	3.1299e-03	2.3529e-02
1.3693e-03	3.1128e-04	1.6352e-04	-1.7934e-02	1.1769e-02	3.8396e-02	-3.4947e-04	7.0354e-05	-1.0533e-04	-6.8379e-03	-6.0733e-02	-1.0900e-05
1.5384e-03	2.1782e-04	0.0000e+00	-1.7929e-02	6.5770e-02	7.6827e-02	1.6917e-04	-9.3459e-05	-1.6352e-04	5.5000e-06	5.4001e-02	3.8430e-02
1.6089e-03	3.1128e-04	0.0000e+00	-1.7936e-02	4.5239e-02	4.7622e-02	7.0510e-05	9.3459e-05	0.0000e+00	-6.5000e-06	-2.0532e-02	-2.9205e-02
1.3753e-03	3.1128e-04	0.0000e+00	-1.7936e-02	1.2534e-01	5.4369e-02	-2.3366e-04	0.0000e+00	0.0000e+00	0.0000e+00	8.0098e-02	6.7473e-03
1.2460e-03	3.1128e-04	0.0000e+00	-1.7936e-02	4.5103e-02	5.4377e-02	-1.2927e-04	0.0000e+00	0.0000e+00	0.0000e+00	-8.0233e-02	8.3000e-06
8.6783e-04	3.1128e-04	1.9869e-04	-1.7928e-02	4.5095e-02	7.7034e-02	-3.7818e-04	0.0000e+00	1.9869e-04	7.3000e-06	-8.5000e-06	2.2657e-02
1.2460e-03	7.2408e-04	0.0000e+00	-1.7948e-02	4.5103e-02	2.7792e-02	3.7818e-04	4.1280e-04	-1.9869e-04	-2.0000e-05	8.5000e-06	-4.9242e-02
1.2460e-03	3.1128e-04	6.9855e-05	-1.7934e-02	4.5106e-02	5.0660e-02	0.0000e+00	-4.1280e-04	6.9855e-05	1.4300e-05	2.6000e-06	2.2867e-02
1.3204e-03	2.0436e-04	5.2940e-23	-3.6345e-02	7.8667e-02	-3.7857e-03	7.4420e-05	-1.0692e-04	-6.9855e-05	-1.8411e-02	3.3561e-02	-5.4445e-02
1.0154e-03	3.1128e-04	0.0000e+00	-2.9978e-02	2.5078e-03	3.0191e-02	-3.0507e-04	1.0692e-04	-5.2940e-23	6.3669e-03	-7.6159e-02	3.3977e-02
1.2430e-03	2.3245e-04	-1.3251e-04	-1.7940e-02	5.5571e-02	1.0278e-02	2.2759e-04	-7.8832e-05	-1.3251e-04	1.2038e-02	5.3063e-02	-1.9913e-02
8.7248e-04	3.1128e-04	0.0000e+00	-1.7936e-02	-2.9951e-02	3.2320e-02	-3.7047e-04	7.8832e-05	1.3251e-04	4.3000e-06	-8.5521e-02	2.2042e-02
1.2474e-03	2.6078e-04	0.0000e+00	-2.3544e-02	4.3579e-02	-5.5532e-03	3.7495e-04	-5.0504e-05	0.0000e+00	-5.6088e-03	7.3529e-02	-3.7873e-02
1.2759e-03	3.1128e-04	0.0000e+00	-1.7936e-02	-6.4809e-03	8.3955e-03	2.8470e-05	5.0504e-05	0.0000e+00	5.6088e-03	-5.0060e-02	1.3949e-02
1.3344e-03	3.1128e-04	0.0000e+00	-1.7936e-02	3.8764e-02	4.4112e-03	5.8500e-05	0.0000e+00	0.0000e+00	0.0000e+00	4.5245e-02	-3.9844e-03
1.2837e-03	3.1128e-04	0.0000e+00	-2.0761e-02	1.5055e-02	-1.8780e-02	-5.0710e-05	0.0000e+00	0.0000e+00	-2.8250e-03	-2.3708e-02	-2.3192e-02
8.4442e-04	3.1128e-04	2.6605e-04	-1.7960e-02	-4.9093e-02	3.0406e-02	-4.3927e-04	0.0000e+00	2.6605e-04	2.8007e-03	-6.4148e-02	4.9186e-02
1.4139e-03	3.1128e-04	0.0000e+00	-3.4954e-02	3.4499e-02	-1.9889e-02	5.6952e-04	0.0000e+00	-2.6605e-04	-1.6994e-02	8.3592e-02	-5.0295e-02
1.2887e-03	3.1128e-04	0.0000e+00	-2.4528e-02	1.5449e-02	-1.6027e-02	-1.2521e-04	0.0000e+00	0.0000e+00	1.0426e-02	-1.9050e-02	3.8616e-03
1.2887e-03	3.1128e-04	0.0000e+00	-1.7936e-02	4.0805e-02	1.4450e-04	0.0000e+00	0.0000e+00	0.0000e+00	6.5928e-03	2.5356e-02	1.6172e-02
4.7574e-04	-7.4541e-06	0.0000e+00	-1.7943e-02	-4.2410e-02	-1.5905e-02	-8.1300e-04	-3.1874e-04	0.0000e+00	-7.4000e-06	-8.3215e-02	-1.6049e-02
-6.1891e-05	2.2975e-04	1.6544e-24	-3.7155e-02	-2.1158e-02	1.4299e-02	-5.3763e-04	2.3720e-04	1.6544e-24	-1.9212e-02	2.1252e-02	3.0204e-02
3.3698e-04	3.1091e-04	0.0000e+00	-2.0420e-02	-4.2397e-02	-1.5934e-02	3.9887e-04	8.1157e-05	-1.6544e-24	1.6735e-02	-2.1239e-02	-3.0234e-02
1.0913e-04	4.1554e-04	0.0000e+00	-1.6925e-02	-2.4120e-02	-3.5718e-03	-2.2785e-04	1.0463e-04	0.0000e+00	3.4948e-03	1.8276e-02	1.2363e-02
6.8408e-04	3.8461e-04	5.7272e-05	-9.6536e-03	5.0702e-03	-5.7072e-02	5.7495e-04	-3.0928e-05	5.7272e-05	7.2715e-03	2.9190e-02	-5.3500e-02
4.6927e-04	-1.7029e-04	-1.0679e-04	-1.4225e-05	6.6070e-02	-1.3669e-02	-2.1482e-04	-5.5490e-04	-1.6406e-04	9.6394e-03	6.0999e-02	4.3403e-02
0.0000e+00	-0.0000e+00	0.0000e+00	0.0000e+00	0.0000e+00	0.0000e+00	-4.6927e-04	1.7029e-04	1.0679e-04	1.4225e-05	-6.6070e-02	1.3669e-02
-3.5384e-04	-0.0000e+00	0.0000e+00	1.7481e-10	-9.4509e-03	2.1015e-02	-3.5384e-04	0.0000e+00	0.0000e+00	1.7481e-10	-9.4509e-03	2.1015e-02
-4.2846e-04	-2.6048e-04	0.0000e+00	-3.6628e-06	1.1719e-02	4.4790e-06	-7.4622e-05	-2.6048e-04	0.0000e+00	-3.6630e-06	2.1170e-02	-2.1010e-02
-3.6067e-04	-7.2075e-05	0.0000e+00	4.5845e-07	-2.2947e-06	3.2122e-06	6.7790e-05	1.8840e-04	0.0000e+00	4.1212e-06	-1.1721e-02	-1.2668e-06
-6.1460e-04	-1.8176e-04	-3.7404e-04	4.6073e-03	1.7637e-02	9.5170e-06	-2.5393e-04	-1.0969e-04	-3.7404e-04	4.6068e-03	1.7639e-02	6.3048e-06
-6.1460e-04	-0.0000e+00	-1.3368e-04	8.5908e-06	-1.0692e-01	9.9009e-06	0.0000e+00	1.8176e-04	2.4036e-04	-4.5987e-03	-1.2455e-01	3.8389e-07
-6.6691e-04	-0.0000e+00	-3.2530e-04	1.3059e-02	-2.5967e-02	-1.8253e-02	-5.2309e-05	0.0000e+00	-1.9162e-04	1.3051e-02	8.0949e-02	-1.8263e-02
-6.1460e-04	-0.0000e+00	0.0000e+00	1.9338e-02	-3.9121e-02	3.1871e-02	5.2309e-05	0.0000e+00	3.2530e-04	6.2785e-03	-1.3155e-02	5.0124e-02
-7.6415e-04	-6.2482e-05	0.0000e+00	1.4647e-02	-7.9711e-02	-5.8194e-03	-1.4955e-04	-6.2482e-05	0.0000e+00	-4.6912e-03	-4.0590e-02	-3.7690e-02
-1.1199e-03	-5.8706e-05	8.5486e-05	1.3518e-02	-1.0086e-01	3.3668e-02	-3.5572e-04	3.7761e-06	8.5486e-05	-1.1291e-03	-2.1144e-02	3.9487e-02
-9.0059e-04	-7.0344e-05	5.7939e-05	-5.1355e-06	-6.8214e-02	-5.8443e-03	2.1928e-04	-1.1637e-05	-2.7546e-05	-1.3523e-02	3.2641e-02	-3.9512e-02
-1.1622e-03	-8.2188e-05	0.0000e+00	1.0387e-02	-9.3756e-02	4.3717e-02	-2.6157e-04	-1.1844e-05	-5.7939e-05	1.0392e-02	-2.5542e-02	4.9561e-02
-1.0532e-03	-0.0000e+00	-2.3474e-04	2.7485e-05	-5.9304e-02	-1.4475e-02	1.0895e-04	8.2188e-05	-2.3474e-04	-1.0360e-02	3.4452e-02	-5.8192e-02
-1.4436e-03	-2.2155e-04	0.0000e+00	5.9702e-06	-1.0087e-01	2.9351e-02	-3.9034e-04	-2.2155e-04	2.3474e-04	-2.1515e-05	-4.1568e-02	4.3826e-02
-1.4176e-03	-3.1821e-04	2.7864e-04	-2.4328e-05	-5.3190e-02	-1.1165e-02	2.5950e-05	-9.6661e-05	2.7864e-04	-3.0298e-05	4.7682e-02	-4.0516e-02
-1.6022e-03	-0.0000e+00	-2.1528e-04	-2.3642e-03	-9.6008e-02	-2.9935e-02	-1.8462e-04	3.1821e-04	-4.9392e-04	-2.3399e-03	-4.2818e-02	-1.8770e-02
-1.3912e-03	-2.4314e-04	-4.8891e-04	1.1517e-02	-7.0079e-02	-8.9260e-04	2.1098e-04	-2.4314e-04	-2.7362e-04	1.3881e-02	2.5929e-02	2.9042e-02
-1.5888e-03	-3.0015e-04	0.0000e+00	1.3803e-07	-9.1888e-02	-2.7238e-02	-1.9756e-04	-5.7009e-05	4.8891e-04	-1.1517e-02	-2.1809e-02	-2.6346e-02
-1.9585e-03	-0.0000e+00	0.0000e+00	7.5161e-03	-1.2281e-01	1.8796e-02	-3.6968e-04	3.0015e-04	0.0000e+00	7.5160e-03	-3.0926e-02	4.6034e-02
-2.0857e-03	-0.0000e+00	0.0000e+00	6.5366e-10	-2.1768e-01	3.6431e-03	-1.2717e-04	0.0000e+00	0.0000e+00	-7.5161e-03	-9.4862e-02	-1.5153e-02
-1.9217e-03	-7.2312e-05	0.0000e+00	1.7282e-02	-9.7849e-02	-1.0978e-03	1.6400e-04	-7.2312e-05	0.0000e+00	1.7282e-02	1.1983e-01	-4.7410e-03
-2.2192e-03	-0.0000e+00	0.0000e+00	1.1902e-02	-1.4991e-01	1.5034e-02	-2.9752e-04	7.2312e-05	0.0000e+00	-5.3798e-03	-5.2062e-02	1.6132e-02
-1.8490e-03	-1.5374e-04	0.0000e+00	2.0174e-02	-1.3803e-01	2.9495e-03	3.7016e-04	-1.5374e-04	0.0000e+00	8.2721e-03	1.1881e-02	-1.2085e-02
-1.8490e-03	-4.7226e-04	0.0000e+00	2.1959e-02	-7.0596e-02	5.7141e-02	0.0000e+00	-3.1851e-04	0.0000e+00	1.7846e-03	6.7434e-02	5.4192e-02
-1.7126e-03	-0.0000e+00	0.0000e+00	1.8898e-02	-1.0375e-01	1.4847e-02	1.3642e-04	4.7226e-04	0.0000e+00	-3.0603e-03	-3.3156e-02	-4.2294e-02
-2.4367e-03	-4.2610e-04	-3.0820e-04	2.6878e-02	-6.2535e-02	5.7603e-02	-7.2412e-04	-4.2610e-04	-3.0820e-04	7.9800e-03	4.1217e-02	4.2756e-02
-2.5483e-03	-0.0000e+00	2.6261e-04	1.1998e-02	-1.9589e-01	5.7549e-02	-1.1159e-04	4.2610e-04	5.7081e-04	-1.4881e-02	-1.3336e-01	-5.3300e-05
-2.2944e-03	-1.9607e-22	4.5212e-04	-4.8522e-03	-1.0648e-01	5.7608e-02	2.5391e-04	-1.9607e-22	1.8951e-04	-1.6850e-02	8.9412e-02	5.9100e-05
-2.6680e-03	-2.6301e-04	0.0000e+00	-4.3879e-05	-1.9879e-01	7.3445e-02	-3.7360e-04	-2.6301e-04	-4.5212e-04	4.8083e-03	-9.2315e-02	1.5837e-02
-2.4647e-03	-4.4234e-04	0.0000e+00	-4.7721e-03	-1.5499e-01	6.7882e-02	2.0333e-04	-1.7934e-04	0.0000e+00	-4.7282e-03	4.3808e-02	-5.5627e-03
-2.5784e-03	-0.0000e+00	2.0352e-04	3.9782e-04	-1.9952e-01	5.7478e-02	-1.1375e-04	4.4234e-04	2.0352e-04	5.1699e-03	-4.4535e-02	-1.0405e-02
-2.0356e-03	-0.0000e+00	0.0000e+00	1.6393e-03	-1.3859e-01	3.1736e-02	5.4278e-04	0.0000e+00	-2.0352e-04	1.2415e-03	6.0933e-02	-2.5742e-02
-2.4792e-03	-3.0880e-04	6.8688e-05	1.4196e-03	-1.6530e-01	7.0113e-02	-4.4358e-04	-3.0880e-04	6.8688e-05	-2.1976e-04	-2.6707e-02	3.8377e-02
-2.5718e-03	-5.0202e-04	1.0366e-04	-4.7789e-03	-2.1684e-01	8.0135e-02	-9.2620e-05	-1.9322e-04	3.4976e-05	-6.1985e-03	-5.1541e-02	1.0022e-02
-2.3347e-03	-4.4340e-04	0.0000e+00	-4.7714e-03	-1.6460e-01	1.1374e-01	2.3711e-04	5.8623e-05	-1.0366e-04	7.4900e-06	5.2236e-02	3.3608e-02
-2.5630e-03	-3.1152e-04	0.0000e+00	1.0296e-02	-1.6462e-01	8.0141e-02	-2.2827e-04	1.3188e-04	0.0000e+00	1.5067e-02	-1.7000e-05	-3.3602e-02
-2.8124e-03	-5.6418e-04	3.5578e-04	1.7351e-02	-1.7189e-01	1.1366e-01	-2.4939e-04	-2.5266e-04	3.5578e-04	7.0557e-03	-7.2670e-03	3.3514e-02
-2.8100e-03	-4.8851e-04	4.7200e-04	9.5934e-03	-1.6465e-01	7.3280e-02	2.4100e-06	7.5667e-05	1.1622e-04	-7.7579e-03	7.2340e-03	-4.0375e-02
-3.0979e-03	-4.2261e-04	4.7200e-04	8.2582e-03	-1.8129e-01	9.3968e-02	-2.8796e-04	6.5901e-05	0.0000e+00	-1.3352e-03	-1.6643e-02	2.0688e-02
-3.0669e-03	-3.6585e-04	2.6080e-04	8.5193e-03	-1.8099e-01	4.6689e-02	3.1070e-05	5.6758e-05	-2.1121e-04	2.6117e-04	3.0800e-04	-4.7279e-02
-3.1832e-03	-4.8851e-04	4.7200e-04	1.2499e-02	-2.2203e-01	1.0917e-01	-1.1632e-04	-1.2266e-04	2.1121e-04	3.9798e-03	-4.1046e-02	6.2477e-02
-2.7503e-03	-4.8851e-04	5.2371e-05	1.2857e-02	-1.6639e-01	6.4570e-02	4.3286e-04	0.0000e+00	-4.1963e-04	3.5820e-04	5.5642e-02	-4.4596e-02
-3.3961e-03	-4.8851e-04	1.4443e-04	7.3893e-03	-2.7883e-01	5.6604e-02	-6.4582e-04	0.0000e+00	9.2063e-05	-5.4680e-03	-1.1244e-01	-7.9654e-03
-3.1899e-03	-4.2496e-04	1.5973e-04	1.2864e-02	-2.3158e-01	6.3929e-02	2.0620e-04	6.3557e-05	1.5294e-05	5.4747e-03	4.7247e-02	7.3248e-03
-3.5153e-03	-4.8851e-04	4.7200e-04	2.1004e-02	-2.0342e-01	1.0119e-01	-3.2531e-04	-6.3557e-05	3.1228e-04	8.1397e-03	2.8163e-02	3.7265e-02
-3.2014e-03	-4.8851e-04	6.2287e-05	9.1244e-03	-2.3159e-01	7.9172e-02	3.1382e-04	0.0000e+00	-4.0972e-04	-1.1879e-02	-2.8176e-02	-2.2022e-02
-3.6969e-03	-7.8993e-04	5.5959e-04	3.8137e-02	-2.3167e-01	1.2131e-01	-4.9550e-04	-3.0141e-04	4.9731e-04	2.9013e-02	-8.2000e-05	4.2134e-02
-4.0334e-03	-6.8223e-04	4.4185e-04	1.4964e-02	-2.1637e-01	9.2196e-02	-3.3645e-04	1.0770e-04	-1.1774e-04	-2.3173e-02	1.5301e-02	-2.9110e-02
-3.7301e-03	-3.0622e-04	9.9011e-04	1.4891e-02	-2.7862e-01	6.8471e-02	3.0326e-04	3.7601e-04	5.4826e-04	-7.3500e-05	-6.2241e-02	-2.3725e-02
-3.4574e-03	-5.0062e-04	6.4235e-04	2.9895e-02	-1.9640e-01	5.3224e-02	2.7270e-04	-1.9439e-04	-3.4775e-04	1.5005e-02	8.2214e-02	-1.5247e-02
-3.9984e-03	-9.0103e-04	6.1476e-04	3.6113e-02	-2.1250e-01	1.0823e-01	-5.4100e-04	-4.0041e-04	-2.7591e-05	6.2179e-03	-1.6095e-02	5.5003e-02
-3.8902e-03	-9.0103e-04	7.7072e-04	3.6101e-02	-1.9647e-01	1.3012e-01	1.0823e-04	0.0000e+00	1.5596e-04	-1.2800e-05	1.6027e-02	2.1895e-02
-4.1284e-03	-4.6831e-04	1.1319e-03	3.6003e-02	-2.3056e-01	1.0822e-01	-2.3826e-04	4.3272e-04	3.6116e-04	-9.8000e-05	-3.4089e-02	-2.1901e-02
-4.8881e-03	-7.3143e-05	9.6627e-04	2.7500e-02	-2.8202e-01	1.5491e-01	-7.5965e-04	3.9516e-04	-1.6561e-04	-8.5026e-03	-5.1462e-02	4.6687e-02
-4.4204e-03	-5.4914e-04	9.1204e-04	3.1464e-02	-2.2808e-01	1.1722e-01	4.6767e-04	-4.7599e-04	-5.4226e-05	3.9636e-03	5.3943e-02	-3.7691e-02
-4.6074e-03	-5.4914e-04	7.7072e-04	1.1722e-02	-2.5366e-01	1.1726e-01	-1.8698e-04	-1.0000e-09	-1.4133e-04	-1.9742e-02	-2.5578e-02	4.3000e-05
-4.5219e-03	-5.4914e-04	7.7072e-04	2.3306e-02	-2.4145e-01	9.7424e-02	8.5530e-05	0.0000e+00	0.0000e+00	1.1584e-02	1.2204e-02	-1.9836e-02
-4.4133e-03	-1.0413e-03	6.8391e-04	2.1871e-02	-2.7466e-01	1.4404e-01	1.0854e-04	-4.9213e-04	-8.6812e-05	-1.4348e-03	-3.3212e-02	4.6616e-02
-4.4211e-03	-1.1251e-03	7.7072e-04	3.4608e-02	-2.8054e-01	1.9234e-01	-7.7100e-06	-8.3820e-05	8.6812e-05	1.2737e-02	-5.8760e-03	4.8300e-02
-4.6257e-03	-1.0413e-03	7.7072e-04	3.4589e-02	-2.8055e-01	1.5836e-01	-2.0463e-04	8.3820e-05	0.0000e+00	-1.8700e-05	-1.6000e-05	-3.3979e-02
-4.4697e-03	-1.2211e-03	7.7072e-04	3.4628e-02	-2.8054e-01	2.1185e-01	1.5601e-04	-1.7979e-04	0.0000e+00	3.8400e-05	1.1000e-05	5.3491e-02
-4.6407e-03	-1.0413e-03	1.0475e-03	4.1928e-02	-2.8058e-01	1.3632e-01	-1.7106e-04	1.7979e-04	2.7680e-04	7.3008e-03	-3.9000e-05	-7.5532e-02
-5.0673e-03	-1.5106e-03	8.9946e-04	4.9571e-02	-2.8070e-01	1.8890e-01	-4.2653e-04	-4.6935e-04	-1.4806e-04	7.6428e-03	-1.2000e-04	5.2578e-02
-4.9207e-03	-2.1720e-03	1.6332e-03	5.1758e-02	-2.5855e-01	1.7911e-01	1.4655e-04	-6.6134e-04	7.3372e-04	2.1866e-03	2.2150e-02	-9.7900e-03
-5.5652e-03	-1.5072e-03	1.1255e-03	2.4115e-02	-3.4026e-01	1.9519e-01	-6.4447e-04	6.6476e-04	-5.0771e-04	-2.7642e-02	-8.1704e-02	1.6078e-02
-5.8641e-03	-1.6007e-03	1.3558e-03	3.3716e-02	-3.3823e-01	1.2842e-01	-2.9892e-04	-9.3520e-05	2.3033e-04	9.6004e-03	2.0300e-03	-6.6766e-02
-4.8355e-03	-1.6007e-03	1.6112e-03	4.2860e-02	-3.7289e-01	1.2104e-01	1.0286e-03	0.0000e+00	2.5542e-04	9.1445e-03	-3.4659e-02	-7.3750e-03
-5.8665e-03	-1.3147e-03	1.2285e-03	3.4128e-02	-3.5276e-01	1.2715e-01	-1.0311e-03	2.8607e-04	-3.8274e-04	-8.7319e-03	2.0128e-02	6.1020e-03
-5.8457e-03	-1.4198e-03	1.1866e-03	2.6032e-02	-4.0008e-01	1.2651e-01	2.0880e-05	-1.0517e-04	-4.1880e-05	-8.0967e-03	-4.7320e-02	-6.4200e-04
-6.2219e-03	-1.4287e-03	1.4587e-03	3.1227e-02	-3.5503e-01	1.2876e-01	-3.7625e-04	-8.8900e-06	2.7206e-04	5.1950e-03	4.5050e-02	2.2510e-03
-5.8069e-03	-1.0077e-03	1.2894e-03	1.8230e-02	-4.0659e-01	1.0714e-01	4.1498e-04	4.2102e-04	-1.6928e-04	-1.2997e-02	-5.1564e-02	-2.1616e-02
-4.3348e-03	-1.2363e-03	1.4524e-03	3.0966e-02	-3.7834e-01	1.0544e-01	1.4721e-03	-2.2865e-04	1.6301e-04	1.2736e-02	2.8251e-02	-1.6970e-03
-4.1632e-03	-1.0754e-03	9.1931e-04	1.5921e-02	-3.6316e-01	3.0364e-02	1.7164e-04	1.6099e-04	-5.3308e-04	-1.5045e-02	1.5181e-02	-7.5079e-02
-4.5090e-03	-1.2559e-03	9.1931e-04	1.5908e-02	-3.9324e-01	8.7623e-02	-3.4587e-04	-1.8057e-04	0.0000e+00	-1.3000e-05	-3.0079e-02	5.7259e-02
-3.8584e-03	-1.0980e-03	9.1931e-04	1.5922e-02	-3.7084e-01	8.3006e-03	6.5061e-04	1.5791e-04	0.0000e+00	1.4600e-05	2.2398e-02	-7.9323e-02
-4.0804e-03	-1.0980e-03	8.0269e-04	1.5934e-02	-3.7085e-01	3.9729e-02	-2.2193e-04	0.0000e+00	-1.1662e-04	1.2000e-05	-1.0000e-05	3.1428e-02
-3.8584e-03	-1.0980e-03	9.1931e-04	5.4046e-03	-4.1190e-01	1.0743e-02	2.2193e-04	0.0000e+00	1.1662e-04	-1.0530e-02	-4.1051e-02	-2.8986e-02
-3.8584e-03	-1.2592e-03	3.8219e-04	4.7452e-03	-3.4004e-01	9.8583e-03	0.0000e+00	-1.6120e-04	-5.3713e-04	-6.5935e-04	7.1859e-02	-8.8436e-04
-4.3277e-03	-1.4828e-03	6.1236e-04	-6.1330e-03	-4.2677e-01	6.8691e-02	-4.6931e-04	-2.2357e-04	2.3018e-04	-1.0878e-02	-8.6730e-02	5.8833e-02
-4.0723e-03	-1.4260e-03	3.8219e-04	-6.1140e-03	-3.6159e-01	2.3135e-02	2.5549e-04	5.6790e-05	-2.3018e-04	1.9000e-05	6.5178e-02	-4.5556e-02
-4.3304e-03	-1.0522e-03	1.4745e-03	2.3848e-02	-4.1686e-01	2.5142e-02	-2.5812e-04	3.7381e-04	1.0923e-03	2.9962e-02	-5.5264e-02	2.0069e-03
-4.7010e-03	-9.8573e-04	1.4415e-03	2.3894e-02	-3.6981e-01	3.9240e-02	-3.7066e-04	6.6446e-05	-3.2980e-05	4.5800e-05	4.7047e-02	1.4098e-02
-5.8332e-03	-5.7913e-04	1.2292e-03	2.3752e-02	-4.7498e-01	6.8533e-02	-1.1322e-03	4.0660e-04	-2.1239e-04	-1.4130e-04	-1.0517e-01	2.9292e-02
-4.6467e-03	-5.7913e-04	1.2147e-03	2.3844e-02	-3.4812e-01	1.4761e-02	1.1865e-03	0.0000e+00	-1.4450e-05	9.2200e-05	1.2686e-01	-5.3772e-02
-4.6854e-03	-9.3484e-04	1.2067e-03	1.0039e-02	-4.2701e-01	5.5922e-03	-3.8700e-05	-3.5571e-04	-7.9700e-06	-1.3806e-02	-7.8894e-02	-9.1688e-03
-4.5855e-03	-1.0920e-03	9.8189e-04	-2.2842e-03	-3.4122e-01	-1.4095e-02	9.9920e-05	-1.5714e-04	-2.2485e-04	-1.2323e-02	8.5795e-02	-1.9687e-02
-5.0403e-03	-1.1497e-03	1.0980e-03	-2.2968e-03	-4.0534e-01	6.6986e-02	-4.5479e-04	-5.7690e-05	1.1611e-04	-1.2560e-05	-6.4122e-02	8.1081e-02
-4.9166e-03	-1.5065e-03	9.8732e-04	1.5273e-02	-3.5018e-01	3.4932e-02	1.2366e-04	-3.5688e-04	-1.1068e-04	1.7569e-02	5.5163e-02	-3.2053e-02
-5.3269e-03	-1.7167e-03	1.1776e-03	3.4330e-02	-4.2225e-01	8.6198e-02	-4.1023e-04	-2.1019e-04	1.9029e-04	1.9058e-02	-7.2074e-02	5.1265e-02
-5.5385e-03	-1.6198e-03	7.1119e-04	4.2383e-02	-3.6747e-01	8.2120e-02	-2.1159e-04	9.6990e-05	-4.6642e-04	8.0531e-03	5.4778e-02	-4.0773e-03
-5.4851e-03	-1.6198e-03	1.0815e-03	3.1223e-02	-4.1818e-01	4.8601e-02	5.3380e-05	0.0000e+00	3.7036e-04	-1.1161e-02	-5.0708e-02	-3.3520e-02
-5.8150e-03	-1.4924e-03	1.2816e-03	3.5760e-02	-4.5765e-01	1.0187e-01	-3.2989e-04	1.2733e-04	2.0009e-04	4.5372e-03	-3.9472e-02	5.3268e-02
-5.6374e-03	-1.1697e-03	1.1547e-03	2.5976e-02	-4.4383e-01	4.0388e-02	1.7756e-04	3.2270e-04	-1.2695e-04	-9.7836e-03	1.3821e-02	-6.1481e-02
-5.6217e-03	-1.3910e-03	1.0905e-03	2.0030e-02	-4.9370e-01	8.3563e-02	1.5750e-05	-2.2127e-04	-6.4230e-05	-5.9460e-03	-4.9865e-02	4.3176e-02
-5.1452e-03	-1.4663e-03	1.0905e-03	2.3744e-02	-4.4888e-01	5.3181e-02	4.7643e-04	-7.5300e-05	0.0000e+00	3.7137e-03	4.4823e-02	-3.0383e-02
-5.2656e-03	-1.6198e-03	1.0905e-03	2.0062e-02	-4.9738e-01	7.1752e-02	-1.2041e-04	-1.5346e-04	0.0000e+00	-3.6824e-03	-4.8504e-02	1.8571e-02
-5.9454e-03	-1.0846e-03	1.2528e-03	1.4506e-02	-4.6106e-01	6.6578e-02	-6.7972e-04	5.3518e-04	1.6233e-04	-5.5553e-03	3.6316e-02	-5.1739e-03
-6.2481e-03	-1.0527e-03	1.5308e-03	4.3641e-03	-5.2448e-01	7.6371e-02	-3.0274e-04	3.1870e-05	2.7801e-04	-1.0142e-02	-6.3412e-02	9.7928e-03
