-3.2005e-03	3.2702e-03	-3.5462e-03	-2.4758e-01	2.2459e-01	-5.5843e-01	0.0000e+00	0.0000e+00	0.0000e+00	0.0000e+00	0.0000e+00	0.0000e+00
-3.3521e-03	3.2184e-03	-3.5462e-03	-2.4421e-01	2.0674e-01	-5.2966e-01	-1.5153e-04	-5.1770e-05	0.0000e+00	3.3770e-03	-1.7855e-02	2.8774e-02
-3.8636e-03	2.8830e-03	-3.1441e-03	-2.4914e-01	1.8456e-01	-5.3757e-01	-5.1151e-04	-3.3548e-04	4.0217e-04	-4.9300e-03	-2.2174e-02	-7.9140e-03
-3.5805e-03	2.9259e-03	-3.1608e-03	-2.4138e-01	1.9875e-01	-5.2935e-01	2.8309e-04	4.2940e-05	-1.6730e-05	7.7600e-03	1.4183e-02	8.2240e-03
-3.4517e-03	2.9989e-03	-3.0506e-03	-2.4560e-01	2.1626e-01	-5.3120e-01	1.2876e-04	7.2980e-05	1.1019e-04	-4.2220e-03	1.7513e-02	-1.8460e-03
-3.5249e-03	2.8274e-03	-3.0425e-03	-2.4135e-01	1.9900e-01	-5.2797e-01	-7.3150e-05	-1.7147e-04	8.1200e-06	4.2430e-03	-1.7257e-02	3.2280e-03
-3.6925e-03	2.9980e-03	-3.0299e-03	-2.5224e-01	1.9820e-01	-5.2275e-01	-1.6767e-04	1.7059e-04	1.2610e-05	-1.0888e-02	-7.9700e-04	5.2200e-03
-2.8983e-03	3.1524e-03	-3.1128e-03	-2.5889e-01	2.4594e-01	-5.3294e-01	7.9423e-04	1.5439e-04	-8.2920e-05	-6.6440e-03	4.7739e-02	-1.0188e-02
-3.2850e-03	3.3096e-03	-3.2588e-03	-2.5887e-01	2.0097e-01	-5.2860e-01	-3.8673e-04	1.5719e-04	-1.4604e-04	2.0000e-05	-4.4969e-02	4.3410e-03
-3.0242e-03	3.3532e-03	-3.3302e-03	-2.6349e-01	2.0775e-01	-5.1721e-01	2.6082e-04	4.3600e-05	-7.1360e-05	-4.6260e-03	6.7780e-03	1.1384e-02
-3.1366e-03	3.4319e-03	-3.0775e-03	-2.6594e-01	2.2180e-01	-5.1247e-01	-1.1240e-04	7.8740e-05	2.5267e-04	-2.4510e-03	1.4047e-02	4.7390e-03
-3.0699e-03	3.6094e-03	-3.2436e-03	-2.6555e-01	2.2392e-01	-5.0255e-01	6.6680e-05	1.7748e-04	-1.6612e-04	3.9700e-04	2.1190e-03	9.9210e-03
-2.7920e-03	3.6137e-03	-3.2463e-03	-2.7255e-01	2.1058e-01	-4.9508e-01	2.7797e-04	4.2900e-06	-2.6300e-06	-7.0010e-03	-1.3338e-02	7.4680e-03
-3.2935e-03	3.2758e-03	-3.4686e-03	-2.7018e-01	1.9668e-01	-4.9403e-01	-5.0157e-04	-3.3793e-04	-2.2232e-04	2.3660e-03	-1.3902e-02	1.0510e-03
-3.0570e-03	3.3892e-03	-3.4092e-03	-2.7787e-01	2.0468e-01	-4.7690e-01	2.3654e-04	1.1344e-04	5.9420e-05	-7.6920e-03	8.0060e-03	1.7128e-02
-2.8997e-03	3.2127e-03	-3.4594e-03	-2.7322e-01	1.5749e-01	-4.7057e-01	1.5731e-04	-1.7648e-04	-5.0260e-05	4.6580e-03	-4.7190e-02	6.3390e-03
-2.7362e-03	3.5176e-03	-3.3862e-03	-2.7105e-01	1.9651e-01	-4.7294e-01	1.6353e-04	3.0486e-04	7.3270e-05	2.1690e-03	3.9014e-02	-2.3730e-03
-2.8679e-03	3.4904e-03	-3.6439e-03	-2.6741e-01	1.7089e-01	-4.0174e-01	-1.3175e-04	-2.7200e-05	-2.5768e-04	3.6390e-03	-2.5620e-02	7.1195e-02
-5.0978e-03	1.5794e-03	-2.7216e-03	-2.1443e-01	-1.9451e-01	1.3794e-01	-2.2299e-03	-1.9110e-03	9.2226e-04	5.2975e-02	-3.6540e-01	5.3968e-01
-3.1731e-03	2.0894e-03	-3.1653e-03	-1.8005e-01	-1.3323e-01	2.5748e-01	1.9247e-03	5.1001e-04	-4.4366e-04	3.4386e-02	6.1286e-02	1.1954e-01
-3.0964e-03	1.9210e-03	-2.5957e-03	-1.0197e-01	2.2027e-02	1.9786e-01	7.6710e-05	-1.6842e-04	5.6952e-04	7.8081e-02	1.5525e-01	-5.9616e-02
-3.0964e-03	2.4375e-03	-2.0914e-03	-1.2161e-01	8.5661e-02	6.7317e-02	0.0000e+00	5.1653e-04	5.0432e-04	-1.9648e-02	6.3633e-02	-1.3055e-01
-3.0964e-03	1.5794e-03	-1.6881e-03	-8.7856e-02	4.9900e-02	1.0421e-02	0.0000e+00	-8.5812e-04	4.0335e-04	3.3758e-02	-3.5761e-02	-5.6895e-02
-2.7949e-03	1.9236e-03	-2.0914e-03	-8.1667e-02	8.0247e-02	2.6062e-02	3.0150e-04	3.4422e-04	-4.0335e-04	6.1888e-03	3.0347e-02	1.5641e-02
-3.1209e-03	1.9416e-03	-2.0942e-03	-8.1643e-02	5.3525e-02	1.8534e-02	-3.2604e-04	1.7950e-05	-2.7700e-06	2.3900e-05	-2.6722e-02	-7.5286e-03
-3.1184e-03	2.0267e-03	-2.5251e-03	-8.9786e-02	8.4197e-02	1.8333e-02	2.5100e-06	8.5080e-05	-4.3087e-04	-8.1433e-03	3.0672e-02	-2.0010e-04
-2.7747e-03	2.1304e-03	-2.5419e-03	-9.9964e-02	7.2569e-02	-1.6960e-02	3.4378e-04	1.0378e-04	-1.6820e-05	-1.0177e-02	-1.1628e-02	-3.5294e-02
-3.6951e-03	1.9929e-03	-2.1905e-03	-9.9987e-02	5.1263e-02	-1.4205e-02	-9.2044e-04	-1.3758e-04	3.5134e-04	-2.2800e-05	-2.1306e-02	2.7549e-03
-3.1974e-03	2.1799e-03	-2.4814e-03	-9.9968e-02	8.3623e-02	-1.2399e-02	4.9770e-04	1.8705e-04	-2.9090e-04	1.9000e-05	3.2360e-02	1.8061e-03
-2.5194e-03	1.8687e-03	-2.3215e-03	-8.3219e-02	9.1398e-02	-2.2681e-02	6.7799e-04	-3.1122e-04	1.5991e-04	1.6749e-02	7.7749e-03	-1.0281e-02
-3.3298e-03	1.9931e-03	-2.3215e-03	-9.3527e-02	5.8577e-02	-3.7411e-02	-8.1044e-04	1.2439e-04	0.0000e+00	-1.0308e-02	-3.2821e-02	-1.4731e-02
-3.3298e-03	2.1898e-03	-2.3805e-03	-8.3184e-02	5.9012e-02	-4.4291e-02	0.0000e+00	1.9671e-04	-5.8930e-05	1.0342e-02	4.3490e-04	-6.8795e-03
-3.4687e-03	1.5794e-03	-2.3215e-03	-7.8041e-02	6.0591e-02	-3.6546e-02	-1.3882e-04	-6.1038e-04	5.8930e-05	5.1436e-03	1.5792e-03	7.7450e-03
-3.3038e-03	1.5794e-03	-2.0593e-03	-7.3233e-02	3.1681e-02	-9.9803e-03	1.6490e-04	-1.0000e-08	2.6220e-04	4.8079e-03	-2.8911e-02	2.6565e-02
-4.0177e-03	1.7734e-03	-2.1989e-03	-6.4419e-02	3.7705e-02	-5.4424e-02	-7.1394e-04	1.9398e-04	-1.3963e-04	8.8139e-03	6.0240e-03	-4.4443e-02
-3.7512e-03	1.5794e-03	-2.3215e-03	-6.2748e-02	4.7827e-02	-4.5634e-02	2.6648e-04	-1.9397e-04	-1.2257e-04	1.6707e-03	1.0122e-02	8.7897e-03
-3.5699e-03	1.9041e-03	-2.0241e-03	-6.3093e-02	5.3121e-02	-4.3792e-02	1.8130e-04	3.2466e-04	2.9742e-04	-3.4430e-04	5.2941e-03	1.8419e-03
-3.5888e-03	1.9559e-03	-1.8665e-03	-6.4000e-02	4.9995e-02	-2.4363e-02	-1.8920e-05	5.1830e-05	1.5763e-04	-9.0760e-04	-3.1262e-03	1.9429e-02
-3.2688e-03	1.8569e-03	-1.9750e-03	-5.7877e-02	8.0616e-02	-1.3331e-02	3.2004e-04	-9.8980e-05	-1.0849e-04	6.1229e-03	3.0621e-02	1.1032e-02
-2.9627e-03	1.8222e-03	-1.8656e-03	-6.0059e-02	8.3887e-02	-3.3149e-02	3.0608e-04	-3.4740e-05	1.0934e-04	-2.1819e-03	3.2711e-03	-1.9818e-02
-3.8121e-03	1.5794e-03	-1.4337e-03	-6.0846e-02	5.7341e-02	-1.9846e-02	-8.4935e-04	-2.4278e-04	4.3194e-04	-7.8660e-04	-2.6546e-02	1.3304e-02
-3.6008e-03	1.5794e-03	-1.4337e-03	-5.0647e-02	4.3757e-02	-3.8779e-02	2.1131e-04	0.0000e+00	0.0000e+00	1.0198e-02	-1.3584e-02	-1.8933e-02
-3.0064e-03	1.5794e-03	-1.0421e-03	-4.4048e-02	5.7347e-02	-1.8890e-02	5.9438e-04	0.0000e+00	3.9158e-04	6.5991e-03	1.3589e-02	1.9889e-02
-3.0663e-03	1.5794e-03	-6.4398e-04	-4.2795e-02	4.4657e-02	-4.2038e-02	-5.9960e-05	0.0000e+00	3.9812e-04	1.2534e-03	-1.2690e-02	-2.3148e-02
-3.4050e-03	1.6776e-03	-4.7055e-04	-3.7652e-02	3.1367e-02	-4.3595e-02	-3.3869e-04	9.8220e-05	1.7342e-04	5.1428e-03	-1.3290e-02	-1.5573e-03
-2.7597e-03	1.8453e-03	-5.5435e-05	-4.3133e-02	5.7382e-02	-2.4563e-02	6.4533e-04	1.6763e-04	4.1512e-04	-5.4809e-03	2.6015e-02	1.9032e-02
-2.2753e-03	1.5794e-03	4.0465e-04	-3.1933e-02	5.7393e-02	-2.4551e-02	4.8439e-04	-2.6585e-04	4.6009e-04	1.1200e-02	1.1300e-05	1.1200e-05
-2.7041e-03	1.5794e-03	8.0142e-04	-3.1940e-02	3.7795e-02	-5.8526e-03	-4.2880e-04	0.0000e+00	3.9677e-04	-7.6000e-06	-1.9599e-02	1.8699e-02
-2.1277e-03	1.4535e-03	6.7186e-04	-3.1942e-02	6.8237e-02	-2.4522e-02	5.7646e-04	-1.2594e-04	-1.2955e-04	-1.3000e-06	3.0443e-02	-1.8670e-02
-2.0785e-03	1.5794e-03	5.7031e-04	-3.1947e-02	5.2272e-02	-4.3890e-02	4.9150e-05	1.2595e-04	-1.0156e-04	-5.0000e-06	-1.5965e-02	-1.9367e-02
-2.0917e-03	9.6614e-04	3.9193e-04	-3.9292e-02	6.8634e-02	-1.0449e-01	-1.3170e-05	-6.1327e-04	-1.7838e-04	-7.3451e-03	1.6362e-02	-6.0599e-02
-2.3397e-03	1.4595e-03	8.0142e-04	-4.4411e-02	3.2035e-02	-7.4802e-02	-2.4800e-04	4.9339e-04	4.0949e-04	-5.1197e-03	-3.6599e-02	2.9687e-02
-2.8402e-03	1.0588e-03	8.0142e-04	-2.7098e-02	3.2054e-02	-5.4782e-02	-5.0057e-04	-4.0070e-04	0.0000e+00	1.7314e-02	1.9100e-05	2.0020e-02
-2.5708e-03	1.0588e-03	8.0142e-04	-1.2730e-02	5.3375e-02	-2.4310e-02	2.6948e-04	0.0000e+00	0.0000e+00	1.4367e-02	2.1321e-02	3.0472e-02
6.0344e-05	1.0588e-03	4.0031e-04	-1.2722e-02	8.9009e-02	-1.2594e-01	2.6311e-03	0.0000e+00	-4.0111e-04	8.1000e-06	3.5634e-02	-1.0163e-01
-1.9549e-03	1.2060e-03	2.8714e-04	-1.2688e-02	2.1521e-02	-8.0655e-02	-2.0153e-03	1.4720e-04	-1.1316e-04	3.4100e-05	-6.7488e-02	4.5282e-02
-1.6909e-03	1.0454e-03	4.0031e-04	-1.2702e-02	3.2129e-02	-4.4996e-02	2.6404e-04	-1.6065e-04	1.1316e-04	-1.4100e-05	1.0608e-02	3.5659e-02
-1.7691e-03	1.0454e-03	4.0031e-04	-1.2702e-02	3.7615e-02	-4.1676e-02	-7.8240e-05	0.0000e+00	0.0000e+00	0.0000e+00	5.4859e-03	3.3205e-03
7.2932e-04	1.0454e-03	-7.7156e-04	-3.4869e-02	1.2339e-01	-2.0719e-01	2.4984e-03	0.0000e+00	-1.1719e-03	-2.2167e-02	8.5779e-02	-1.6551e-01
-1.9463e-04	1.3875e-03	8.5503e-04	3.0961e-02	1.4563e-02	-1.0156e-01	-9.2395e-04	3.4216e-04	1.6266e-03	6.5830e-02	-1.0883e-01	1.0563e-01
-2.8804e-04	1.7604e-03	2.5049e-04	-1.2727e-02	7.6558e-02	-9.4370e-02	-9.3411e-05	3.7285e-04	-6.0454e-04	-4.3688e-02	6.1995e-02	7.1860e-03
-8.8835e-04	1.7026e-03	5.3139e-04	-2.3920e-02	3.8112e-02	-8.4497e-02	-6.0031e-04	-5.7740e-05	2.8090e-04	-1.1193e-02	-3.8446e-02	9.8728e-03
-1.3235e-03	1.7044e-03	5.3139e-04	-2.4386e-02	3.2175e-02	-6.3648e-02	-4.3519e-04	1.7000e-06	0.0000e+00	-4.6650e-04	-5.9370e-03	2.0849e-02
-1.2514e-03	1.6343e-03	5.3139e-04	-1.8437e-02	4.1911e-02	-6.3636e-02	7.2130e-05	-7.0040e-05	0.0000e+00	5.9496e-03	9.7355e-03	1.1800e-05
-5.2795e-04	1.7643e-03	2.3457e-04	-3.2531e-02	5.4327e-02	-6.3663e-02	7.2345e-04	1.3002e-04	-2.9682e-04	-1.4094e-02	1.2416e-02	-2.6700e-05
-9.8629e-04	1.5215e-03	2.3868e-04	-3.2545e-02	3.9220e-02	-6.5799e-02	-4.5834e-04	-2.4281e-04	4.1100e-06	-1.4200e-05	-1.5107e-02	-2.1365e-03
-3.6839e-04	1.4566e-03	4.0274e-06	-1.1802e-02	6.2251e-02	-4.5740e-02	6.1790e-04	-6.4910e-05	-2.3465e-04	2.0743e-02	2.3030e-02	2.0059e-02
-7.9676e-04	1.4275e-03	4.0274e-06	-2.2251e-02	2.0686e-02	-4.7568e-02	-4.2836e-04	-2.9100e-05	0.0000e+00	-1.0449e-02	-4.1565e-02	-1.8272e-03
-5.6898e-04	1.4159e-03	-4.9026e-05	-2.2130e-02	2.0665e-02	-3.9405e-02	2.2778e-04	-1.1580e-05	-5.3053e-05	1.2070e-04	-2.1400e-05	8.1627e-03
-4.5411e-04	1.3914e-03	2.2219e-04	-1.1799e-02	3.9366e-02	-6.2469e-02	1.1487e-04	-2.4530e-05	2.7121e-04	1.0331e-02	1.8701e-02	-2.3064e-02
-4.5411e-04	1.3104e-03	-5.3177e-04	-4.9094e-02	6.7137e-02	-6.5852e-02	0.0000e+00	-8.1010e-05	-7.5395e-04	-3.7295e-02	2.7771e-02	-3.3834e-03
-4.5411e-04	1.0454e-03	-9.3005e-05	-4.6350e-02	4.4888e-02	-3.9973e-02	0.0000e+00	-2.6501e-04	4.3876e-04	2.7444e-03	-2.2249e-02	2.5879e-02
-6.6089e-04	1.4722e-03	-3.2496e-04	-2.8659e-02	4.4908e-02	-5.6442e-02	-2.0678e-04	4.2682e-04	-2.3196e-04	1.7691e-02	2.0200e-05	-1.6470e-02
2.9106e-04	1.9313e-03	-5.2512e-04	-3.5266e-02	7.6447e-02	-5.5398e-02	9.5195e-04	4.5914e-04	-2.0016e-04	-6.6067e-03	3.1539e-02	1.0442e-03
-1.1912e-04	1.5261e-03	-1.8689e-04	-4.0401e-02	6.8741e-02	-7.1526e-02	-4.1018e-04	-4.0523e-04	3.3823e-04	-5.1350e-03	-7.7059e-03	-1.6127e-02
-1.4227e-04	1.4071e-03	-9.3005e-05	-5.1321e-02	7.9084e-02	-7.8059e-02	-2.3150e-05	-1.1905e-04	9.3885e-05	-1.0921e-02	1.0343e-02	-6.5334e-03
-2.7758e-05	1.3095e-03	-9.3005e-05	-5.1341e-02	7.6774e-02	-5.0806e-02	1.1451e-04	-9.7600e-05	0.0000e+00	-1.9900e-05	-2.3099e-03	2.7253e-02
-1.4227e-04	1.3227e-03	3.6878e-04	-5.1301e-02	6.3274e-02	-7.0001e-02	-1.1451e-04	1.3200e-05	4.6178e-04	4.0300e-05	-1.3500e-02	-1.9195e-02
-2.1602e-03	2.6810e-04	-5.2225e-05	-4.8805e-02	-1.1245e-01	9.2565e-02	-2.0179e-03	-1.0546e-03	-4.2100e-04	2.4963e-03	-1.7572e-01	1.6257e-01
3.4864e-04	4.9763e-04	-9.5139e-05	-2.0757e-04	-1.5521e-02	2.7092e-02	2.5088e-03	2.2952e-04	-4.2914e-05	4.8597e-02	9.6927e-02	-6.5474e-02
1.8477e-04	7.8512e-04	-2.0305e-04	-1.1546e-02	3.9082e-02	7.7657e-03	-1.6387e-04	2.8749e-04	-1.0791e-04	-1.1339e-02	5.4603e-02	-1.9326e-02
1.8477e-04	3.1636e-04	-4.4423e-04	-1.3856e-02	4.5911e-02	-4.5742e-03	0.0000e+00	-4.6876e-04	-2.4118e-04	-2.3102e-03	6.8292e-03	-1.2340e-02
7.1476e-05	3.3048e-04	-4.4423e-04	-1.2992e-02	1.7461e-02	-2.2735e-05	-1.1329e-04	1.4119e-05	0.0000e+00	8.6460e-04	-2.8451e-02	4.5515e-03
3.7407e-04	3.2202e-04	-4.4422e-04	-1.1545e-02	5.2271e-02	3.6422e-03	3.0260e-04	-8.4620e-06	1.0000e-09	1.4468e-03	3.4811e-02	3.6649e-03
1.8477e-04	-0.0000e+00	-4.4422e-04	-9.6846e-03	2.3248e-02	7.7070e-03	-1.8930e-04	-3.2202e-04	0.0000e+00	1.8603e-03	-2.9023e-02	4.0648e-03
-7.8696e-05	-1.1300e-04	-4.0265e-04	-1.9977e-04	2.8734e-02	2.2632e-03	-2.6346e-04	-1.1300e-04	4.1578e-05	9.4848e-03	5.4853e-03	-5.4438e-03
2.1117e-04	-0.0000e+00	-4.3539e-04	-2.0243e-04	2.8733e-02	-1.1128e-05	2.8987e-04	1.1300e-04	-3.2742e-05	-2.6580e-06	-1.2000e-06	-2.2743e-03
-5.8936e-05	-0.0000e+00	-3.2530e-04	-1.9521e-04	1.4902e-02	-7.3093e-06	-2.7011e-04	0.0000e+00	1.1009e-04	7.2130e-06	-1.3830e-02	3.8184e-06
-4.1848e-04	-0.0000e+00	-4.2049e-04	-1.8359e-04	1.0594e-05	-1.9212e-05	-3.5954e-04	0.0000e+00	-9.5183e-05	1.1621e-05	-1.4892e-02	-1.1903e-05
-2.1608e-04	-0.0000e+00	-2.4139e-04	5.7641e-03	2.2137e-02	-2.4061e-02	2.0240e-04	0.0000e+00	1.7910e-04	5.9477e-03	2.2126e-02	-2.4042e-02
-4.1431e-04	-1.1615e-23	-2.1426e-04	5.4654e-03	1.7733e-05	-3.0254e-02	-1.9823e-04	-1.1615e-23	2.7128e-05	-2.9877e-04	-2.2119e-02	-6.1934e-03
3.9920e-05	-0.0000e+00	0.0000e+00	-6.4552e-03	-7.5598e-06	-2.7564e-02	4.5423e-04	1.1615e-23	2.1426e-04	-1.1921e-02	-2.5293e-05	2.6905e-03
-3.7655e-04	-1.7029e-04	0.0000e+00	-2.1657e-04	-1.6079e-06	-1.6830e-02	-4.1647e-04	-1.7029e-04	0.0000e+00	6.2386e-03	5.9519e-06	1.0734e-02
-3.3136e-04	-6.6428e-05	0.0000e+00	1.6434e-02	7.0053e-03	-6.1669e-06	4.5185e-05	1.0386e-04	0.0000e+00	1.6650e-02	7.0069e-03	1.6824e-02
-1.6065e-04	1.3553e-04	0.0000e+00	-2.7839e-06	4.4579e-06	-4.4409e-06	1.7071e-04	2.0196e-04	0.0000e+00	-1.6436e-02	-7.0009e-03	1.7260e-06
-6.0004e-04	-1.6118e-04	0.0000e+00	-8.7916e-07	-1.1422e-02	8.5611e-03	-4.3939e-04	-2.9671e-04	0.0000e+00	1.9048e-06	-1.1427e-02	8.5655e-03
-6.0004e-04	-0.0000e+00	0.0000e+00	3.8929e-03	-1.1319e-02	-3.1573e-06	0.0000e+00	1.6118e-04	0.0000e+00	3.8938e-03	1.0380e-04	-8.5643e-03
0.0000e+00	-0.0000e+00	0.0000e+00	0.0000e+00	0.0000e+00	0.0000e+00	6.0004e-04	0.0000e+00	0.0000e+00	-3.8929e-03	1.1319e-02	3.1573e-06
-2.1970e-04	-1.9852e-04	-6.6174e-24	-3.7699e-06	-9.0793e-03	4.1453e-06	-2.1970e-04	-1.9852e-04	-6.6174e-24	-3.7699e-06	-9.0793e-03	4.1453e-06
-4.2321e-04	-0.0000e+00	0.0000e+00	0.0000e+00	-8.2509e-03	4.3218e-06	-2.0351e-04	1.9852e-04	6.6174e-24	3.7699e-06	8.2844e-04	1.7651e-07
8.8985e-06	-2.9434e-04	0.0000e+00	-3.2735e-06	-5.1863e-06	-2.4591e-06	4.3211e-04	-2.9434e-04	0.0000e+00	-3.2735e-06	8.2457e-03	-6.7809e-06
-2.5980e-04	-2.0861e-04	0.0000e+00	-1.8269e-02	-1.0554e-02	1.4786e-02	-2.6870e-04	8.5730e-05	0.0000e+00	-1.8266e-02	-1.0548e-02	1.4788e-02
-3.2858e-04	-5.6311e-04	0.0000e+00	-4.4424e-03	-2.0190e-02	-9.5702e-06	-6.8778e-05	-3.5450e-04	0.0000e+00	1.3827e-02	-9.6368e-03	-1.4795e-02
5.5289e-04	-3.3697e-04	0.0000e+00	-7.1060e-04	-1.7234e-05	-1.8676e-05	8.8147e-04	2.2614e-04	0.0000e+00	3.7318e-03	2.0173e-02	-9.1054e-06
2.9252e-04	-6.0554e-04	4.1117e-04	-7.1731e-04	-9.5665e-03	-9.2951e-03	-2.6038e-04	-2.6857e-04	4.1117e-04	-6.7150e-06	-9.5493e-03	-9.2764e-03
6.8761e-04	-5.3197e-04	4.5058e-04	9.9454e-03	-1.7814e-05	-8.0201e-03	3.9509e-04	7.3570e-05	3.9409e-05	1.0663e-02	9.5487e-03	1.2750e-03
4.1163e-04	-7.3189e-04	4.5943e-04	5.7384e-03	1.7358e-02	-1.9630e-02	-2.7598e-04	-1.9992e-04	8.8480e-06	-4.2070e-03	1.7375e-02	-1.1610e-02
7.7241e-04	-4.3525e-04	5.8111e-04	-1.3356e-03	1.9474e-02	-5.4075e-03	3.6078e-04	2.9664e-04	1.2168e-04	-7.0740e-03	2.1167e-03	1.4223e-02
-9.7559e-04	-1.7192e-03	5.4331e-04	1.5713e-02	-1.3998e-01	1.8500e-01	-1.7480e-03	-1.2839e-03	-3.7796e-05	1.7048e-02	-1.5946e-01	1.9041e-01
1.3405e-04	-3.5983e-03	9.2811e-04	6.2733e-02	-2.9830e-01	3.5468e-01	1.1096e-03	-1.8792e-03	3.8480e-04	4.7020e-02	-1.5831e-01	1.6968e-01
8.6458e-04	-2.4212e-03	1.3978e-03	1.0906e-01	-4.9316e-02	2.1384e-01	7.3053e-04	1.1771e-03	4.6971e-04	4.6327e-02	2.4898e-01	-1.4084e-01
4.3201e-04	-1.6822e-03	1.6448e-03	6.7996e-02	1.7022e-02	1.1948e-01	-4.3257e-04	7.3900e-04	2.4694e-04	-4.1064e-02	6.6339e-02	-9.4357e-02
1.8014e-04	-1.5945e-03	1.8867e-03	5.8172e-02	-1.8341e-02	1.2559e-01	-2.5187e-04	8.7670e-05	2.4193e-04	-9.8244e-03	-3.5363e-02	6.1080e-03
9.3199e-04	-2.0169e-03	1.4686e-03	6.2419e-02	2.5332e-02	1.2662e-01	7.5185e-04	-4.2239e-04	-4.1810e-04	4.2466e-03	4.3673e-02	1.0250e-03
3.8147e-04	-2.3152e-03	1.5040e-03	7.1319e-02	-2.3038e-02	1.7320e-01	-5.5052e-04	-2.9824e-04	3.5450e-05	8.9001e-03	-4.8370e-02	4.6587e-02
7.9524e-04	-2.0169e-03	1.4264e-03	6.2464e-02	1.2285e-02	1.7963e-01	4.1377e-04	2.9824e-04	-7.7620e-05	-8.8548e-03	3.5323e-02	6.4310e-03
4.2786e-04	-2.5078e-03	1.8867e-03	6.2518e-02	-2.8042e-02	1.7587e-01	-3.6738e-04	-4.9086e-04	4.6027e-04	5.4300e-05	-4.0328e-02	-3.7620e-03
5.1633e-04	-2.3516e-03	1.6112e-03	6.2517e-02	-1.3314e-02	1.6110e-01	8.8470e-05	1.5620e-04	-2.7552e-04	-1.4000e-06	1.4728e-02	-1.4769e-02
1.0427e-03	-2.2265e-03	1.5098e-03	5.6249e-02	-3.5152e-03	1.4559e-01	5.2636e-04	1.2509e-04	-1.0136e-04	-6.2676e-03	9.7990e-03	-1.5513e-02
3.8177e-04	-2.2467e-03	1.5204e-03	4.5835e-02	-8.9788e-04	1.3207e-01	-6.6092e-04	-2.0230e-05	1.0570e-05	-1.0415e-02	2.6173e-03	-1.3515e-02
2.6567e-04	-2.5078e-03	1.5575e-03	6.2520e-02	-9.1698e-03	1.2204e-01	-1.1610e-04	-2.6106e-04	3.7160e-05	1.6686e-02	-8.2719e-03	-1.0032e-02
1.0122e-03	-2.5654e-03	1.3333e-03	5.0044e-02	-3.5073e-03	1.2206e-01	7.4650e-04	-5.7580e-05	-2.2425e-04	-1.2476e-02	5.6625e-03	1.8000e-05
8.4581e-04	-2.5078e-03	1.6467e-03	4.9286e-02	-2.0603e-02	1.3033e-01	-1.6636e-04	5.7580e-05	3.1341e-04	-7.5730e-04	-1.7096e-02	8.2740e-03
4.2376e-04	-2.5078e-03	1.4725e-03	4.3898e-02	-3.5952e-03	1.2210e-01	-4.2204e-04	0.0000e+00	-1.7416e-04	-5.3889e-03	1.7008e-02	-8.2340e-03
8.4072e-04	-2.5078e-03	1.4424e-03	3.3742e-02	-3.5573e-03	1.2209e-01	4.1695e-04	0.0000e+00	-3.0110e-05	-1.0155e-02	3.7900e-05	-1.0000e-05
4.2376e-04	-2.9285e-03	1.4978e-03	3.6821e-02	-1.7780e-02	1.0748e-01	-4.1695e-04	-4.2071e-04	5.5380e-05	3.0788e-03	-1.4222e-02	-1.4610e-02
8.2286e-04	-2.4691e-03	1.3475e-03	3.2226e-02	1.8536e-02	9.2735e-02	3.9910e-04	4.5942e-04	-1.5029e-04	-4.5947e-03	3.6316e-02	-1.4745e-02
4.6265e-04	-2.4836e-03	1.1976e-03	4.0417e-02	-7.9417e-03	1.2026e-01	-3.6021e-04	-1.4520e-05	-1.4989e-04	8.1909e-03	-2.6478e-02	2.7526e-02
1.3213e-04	-2.9381e-03	1.2540e-03	4.4533e-02	-3.9201e-02	1.3266e-01	-3.3052e-04	-4.5456e-04	5.6340e-05	4.1154e-03	-3.1259e-02	1.2399e-02
1.0763e-05	-2.9997e-03	1.2662e-03	5.8476e-02	-1.8130e-02	1.3718e-01	-1.2136e-04	-6.1530e-05	1.2210e-05	1.3943e-02	2.1071e-02	4.5200e-03
1.5735e-04	-2.9381e-03	1.0594e-03	6.7655e-02	-2.8394e-02	1.3481e-01	1.4658e-04	6.1530e-05	-2.0673e-04	9.1792e-03	-1.0264e-02	-2.3650e-03
-3.8976e-04	-3.0899e-03	8.5770e-04	5.8488e-02	-4.0122e-02	1.2551e-01	-5.4711e-04	-1.5172e-04	-2.0175e-04	-9.1670e-03	-1.1728e-02	-9.3080e-03
1.4397e-04	-2.9381e-03	1.1290e-03	6.5094e-02	-2.8406e-02	1.1893e-01	5.3373e-04	1.5172e-04	2.7132e-04	6.6064e-03	1.1716e-02	-6.5800e-03
-4.5681e-04	-2.9381e-03	1.0883e-03	5.8477e-02	-5.8272e-02	1.1323e-01	-6.0078e-04	0.0000e+00	-4.0750e-05	-6.6173e-03	-2.9866e-02	-5.6960e-03
-1.5390e-04	-3.0275e-03	9.4136e-04	5.8502e-02	-2.8419e-02	1.4038e-01	3.0291e-04	-8.9390e-05	-1.4691e-04	2.5300e-05	2.9854e-02	2.7153e-02
-1.3006e-04	-3.1484e-03	1.0099e-03	6.7869e-02	-4.5702e-02	1.4296e-01	2.3843e-05	-1.2085e-04	6.8487e-05	9.3670e-03	-1.7283e-02	2.5750e-03
-5.7724e-04	-3.3896e-03	9.9121e-04	6.6781e-02	-5.9437e-02	1.2624e-01	-4.4719e-04	-2.4119e-04	-1.8635e-05	-1.0879e-03	-1.3735e-02	-1.6716e-02
-2.1758e-04	-2.9591e-03	7.2910e-04	7.6821e-02	-4.2656e-02	1.2630e-01	3.5966e-04	4.3051e-04	-2.6211e-04	1.0040e-02	1.6781e-02	5.8000e-05
2.5543e-04	-3.2289e-03	5.6115e-04	6.9049e-02	-4.8219e-02	1.1537e-01	4.7301e-04	-2.6988e-04	-1.6795e-04	-7.7723e-03	-5.5628e-03	-1.0929e-02
-3.3979e-04	-2.9613e-03	5.5551e-04	7.6872e-02	-6.4705e-02	2.3199e-01	-5.9521e-04	2.6761e-04	-5.6430e-06	7.8230e-03	-1.6486e-02	1.1661e-01
5.5973e-04	-3.3001e-03	2.1249e-04	7.3582e-02	-2.1718e-01	3.1094e-01	8.9951e-04	-3.3878e-04	-3.4302e-04	-3.2901e-03	-1.5248e-01	7.8956e-02
5.5428e-04	-2.8241e-03	1.8822e-04	8.3359e-02	-6.4142e-02	2.3144e-01	-5.4430e-06	4.7599e-04	-2.4273e-05	9.7770e-03	1.5304e-01	-7.9502e-02
3.8606e-04	-3.0056e-03	4.8593e-04	7.4415e-02	-7.7617e-02	2.1583e-01	-1.6822e-04	-1.8147e-04	2.9771e-04	-8.9440e-03	-1.3475e-02	-1.5614e-02
8.9141e-04	-2.6506e-03	4.7748e-04	8.3193e-02	-2.5818e-02	1.8826e-01	5.0535e-04	3.5500e-04	-8.4430e-06	8.7785e-03	5.1799e-02	-2.7562e-02
1.3623e-03	-2.7785e-03	4.6196e-04	6.0986e-02	-7.0986e-03	1.3969e-01	4.7085e-04	-1.2789e-04	-1.5528e-05	-2.2208e-02	1.8720e-02	-4.8575e-02
1.2209e-03	-2.7785e-03	6.3951e-05	6.9165e-02	-3.3173e-02	1.7085e-01	-1.4134e-04	0.0000e+00	-3.9800e-04	8.1797e-03	-2.6075e-02	3.1159e-02
1.1450e-03	-2.8659e-03	3.4669e-05	7.2505e-02	-3.0947e-02	1.7654e-01	-7.5970e-05	-8.7450e-05	-2.9283e-05	3.3395e-03	2.2258e-03	5.6880e-03
8.8241e-04	-3.2089e-03	3.9662e-05	6.1006e-02	-2.9274e-02	1.2635e-01	-2.6254e-04	-3.4292e-04	4.9937e-06	-1.1499e-02	1.6736e-03	-5.0187e-02
7.8422e-04	-3.3146e-03	3.9042e-04	9.0429e-02	-1.2637e-01	1.4382e-01	-9.8193e-05	-1.0579e-04	3.5076e-04	2.9423e-02	-9.7093e-02	1.7468e-02
8.6064e-04	-2.8839e-03	2.3851e-04	9.0383e-02	-4.0768e-02	1.2772e-01	7.6427e-05	4.3075e-04	-1.5191e-04	-4.5900e-05	8.5599e-02	-1.6101e-02
1.1360e-03	-3.0180e-03	2.1049e-04	9.0401e-02	-6.7345e-02	1.1871e-01	2.7535e-04	-1.3407e-04	-2.8021e-05	1.8000e-05	-2.6577e-02	-9.0090e-03
5.4477e-04	-3.1870e-03	-5.1366e-05	9.0448e-02	-6.1221e-02	1.0520e-01	-5.9122e-04	-1.6900e-04	-2.6186e-04	4.7100e-05	6.1241e-03	-1.3511e-02
9.6191e-04	-2.6539e-03	-5.7500e-05	7.7190e-02	-3.5067e-02	8.2259e-02	4.1715e-04	5.3308e-04	-6.1341e-06	-1.3258e-02	2.6154e-02	-2.2938e-02
5.9603e-04	-2.8336e-03	1.0114e-04	7.6730e-02	-7.0317e-02	9.4410e-02	-3.6588e-04	-1.7973e-04	1.5864e-04	-4.5970e-04	-3.5250e-02	1.2151e-02
8.9162e-04	-2.8272e-03	9.8333e-05	7.3767e-02	-4.9516e-02	7.8789e-02	2.9559e-04	6.4200e-06	-2.8115e-06	-2.9635e-03	2.0801e-02	-1.5621e-02
1.3340e-03	-2.6539e-03	-5.2452e-05	6.4979e-02	-3.5057e-02	8.2278e-02	4.4240e-04	1.7331e-04	-1.5078e-04	-8.7878e-03	1.4459e-02	3.4890e-03
5.5250e-04	-3.1504e-03	-4.5320e-07	7.3853e-02	-8.2723e-02	1.4361e-01	-7.8152e-04	-4.9657e-04	5.1999e-05	8.8738e-03	-4.7666e-02	6.1336e-02
1.1680e-03	-3.0136e-03	-2.5026e-04	6.2627e-02	-3.8505e-02	1.2031e-01	6.1550e-04	1.3686e-04	-2.4981e-04	-1.1226e-02	4.4218e-02	-2.3307e-02
1.2090e-03	-2.8572e-03	9.4586e-05	5.6062e-02	-3.7718e-02	9.7770e-02	4.1050e-05	1.5634e-04	3.4485e-04	-6.5649e-03	7.8710e-04	-2.2537e-02
4.2954e-04	-3.0697e-03	-1.4287e-04	4.6578e-02	-5.7370e-02	1.2338e-01	-7.7951e-04	-2.1249e-04	-2.3746e-04	-9.4838e-03	-1.9653e-02	2.5611e-02
1.0106e-03	-2.9157e-03	-4.0200e-04	4.6543e-02	-3.5082e-02	1.3032e-01	5.8110e-04	1.5404e-04	-2.5913e-04	-3.5500e-05	2.2288e-02	6.9420e-03
9.8582e-04	-3.0827e-03	-2.3060e-04	4.4530e-02	-5.4215e-02	1.1763e-01	-2.4816e-05	-1.6695e-04	1.7140e-04	-2.0125e-03	-1.9134e-02	-1.2695e-02
6.1883e-04	-2.7942e-03	-2.7391e-04	4.6547e-02	-7.0089e-02	1.3029e-01	-3.6699e-04	2.8845e-04	-4.3305e-05	2.0167e-03	-1.5873e-02	1.2660e-02
9.0631e-04	-2.6539e-03	-3.1168e-04	4.1319e-02	-5.0118e-02	1.2787e-01	2.8748e-04	1.4032e-04	-3.7773e-05	-5.2285e-03	1.9971e-02	-2.4210e-03
1.2466e-03	-2.8510e-03	-3.1400e-04	4.1332e-02	-5.5522e-02	1.1464e-01	3.4027e-04	-1.9713e-04	-2.3220e-06	1.3500e-05	-5.4045e-03	-1.3232e-02
4.3026e-04	-2.6539e-03	-2.7260e-04	3.6773e-02	-6.3232e-02	1.0657e-01	-8.1632e-04	1.9713e-04	4.1403e-05	-4.5594e-03	-7.7100e-03	-8.0650e-03
1.2650e-03	-2.6539e-03	-4.4061e-04	2.6438e-02	-4.8808e-02	1.0816e-01	8.3476e-04	0.0000e+00	-1.6802e-04	-1.0334e-02	1.4425e-02	1.5880e-03
8.3318e-04	-2.7725e-03	-2.4343e-04	2.9211e-02	-7.6614e-02	1.0961e-01	-4.3184e-04	-1.1863e-04	1.9718e-04	2.7721e-03	-2.7806e-02	1.4500e-03
8.6305e-04	-2.6539e-03	-2.2823e-04	2.9207e-02	-6.3211e-02	1.0674e-01	2.9862e-05	1.1863e-04	1.5206e-05	-3.9000e-06	1.3402e-02	-2.8650e-03
1.4140e-03	-2.6539e-03	-4.4061e-04	2.9208e-02	-5.0221e-02	1.1546e-01	5.5091e-04	0.0000e+00	-2.1239e-04	1.4000e-06	1.2990e-02	8.7170e-03
1.0683e-03	-2.7572e-03	-1.0787e-04	3.4251e-02	-6.3195e-02	1.0979e-01	-3.4565e-04	-1.0335e-04	3.3274e-04	5.0433e-03	-1.2974e-02	-5.6710e-03
7.7811e-04	-3.0611e-03	4.4892e-05	2.9249e-02	-7.8185e-02	1.0639e-01	-2.9020e-04	-3.0389e-04	1.5277e-04	-5.0021e-03	-1.4990e-02	-3.4030e-03
1.7050e-03	-2.6539e-03	4.4892e-05	4.8551e-02	-6.3125e-02	1.2173e-01	9.2691e-04	4.0724e-04	0.0000e+00	1.9302e-02	1.5060e-02	1.5344e-02
1.1948e-03	-2.9458e-03	4.4892e-05	3.8641e-02	-6.7484e-02	1.0641e-01	-5.1024e-04	-2.9195e-04	0.0000e+00	-9.9101e-03	-4.3596e-03	-1.5316e-02
1.3087e-03	-3.0785e-03	4.4892e-05	4.0188e-02	-6.3174e-02	1.1790e-01	1.1391e-04	-1.3271e-04	0.0000e+00	1.5468e-03	4.3106e-03	1.1491e-02
1.5623e-03	-3.0664e-03	4.4892e-05	3.2225e-02	-6.3142e-02	1.1551e-01	2.5363e-04	1.2120e-05	0.0000e+00	-7.9637e-03	3.2000e-05	-2.3990e-03
1.5745e-03	-3.0664e-03	4.4892e-05	3.2225e-02	-7.4137e-02	1.0643e-01	1.2190e-05	0.0000e+00	0.0000e+00	0.0000e+00	-1.0995e-02	-9.0760e-03
1.3064e-03	-3.2023e-03	4.4892e-05	3.2235e-02	-7.6740e-02	1.0065e-01	-2.6810e-04	-1.3588e-04	0.0000e+00	1.0800e-05	-2.6029e-03	-5.7760e-03
1.6362e-03	-3.1861e-03	4.4892e-05	3.2237e-02	-6.3143e-02	1.0348e-01	3.2981e-04	1.6170e-05	0.0000e+00	1.7000e-06	1.3596e-02	2.8260e-03
1.6848e-03	-4.4011e-03	4.6151e-04	3.8847e-02	-2.8633e-01	2.8137e-01	4.8620e-05	-1.2150e-03	4.1662e-04	6.6098e-03	-2.2319e-01	1.7789e-01
3.2427e-03	-3.8602e-03	1.1745e-03	7.8630e-02	-1.7955e-01	2.6654e-01	1.5579e-03	5.4088e-04	7.1294e-04	3.9783e-02	1.0678e-01	-1.4832e-02
2.3434e-03	-2.6611e-03	1.5199e-03	7.0102e-02	-7.4345e-02	1.8921e-01	-8.9936e-04	1.1991e-03	3.4542e-04	-8.5272e-03	1.0520e-01	-7.7333e-02
2.7297e-03	-3.1051e-03	1.0496e-03	3.8801e-02	-6.2814e-02	1.7963e-01	3.8630e-04	-4.4395e-04	-4.7027e-04	-3.1302e-02	1.1532e-02	-9.5710e-03
2.8263e-03	-3.1051e-03	1.0496e-03	5.7383e-02	-6.5636e-02	1.4908e-01	9.6610e-05	0.0000e+00	0.0000e+00	1.8582e-02	-2.8221e-03	-3.0550e-02
2.6404e-03	-3.3657e-03	8.3263e-04	5.7424e-02	-6.2808e-02	1.4507e-01	-1.8593e-04	-2.6061e-04	-2.1697e-04	4.1200e-05	2.8273e-03	-4.0100e-03
2.6523e-03	-3.6084e-03	8.1165e-04	5.5315e-02	-6.2801e-02	1.4367e-01	1.1920e-05	-2.4269e-04	-2.0974e-05	-2.1091e-03	7.3000e-06	-1.4040e-03
3.3125e-03	-3.5423e-03	7.8289e-04	5.7469e-02	-7.0904e-02	1.5659e-01	6.6019e-04	6.6070e-05	-2.8763e-05	2.1543e-03	-8.1029e-03	1.2915e-02
3.1679e-03	-3.9507e-03	7.8682e-04	5.0704e-02	-8.8337e-02	1.4367e-01	-1.4458e-04	-4.0834e-04	3.9340e-06	-6.7650e-03	-1.7433e-02	-1.2917e-02
3.6171e-03	-3.8179e-03	7.0409e-04	4.8181e-02	-6.2646e-02	8.7092e-02	4.4925e-04	1.3279e-04	-8.2732e-05	-2.5231e-03	2.5691e-02	-5.6576e-02
3.6490e-03	-3.6306e-03	9.6762e-04	2.6105e-02	-1.2849e-01	2.0156e-01	3.1860e-05	1.8730e-04	2.6353e-04	-2.2076e-02	-6.5843e-02	1.1447e-01
3.5546e-03	-3.2850e-03	3.5319e-04	2.6074e-02	-6.9388e-02	1.4472e-01	-9.4460e-05	3.4557e-04	-6.1443e-04	-3.1300e-05	5.9101e-02	-5.6846e-02
3.0061e-03	-3.6849e-03	6.3188e-04	2.6127e-02	-9.6339e-02	1.3769e-01	-5.4845e-04	-3.9989e-04	2.7869e-04	5.2900e-05	-2.6951e-02	-7.0270e-03
2.5944e-03	-3.8361e-03	6.3188e-04	4.5862e-02	-9.6401e-02	1.4009e-01	-4.1170e-04	-1.5123e-04	0.0000e+00	1.9736e-02	-6.1900e-05	2.3960e-03
3.1239e-03	-3.7364e-03	6.3188e-04	4.5847e-02	-8.3862e-02	1.4011e-01	5.2945e-04	9.9720e-05	0.0000e+00	-1.4700e-05	1.2539e-02	2.4000e-05
2.7219e-03	-4.0463e-03	7.9365e-04	5.2342e-02	-1.0405e-01	1.4841e-01	-4.0191e-04	-3.0995e-04	1.6177e-04	6.4943e-03	-2.0192e-02	8.2930e-03
