-1.3696e-03	3.3615e-03	-2.7119e-04	-7.9275e-02	3.8117e-01	-1.2109e-02	0.0000e+00	0.0000e+00	0.0000e+00	0.0000e+00	0.0000e+00	0.0000e+00
-1.5593e-03	2.7123e-03	-2.7119e-04	-6.9308e-02	3.6004e-01	3.9348e-02	-1.8969e-04	-6.4920e-04	0.0000e+00	9.9668e-03	-2.1134e-02	5.1457e-02
-1.9447e-03	2.7123e-03	-4.1744e-04	-7.5930e-02	3.9118e-01	6.2656e-02	-3.8539e-04	0.0000e+00	-1.4625e-04	-6.6220e-03	3.1145e-02	2.3308e-02
-2.5808e-03	2.5057e-03	-2.6232e-04	-7.4131e-02	3.6307e-01	7.3155e-02	-6.3610e-04	-2.0657e-04	1.5512e-04	1.7997e-03	-2.8114e-02	1.0499e-02
-2.9779e-03	2.2169e-03	-1.6090e-04	-7.2373e-02	3.4021e-01	1.0108e-01	-3.9717e-04	-2.8881e-04	1.0143e-04	1.7581e-03	-2.2861e-02	2.7921e-02
-2.9213e-03	2.7123e-03	-3.4973e-04	-7.4986e-02	3.5674e-01	1.1081e-01	5.6660e-05	4.9538e-04	-1.8884e-04	-2.6136e-03	1.6537e-02	9.7390e-03
-2.9213e-03	2.1994e-03	-6.8521e-04	-8.0620e-02	3.4552e-01	7.8673e-02	0.0000e+00	-5.1288e-04	-3.3548e-04	-5.6342e-03	-1.1227e-02	-3.2142e-02
-2.2797e-03	2.5056e-03	-4.2707e-04	-7.2243e-02	3.4554e-01	4.8354e-02	6.4153e-04	3.0616e-04	2.5814e-04	8.3774e-03	2.7000e-05	-3.0318e-02
-1.4831e-03	2.6126e-03	-6.8521e-04	-9.2986e-02	3.5724e-01	-5.6818e-02	7.9660e-04	1.0699e-04	-2.5814e-04	-2.0743e-02	1.1692e-02	-1.0517e-01
-1.2506e-03	2.5339e-03	-1.9483e-04	-6.9371e-02	3.4546e-01	-8.4273e-02	2.3251e-04	-7.8660e-05	4.9038e-04	2.3614e-02	-1.1775e-02	-2.7455e-02
-1.3482e-03	2.5313e-03	1.3891e-04	-7.4086e-02	3.7446e-01	-1.0294e-01	-9.7590e-05	-2.6600e-06	3.3374e-04	-4.7147e-03	2.8995e-02	-1.8669e-02
-1.3482e-03	2.0054e-03	3.1396e-04	-7.8869e-02	2.9849e-01	-8.3434e-02	0.0000e+00	-5.2589e-04	1.7505e-04	-4.7836e-03	-7.5965e-02	1.9508e-02
6.5691e-04	2.5388e-03	1.6680e-04	-6.0397e-02	3.4145e-01	-1.6788e-01	2.0051e-03	5.3341e-04	-1.4716e-04	1.8472e-02	4.2956e-02	-8.4445e-02
-4.6934e-04	2.5388e-03	-4.9826e-04	-5.1031e-02	3.9869e-01	-1.3157e-01	-1.1263e-03	0.0000e+00	-6.6507e-04	9.3657e-03	5.7238e-02	3.6304e-02
-1.2755e-04	2.2785e-03	2.9462e-04	-3.4911e-02	2.9062e-01	-1.5459e-01	3.4179e-04	-2.6024e-04	7.9288e-04	1.6120e-02	-1.0807e-01	-2.3014e-02
7.3106e-04	2.3933e-03	1.1475e-04	-2.3179e-02	3.6620e-01	-1.5424e-01	8.5862e-04	1.1479e-04	-1.7986e-04	1.1732e-02	7.5579e-02	3.5300e-04
2.8198e-04	2.2759e-03	1.1475e-04	-1.9385e-02	3.6410e-01	-1.3620e-01	-4.4908e-04	-1.1745e-04	0.0000e+00	3.7939e-03	-2.1000e-03	1.8040e-02
-7.9645e-04	2.2746e-03	5.3377e-04	-1.4655e-02	3.2958e-01	-1.1051e-01	-1.0784e-03	-1.2600e-06	4.1901e-04	4.7301e-03	-3.4521e-02	2.5682e-02
-6.8368e-04	1.8251e-03	3.6680e-04	-2.0091e-02	2.8901e-01	-9.8155e-02	1.1277e-04	-4.4949e-04	-1.6697e-04	-5.4352e-03	-4.0571e-02	1.2359e-02
-7.9645e-04	2.0519e-03	3.0128e-04	-2.0239e-02	3.2069e-01	-7.7671e-02	-1.1277e-04	2.2682e-04	-6.5517e-05	-1.4800e-04	3.1682e-02	2.0484e-02
-4.2061e-05	2.5388e-03	4.7767e-04	-3.4688e-02	3.1261e-01	-1.4433e-01	7.5438e-04	4.8683e-04	1.7639e-04	-1.4450e-02	-8.0780e-03	-6.6663e-02
-1.3140e-03	2.1697e-03	4.9124e-04	-2.1902e-02	2.9778e-01	-9.7535e-02	-1.2719e-03	-3.6908e-04	1.3575e-05	1.2786e-02	-1.4829e-02	4.6798e-02
-1.0025e-03	2.1001e-03	1.8787e-04	-1.4305e-02	2.4690e-01	-4.7620e-02	3.1147e-04	-6.9600e-05	-3.0337e-04	7.5973e-03	-5.0881e-02	4.9916e-02
-6.2842e-04	2.0486e-03	2.4722e-04	-8.6882e-03	2.8318e-01	-2.4535e-02	3.7410e-04	-5.1510e-05	5.9347e-05	5.6168e-03	3.6276e-02	2.3085e-02
-6.2635e-04	1.9294e-03	1.1475e-04	-2.5766e-02	3.0671e-01	-2.8213e-02	2.0690e-06	-1.1919e-04	-1.3246e-04	-1.7078e-02	2.3537e-02	-3.6782e-03
-1.4270e-03	1.7764e-03	1.1475e-04	-2.6041e-02	2.6214e-01	1.0207e-02	-8.0061e-04	-1.5296e-04	0.0000e+00	-2.7540e-04	-4.4569e-02	3.8420e-02
-1.5753e-03	1.6471e-03	1.1475e-04	-2.2327e-02	2.3617e-01	-1.1916e-02	-1.4834e-04	-1.2934e-04	0.0000e+00	3.7139e-03	-2.5972e-02	-2.2123e-02
-1.2289e-03	2.0486e-03	1.1475e-04	-2.5331e-02	2.7404e-01	-1.1075e-02	3.4642e-04	4.0149e-04	0.0000e+00	-3.0040e-03	3.7866e-02	8.4120e-04
-1.2421e-03	1.8116e-03	1.1475e-04	-3.4788e-02	2.6270e-01	8.2403e-03	-1.3210e-05	-2.3696e-04	0.0000e+00	-9.4567e-03	-1.1338e-02	1.9315e-02
-1.1539e-03	1.5145e-03	1.1475e-04	-3.4787e-02	2.2635e-01	6.1639e-03	8.8150e-05	-2.9717e-04	0.0000e+00	6.0000e-07	-3.6351e-02	-2.0764e-03
-3.9838e-04	2.0486e-03	1.1475e-04	-3.0342e-02	2.4835e-01	-2.0004e-02	7.5556e-04	5.3413e-04	0.0000e+00	4.4458e-03	2.2004e-02	-2.6168e-02
-7.9496e-04	1.7906e-03	1.1475e-04	-2.7741e-02	2.6040e-01	-3.9247e-02	-3.9658e-04	-2.5802e-04	0.0000e+00	2.6010e-03	1.2052e-02	-1.9243e-02
-1.5692e-03	1.2873e-03	-7.4855e-05	-3.1508e-02	2.2621e-01	-8.9024e-03	-7.7422e-04	-5.0323e-04	-1.8961e-04	-3.7670e-03	-3.4194e-02	3.0345e-02
-1.5144e-03	1.4470e-03	5.1678e-05	-7.9978e-03	2.2621e-01	4.6304e-03	5.4740e-05	1.5970e-04	1.2653e-04	2.3510e-02	0.0000e+00	1.3533e-02
-1.5144e-03	1.5722e-03	1.1475e-04	-2.0960e-02	2.4315e-01	-6.3473e-03	0.0000e+00	1.2518e-04	6.3074e-05	-1.2962e-02	1.6938e-02	-1.0978e-02
-1.8587e-03	1.4470e-03	-5.4796e-05	-2.0580e-02	2.4150e-01	2.3588e-02	-3.4422e-04	-1.2518e-04	-1.6955e-04	3.8000e-04	-1.6510e-03	2.9936e-02
-1.6351e-03	1.4470e-03	1.1475e-04	-1.6952e-02	2.1871e-01	3.5697e-02	2.2360e-04	0.0000e+00	1.6955e-04	3.6284e-03	-2.2784e-02	1.2109e-02
-1.6795e-03	1.6913e-03	-5.3234e-07	-7.3248e-03	2.3705e-01	4.2449e-03	-4.4410e-05	2.4421e-04	-1.1528e-04	9.6270e-03	1.8341e-02	-3.1452e-02
-2.4788e-03	1.5025e-03	1.1475e-04	-1.5358e-02	2.2248e-01	4.3213e-03	-7.9935e-04	-1.8877e-04	1.1528e-04	-8.0332e-03	-1.4576e-02	7.6340e-05
-3.5182e-03	9.1102e-04	1.1475e-04	-2.7362e-02	1.6175e-01	-6.2793e-03	-1.0394e-03	-5.9147e-04	0.0000e+00	-1.2004e-02	-6.0729e-02	-1.0601e-02
-3.1943e-03	1.5552e-03	3.9582e-04	-8.1183e-03	1.6988e-01	3.7098e-02	3.2393e-04	6.4419e-04	2.8107e-04	1.9243e-02	8.1300e-03	4.3378e-02
-1.0554e-03	1.8128e-03	1.1475e-04	-2.6981e-02	1.9985e-01	-8.2398e-02	2.1388e-03	2.5765e-04	-2.8107e-04	-1.8862e-02	2.9972e-02	-1.1950e-01
-2.2462e-03	1.8685e-03	-5.5032e-05	-2.4834e-02	1.6938e-01	-1.5053e-02	-1.1908e-03	5.5630e-05	-1.6978e-04	2.1470e-03	-3.0467e-02	6.7344e-02
-1.7981e-03	2.0106e-03	1.1475e-04	-1.1432e-02	2.2551e-01	-4.2920e-02	4.4808e-04	1.4216e-04	1.6978e-04	1.3401e-02	5.6122e-02	-2.7867e-02
-3.3593e-03	9.5324e-04	1.1475e-04	-2.1971e-02	1.5738e-01	6.7892e-02	-1.5611e-03	-1.0574e-03	0.0000e+00	-1.0539e-02	-6.8127e-02	1.1081e-01
-3.1570e-03	1.2007e-03	1.1475e-04	-2.3974e-02	1.4261e-01	1.2504e-01	2.0228e-04	2.4748e-04	0.0000e+00	-2.0027e-03	-1.4766e-02	5.7151e-02
-2.4817e-03	1.6354e-03	2.4952e-04	-3.4997e-02	1.7476e-01	5.8706e-02	6.7535e-04	4.3465e-04	1.3477e-04	-1.1023e-02	3.2150e-02	-6.6337e-02
-3.4637e-03	1.2007e-03	1.1475e-04	-3.4990e-02	1.4989e-01	1.1825e-01	-9.8201e-04	-4.3465e-04	-1.3477e-04	7.1000e-06	-2.4877e-02	5.9549e-02
-3.4637e-03	1.2007e-03	1.1475e-04	-3.4990e-02	1.1523e-01	1.5933e-01	0.0000e+00	0.0000e+00	0.0000e+00	0.0000e+00	-3.4653e-02	4.1076e-02
-3.5356e-03	1.2007e-03	1.1475e-04	-3.4990e-02	1.2767e-01	1.8989e-01	-7.1930e-05	0.0000e+00	0.0000e+00	0.0000e+00	1.2435e-02	3.0561e-02
-3.7183e-03	1.8260e-03	5.3639e-04	-3.5154e-02	1.2529e-01	2.0016e-01	-1.8274e-04	6.2528e-04	4.2164e-04	-1.6400e-04	-2.3820e-03	1.0264e-02
-3.6813e-03	1.2799e-03	1.9602e-04	-2.9460e-02	1.3354e-01	2.0016e-01	3.7000e-05	-5.4605e-04	-3.4038e-04	5.6936e-03	8.2570e-03	7.0000e-06
-3.4581e-03	1.2818e-03	4.5681e-04	-3.4964e-02	1.4048e-01	1.9549e-01	2.2323e-04	1.9000e-06	2.6079e-04	-5.5032e-03	6.9330e-03	-4.6760e-03
-4.2860e-03	8.1497e-04	2.4270e-04	-3.4887e-02	8.8146e-02	2.2185e-01	-8.2794e-04	-4.6688e-04	-2.1411e-04	7.6800e-05	-5.2330e-02	2.6359e-02
-3.1805e-03	1.0537e-03	1.5330e-04	-3.4973e-02	6.7599e-02	2.4519e-01	1.1055e-03	2.3873e-04	-8.9395e-05	-8.6000e-05	-2.0548e-02	2.3342e-02
-1.5461e-03	9.9675e-04	5.1646e-04	-3.4846e-02	9.7981e-02	3.4073e-02	1.6344e-03	-5.6946e-05	3.6316e-04	1.2670e-04	3.0383e-02	-2.1111e-01
-2.3389e-03	7.0279e-04	8.4192e-04	-1.1301e-02	1.1423e-01	5.7276e-02	-7.9282e-04	-2.9396e-04	3.2546e-04	2.3545e-02	1.6246e-02	2.3202e-02
-1.8770e-03	6.8257e-04	6.6343e-04	-5.6555e-03	6.6807e-02	3.4042e-02	4.6184e-04	-2.0220e-05	-1.7849e-04	5.6454e-03	-4.7421e-02	-2.3234e-02
-8.4284e-04	1.0287e-03	9.3600e-04	1.0127e-02	8.9035e-02	2.9500e-02	1.0342e-03	3.4612e-04	2.7257e-04	1.5783e-02	2.2228e-02	-4.5420e-03
-1.0383e-03	1.0287e-03	9.3600e-04	-1.6419e-02	1.3861e-01	5.2073e-02	-1.9550e-04	0.0000e+00	0.0000e+00	-2.6546e-02	4.9570e-02	2.2574e-02
-8.8813e-04	1.0287e-03	5.2850e-04	-1.6437e-02	1.0294e-01	5.2113e-02	1.5021e-04	0.0000e+00	-4.0750e-04	-1.8100e-05	-3.5666e-02	3.9500e-05
-1.9601e-03	1.0287e-03	7.2771e-04	-2.2154e-02	7.9251e-02	7.8264e-02	-1.0719e-03	0.0000e+00	1.9921e-04	-5.7176e-03	-2.3688e-02	2.6151e-02
-6.1004e-04	1.0287e-03	6.7044e-04	-1.6395e-02	7.2069e-02	4.1319e-02	1.3500e-03	0.0000e+00	-5.7263e-05	5.7592e-03	-7.1823e-03	-3.6944e-02
6.5537e-05	1.5087e-03	6.2744e-04	-1.3925e-02	1.1312e-01	-4.6052e-02	6.7558e-04	4.7996e-04	-4.2999e-05	2.4706e-03	4.1049e-02	-8.7372e-02
-1.9675e-04	1.2172e-03	5.6108e-04	-1.6359e-02	1.1827e-01	8.7156e-03	-2.6228e-04	-2.9143e-04	-6.6368e-05	-2.4341e-03	5.1530e-03	5.4768e-02
-1.4439e-03	1.0287e-03	2.9090e-04	-1.6430e-02	8.8922e-02	3.7756e-02	-1.2472e-03	-1.8853e-04	-2.7018e-04	-7.1100e-05	-2.9350e-02	2.9040e-02
-1.2465e-03	1.0287e-03	3.4209e-04	-1.6431e-02	1.1271e-01	5.7545e-02	1.9740e-04	0.0000e+00	5.1191e-05	-1.1000e-06	2.3792e-02	1.9790e-02
-1.9548e-03	6.0197e-04	5.2199e-04	-1.6404e-02	6.7098e-02	5.2643e-02	-7.0828e-04	-4.2672e-04	1.7990e-04	2.7400e-05	-4.5616e-02	-4.9029e-03
-1.7666e-03	7.2177e-04	6.4167e-04	-1.0282e-02	5.5012e-02	6.0534e-02	1.8821e-04	1.1980e-04	1.1967e-04	6.1213e-03	-1.2086e-02	7.8911e-03
-1.7666e-03	1.0287e-03	5.8481e-04	-9.5255e-03	8.8955e-02	5.5699e-02	0.0000e+00	3.0692e-04	-5.6857e-05	7.5674e-04	3.3943e-02	-4.8347e-03
-1.6890e-03	7.5224e-04	3.8083e-04	-1.6437e-02	7.0764e-02	5.6481e-02	7.7550e-05	-2.7645e-04	-2.0398e-04	-6.9113e-03	-1.8191e-02	7.8180e-04
-1.9103e-03	8.4178e-04	6.8815e-04	-1.6512e-02	3.4203e-02	7.4022e-02	-2.2127e-04	8.9539e-05	3.0731e-04	-7.5600e-05	-3.6562e-02	1.7542e-02
-1.6121e-03	7.1351e-04	7.1849e-04	-4.0212e-03	5.8848e-02	9.2060e-02	2.9816e-04	-1.2826e-04	3.0338e-05	1.2491e-02	2.4645e-02	1.8038e-02
-2.1260e-03	8.1986e-04	8.7869e-04	-3.8161e-03	4.6020e-02	1.2549e-01	-5.1388e-04	1.0635e-04	1.6021e-04	2.0506e-04	-1.2828e-02	3.3432e-02
-1.8573e-03	6.1804e-04	7.4497e-04	-1.4047e-02	2.5189e-02	1.1939e-01	2.6872e-04	-2.0182e-04	-1.3372e-04	-1.0231e-02	-2.0831e-02	-6.1010e-03
-2.2854e-03	2.2581e-04	8.7689e-04	-8.5745e-03	-2.8992e-03	1.1939e-01	-4.2813e-04	-3.9223e-04	1.3192e-04	5.4726e-03	-2.8088e-02	2.0000e-06
-2.2987e-03	5.2381e-04	8.9726e-04	4.2262e-03	3.1370e-02	1.2841e-01	-1.3260e-05	2.9800e-04	2.0372e-05	1.2801e-02	3.4269e-02	9.0170e-03
-2.1260e-03	5.9535e-04	7.8783e-04	-2.2869e-03	4.2749e-02	1.3034e-01	1.7267e-04	7.1535e-05	-1.0943e-04	-6.5132e-03	1.1378e-02	1.9270e-03
-2.3339e-03	6.7541e-04	7.5789e-04	-1.2862e-02	2.0515e-02	1.4633e-01	-2.0784e-04	8.0065e-05	-2.9946e-05	-1.0575e-02	-2.2234e-02	1.5996e-02
-2.2413e-03	-0.0000e+00	1.0400e-03	-1.0553e-02	2.0531e-02	1.1940e-01	9.2540e-05	-6.7541e-04	2.8216e-04	2.3089e-03	1.6200e-05	-2.6937e-02
-1.4528e-03	6.1795e-04	7.6578e-04	-1.1460e-02	2.9278e-02	3.4230e-02	7.8852e-04	6.1795e-04	-2.7426e-04	-9.0740e-04	8.7473e-03	-8.5166e-02
-2.4645e-03	1.5190e-04	4.1485e-04	-8.1553e-03	2.5945e-02	5.0944e-02	-1.0117e-03	-4.6605e-04	-3.5093e-04	3.3050e-03	-3.3329e-03	1.6714e-02
-2.5275e-03	5.6151e-04	6.3075e-04	-8.9501e-03	3.1456e-02	5.2172e-02	-6.3080e-05	4.0961e-04	2.1590e-04	-7.9478e-04	5.5113e-03	1.2276e-03
-2.5927e-03	1.0471e-04	4.6264e-04	-1.0841e-02	3.7441e-02	4.7101e-02	-6.5150e-05	-4.5680e-04	-1.6811e-04	-1.8912e-03	5.9845e-03	-5.0703e-03
-1.9309e-03	2.9317e-04	5.7850e-04	-5.2623e-03	-6.8612e-03	7.1805e-02	6.6183e-04	1.8846e-04	1.1586e-04	5.5790e-03	-4.4302e-02	2.4704e-02
-1.7286e-03	6.3375e-04	5.3999e-04	4.9232e-03	-1.0393e-02	1.0047e-01	2.0229e-04	3.4058e-04	-3.8511e-05	1.0186e-02	-3.5316e-03	2.8667e-02
-2.1917e-03	7.4864e-04	6.3006e-04	9.3081e-03	-1.8693e-02	1.0744e-01	-4.6317e-04	1.1489e-04	9.0065e-05	4.3849e-03	-8.3001e-03	6.9650e-03
-2.6330e-03	4.3584e-04	6.2052e-04	-2.0878e-03	2.6965e-03	9.6566e-02	-4.4123e-04	-3.1280e-04	-9.5400e-06	-1.1396e-02	2.1389e-02	-1.0871e-02
4.5075e-04	7.2380e-04	5.0515e-04	-1.6421e-02	-6.1082e-02	-4.8098e-02	3.0837e-03	2.8797e-04	-1.1537e-04	-1.4334e-02	-6.3778e-02	-1.4466e-01
1.5902e-04	8.3862e-04	2.1306e-04	4.7713e-05	2.2144e-02	-1.3763e-02	-2.9173e-04	1.1481e-04	-2.9209e-04	1.6469e-02	8.3226e-02	3.4335e-02
-1.0160e-04	6.7234e-04	8.1719e-05	4.3664e-03	4.2630e-02	1.1061e-03	-2.6062e-04	-1.6627e-04	-1.3134e-04	4.3187e-03	2.0487e-02	1.4869e-02
7.9629e-04	2.8453e-04	2.6470e-23	-2.0325e-06	-2.6600e-02	-2.2347e-02	8.9789e-04	-3.8781e-04	-8.1719e-05	-4.3684e-03	-6.9230e-02	-2.3454e-02
1.4858e-03	4.6511e-04	3.5975e-04	3.3041e-06	-4.5414e-03	1.0775e-03	6.8952e-04	1.8058e-04	3.5975e-04	5.3366e-06	2.2059e-02	2.3425e-02
8.2770e-04	5.9437e-04	0.0000e+00	4.6463e-03	7.3995e-03	1.2715e-02	-6.5811e-04	1.2926e-04	-3.5975e-04	4.6429e-03	1.1941e-02	1.1638e-02
3.9706e-04	6.2987e-04	1.4129e-04	-1.1775e-05	-2.3424e-02	1.4073e-05	-4.3064e-04	3.5502e-05	1.4129e-04	-4.6580e-03	-3.0824e-02	-1.2701e-02
4.0482e-04	5.7413e-04	1.0671e-04	2.0639e-03	-5.7713e-02	1.2926e-05	7.7610e-06	-5.5738e-05	-3.4577e-05	2.0757e-03	-3.4288e-02	-1.1471e-06
6.0385e-04	5.3449e-04	8.3683e-05	8.4775e-03	-1.6323e-02	2.0218e-05	1.9903e-04	-3.9645e-05	-2.3029e-05	6.4136e-03	4.1390e-02	7.2922e-06
0.0000e+00	-0.0000e+00	0.0000e+00	0.0000e+00	0.0000e+00	0.0000e+00	-6.0385e-04	-5.3449e-04	-8.3683e-05	-8.4775e-03	1.6323e-02	-2.0218e-05
-3.4075e-04	2.1619e-04	2.1872e-04	9.9072e-03	-7.2683e-02	6.3831e-06	-3.4075e-04	2.1619e-04	2.1872e-04	9.9072e-03	-7.2683e-02	6.3831e-06
-4.5910e-04	6.7177e-04	4.0257e-04	1.6511e-02	-7.2696e-02	2.0040e-02	-1.1835e-04	4.5559e-04	1.8385e-04	6.6033e-03	-1.2500e-05	2.0034e-02
-4.5910e-04	5.8405e-04	0.0000e+00	1.9685e-02	-4.2267e-02	4.8684e-02	0.0000e+00	-8.7720e-05	-4.0257e-04	3.1740e-03	3.0429e-02	2.8644e-02
7.2283e-05	2.7693e-04	3.1844e-04	1.9459e-02	-4.6837e-02	4.1004e-02	5.3139e-04	-3.0713e-04	3.1844e-04	-2.2570e-04	-4.5692e-03	-7.6799e-03
4.6817e-04	4.7052e-04	2.6094e-04	1.5279e-02	-3.5607e-02	-2.6557e-02	3.9589e-04	1.9360e-04	-5.7500e-05	-4.1802e-03	1.1229e-02	-6.7561e-02
-1.1396e-03	6.5328e-04	6.8521e-05	1.8786e-02	-3.4388e-02	-1.0716e-01	-1.6078e-03	1.8276e-04	-1.9242e-04	3.5069e-03	1.2198e-03	-8.0608e-02
-9.0487e-04	-0.0000e+00	0.0000e+00	1.8425e-02	-9.0458e-02	-5.1628e-02	2.3474e-04	-6.5328e-04	-6.8521e-05	-3.6010e-04	-5.6071e-02	5.5537e-02
-2.4105e-04	4.2977e-04	0.0000e+00	2.8846e-02	-5.0585e-02	-1.3035e-02	6.6382e-04	4.2977e-04	0.0000e+00	1.0420e-02	3.9874e-02	3.8593e-02
-5.4119e-04	4.7013e-04	0.0000e+00	2.4841e-02	-4.8516e-02	8.6974e-03	-3.0014e-04	4.0359e-05	0.0000e+00	-4.0051e-03	2.0689e-03	2.1733e-02
-1.0766e-03	1.9048e-04	1.7594e-04	1.8746e-02	-8.0789e-02	2.0497e-02	-5.3541e-04	-2.7965e-04	1.7594e-04	-6.0947e-03	-3.2273e-02	1.1800e-02
-8.5819e-04	4.4206e-04	5.2940e-23	1.8874e-02	-7.2906e-02	8.6727e-03	2.1841e-04	2.5158e-04	-1.7594e-04	1.2790e-04	7.8830e-03	-1.1825e-02
-7.0087e-04	-0.0000e+00	1.8217e-04	1.1329e-02	-1.1559e-01	8.6676e-03	1.5732e-04	-4.4206e-04	1.8217e-04	-7.5450e-03	-4.2687e-02	-5.1600e-06
3.5745e-05	1.0830e-04	2.1583e-04	2.3605e-02	-1.1349e-01	8.7081e-03	7.3661e-04	1.0830e-04	3.3663e-05	1.2276e-02	2.1000e-03	4.0500e-05
1.4984e-03	1.0764e-03	6.6642e-04	6.3040e-02	-1.1150e-01	-6.3947e-02	1.4626e-03	9.6809e-04	4.5058e-04	3.9435e-02	1.9960e-03	-7.2655e-02
-7.3041e-04	3.1048e-04	1.2458e-04	3.2788e-02	-7.6877e-02	-1.8997e-02	-2.2288e-03	-7.6591e-04	-5.4183e-04	-3.0252e-02	3.4620e-02	4.4949e-02
-1.6370e-03	-3.9870e-04	1.8571e-04	2.2909e-02	-1.2722e-01	4.3950e-02	-9.0655e-04	-7.0918e-04	6.1125e-05	-9.8796e-03	-5.0340e-02	6.2947e-02
-1.6291e-03	-2.4525e-04	1.8362e-04	2.6074e-02	-8.6886e-02	6.8104e-02	7.8200e-06	1.5346e-04	-2.0840e-06	3.1657e-03	4.0331e-02	2.4154e-02
-1.9950e-03	-3.3397e-04	1.0588e-22	2.7833e-02	-9.0863e-02	6.4741e-02	-3.6588e-04	-8.8722e-05	-1.8362e-04	1.7586e-03	-3.9773e-03	-3.3629e-03
-2.1202e-03	-4.2025e-04	1.0588e-22	2.0338e-02	-8.6356e-02	7.9264e-02	-1.2521e-04	-8.6286e-05	0.0000e+00	-7.4946e-03	4.5066e-03	1.4523e-02
-3.2264e-03	-7.9100e-04	4.2836e-04	1.5528e-02	-1.3817e-01	9.6811e-02	-1.1062e-03	-3.7074e-04	4.2836e-04	-4.8104e-03	-5.1809e-02	1.7547e-02
-2.6680e-03	-6.0825e-04	5.5676e-04	3.2891e-02	-1.2140e-01	9.6861e-02	5.5837e-04	1.8275e-04	1.2840e-04	1.7363e-02	1.6768e-02	5.0000e-05
-2.5178e-03	-7.9100e-04	0.0000e+00	9.0325e-04	-1.5246e-01	4.9952e-02	1.5025e-04	-1.8275e-04	-5.5676e-04	-3.1988e-02	-3.1061e-02	-4.6909e-02
-1.8419e-03	-5.6251e-04	3.0952e-04	1.1323e-02	-1.5242e-01	-3.5045e-02	6.7588e-04	2.2848e-04	3.0952e-04	1.0420e-02	3.8000e-05	-8.4997e-02
-2.4696e-04	1.2235e-03	5.8748e-04	3.3406e-02	-2.3566e-01	-6.5347e-02	1.5950e-03	1.7860e-03	2.7796e-04	2.2083e-02	-8.3239e-02	-3.0302e-02
-2.4506e-03	4.5354e-04	3.6570e-04	2.6693e-02	-1.3488e-01	-1.1662e-01	-2.2036e-03	-7.6998e-04	-2.2178e-04	-6.7135e-03	1.0078e-01	-5.1271e-02
-2.9695e-03	-4.4618e-04	4.8341e-04	1.3713e-02	-1.2884e-01	-6.6895e-02	-5.1890e-04	-8.9971e-04	1.1771e-04	-1.2980e-02	6.0380e-03	4.9723e-02
-2.8697e-03	-5.9181e-04	5.4338e-04	1.8957e-02	-1.5887e-01	2.8786e-02	9.9820e-05	-1.4563e-04	5.9965e-05	5.2439e-03	-3.0030e-02	9.5681e-02
-2.9879e-03	-5.4498e-05	3.9838e-04	1.3672e-02	-1.1856e-01	2.8248e-02	-1.1824e-04	5.3731e-04	-1.4500e-04	-5.2845e-03	4.0314e-02	-5.3830e-04
-3.7034e-03	-4.9698e-04	2.9017e-04	1.3729e-02	-1.7020e-01	6.3405e-02	-7.1546e-04	-4.4248e-04	-1.0821e-04	5.6700e-05	-5.1647e-02	3.5158e-02
-3.2204e-03	-4.9698e-04	4.2352e-22	1.3766e-02	-1.5955e-01	4.5178e-02	4.8293e-04	0.0000e+00	-2.9017e-04	3.6600e-05	1.0653e-02	-1.8228e-02
-3.4301e-03	-4.9698e-04	4.3050e-04	1.3709e-02	-1.6248e-01	1.5801e-02	-2.0968e-04	0.0000e+00	4.3050e-04	-5.7000e-05	-2.9230e-03	-2.9376e-02
-3.6612e-03	-1.0071e-03	5.9827e-04	1.3742e-02	-2.1252e-01	2.1771e-02	-2.3103e-04	-5.1011e-04	1.6778e-04	3.3800e-05	-5.0049e-02	5.9692e-03
-3.0092e-03	-3.6406e-04	4.7411e-04	2.9724e-02	-1.5650e-01	-3.2862e-02	6.5195e-04	6.4303e-04	-1.2416e-04	1.5982e-02	5.6020e-02	-5.4632e-02
-1.6699e-03	1.2195e-04	6.6958e-04	2.2580e-02	-1.5851e-01	-1.1256e-01	1.3393e-03	4.8601e-04	1.9547e-04	-7.1441e-03	-2.0010e-03	-7.9702e-02
1.6584e-03	1.1792e-03	5.8453e-04	4.2141e-02	-1.3872e-01	-2.1752e-01	3.3282e-03	1.0573e-03	-8.5054e-05	1.9561e-02	1.9785e-02	-1.0495e-01
-1.6760e-03	4.4034e-04	4.7497e-04	3.4254e-02	-1.6749e-01	-1.5243e-01	-3.3343e-03	-7.3889e-04	-1.0955e-04	-7.8871e-03	-2.8766e-02	6.5092e-02
-9.5522e-04	3.9530e-04	4.6579e-04	3.1019e-02	-2.1136e-01	-6.2752e-02	7.2074e-04	-4.5036e-05	-9.1840e-06	-3.2348e-03	-4.3877e-02	8.9674e-02
-1.0898e-03	5.0727e-04	4.3568e-04	3.7984e-02	-1.5450e-01	-4.8012e-02	-1.3457e-04	1.1197e-04	-3.0116e-05	6.9643e-03	5.6859e-02	1.4740e-02
-1.4944e-03	3.7724e-04	3.8764e-04	3.0865e-02	-1.7434e-01	-4.5674e-02	-4.0462e-04	-1.3003e-04	-4.8039e-05	-7.1187e-03	-1.9838e-02	2.3373e-03
-1.5869e-03	-1.2197e-04	5.6101e-04	2.6728e-02	-1.9817e-01	-4.2469e-02	-9.2470e-05	-4.9921e-04	1.7337e-04	-4.1365e-03	-2.3825e-02	3.2058e-03
-1.7632e-03	3.4184e-04	4.4866e-04	2.5266e-02	-1.9317e-01	-4.2463e-02	-1.7632e-04	4.6382e-04	-1.1235e-04	-1.4626e-03	4.9990e-03	5.9000e-06
-1.5659e-03	3.4184e-04	4.1098e-04	2.8000e-02	-1.6006e-01	-4.2456e-02	1.9725e-04	1.0000e-09	-3.7680e-05	2.7342e-03	3.3104e-02	6.9000e-06
-1.2794e-03	3.4184e-04	2.7636e-04	2.5078e-02	-1.5308e-01	-2.0244e-02	2.8652e-04	0.0000e+00	-1.3462e-04	-2.9220e-03	6.9850e-03	2.2212e-02
-1.7677e-03	3.4184e-04	3.6974e-04	2.4220e-02	-2.0088e-01	-2.0284e-02	-4.8830e-04	0.0000e+00	9.3379e-05	-8.5810e-04	-4.7804e-02	-3.9500e-05
-1.6861e-03	3.4184e-04	4.0112e-04	2.6742e-02	-2.0086e-01	-2.6376e-02	8.1590e-05	0.0000e+00	3.1383e-05	2.5221e-03	2.1000e-05	-6.0921e-03
-5.6142e-04	1.0793e-03	7.1677e-04	2.8124e-02	-2.0098e-01	-1.2487e-01	1.1247e-03	7.3742e-04	3.1565e-04	1.3815e-03	-1.2300e-04	-9.8493e-02
-2.3898e-03	-2.5170e-04	3.5609e-04	1.6467e-02	-2.3084e-01	-3.2516e-02	-1.8284e-03	-1.3310e-03	-3.6068e-04	-1.1656e-02	-2.9850e-02	9.2353e-02
-2.2646e-03	2.1191e-04	0.0000e+00	2.9769e-02	-1.8611e-01	-9.1789e-02	1.2519e-04	4.6361e-04	-3.5609e-04	1.3302e-02	4.4722e-02	-5.9273e-02
-2.4742e-03	1.8314e-04	5.3396e-05	1.4042e-02	-2.2319e-01	-6.4334e-02	-2.0954e-04	-2.8775e-05	5.3396e-05	-1.5727e-02	-3.7077e-02	2.7455e-02
-2.6186e-03	6.7778e-05	3.7546e-04	2.3006e-02	-2.0830e-01	-7.2966e-03	-1.4448e-04	-1.1536e-04	3.2206e-04	8.9646e-03	1.4891e-02	5.7038e-02
-2.8516e-03	2.8432e-05	0.0000e+00	3.0907e-02	-2.0782e-01	-1.2847e-02	-2.3292e-04	-3.9346e-05	-3.7546e-04	7.9007e-03	4.8300e-04	-5.5504e-03
-3.2949e-03	-9.1849e-06	2.1122e-04	1.3987e-02	-2.7019e-01	-2.3088e-02	-4.4337e-04	-3.7617e-05	2.1122e-04	-1.6920e-02	-6.2375e-02	-1.0241e-02
-8.7802e-04	4.9761e-04	4.8212e-04	3.8051e-02	-2.5525e-01	-8.6305e-02	2.4169e-03	5.0679e-04	2.7091e-04	2.4064e-02	1.4944e-02	-6.3217e-02
-2.1978e-03	4.7056e-04	0.0000e+00	4.1246e-02	-2.2961e-01	-2.2718e-02	-1.3198e-03	-2.7047e-05	-4.8212e-04	3.1946e-03	2.5638e-02	6.3586e-02
-3.6572e-03	-2.0325e-04	0.0000e+00	3.3006e-02	-2.3779e-01	4.4127e-02	-1.4595e-03	-6.7381e-04	0.0000e+00	-8.2401e-03	-8.1770e-03	6.6845e-02
-3.6695e-03	-6.3410e-04	2.8702e-04	2.7579e-02	-2.8186e-01	5.2073e-02	-1.2250e-05	-4.3086e-04	2.8702e-04	-5.4267e-03	-4.4079e-02	7.9461e-03
-3.5467e-03	-4.6924e-04	3.6806e-04	3.6414e-02	-2.4995e-01	6.9095e-02	1.2275e-04	1.6487e-04	8.1036e-05	8.8344e-03	3.1913e-02	1.7022e-02
-3.6137e-03	-1.4109e-04	3.5103e-04	3.0361e-02	-2.4464e-01	7.9649e-02	-6.6940e-05	3.2814e-04	-1.7030e-05	-6.0523e-03	5.3120e-03	1.0555e-02
-3.4393e-03	-5.2326e-04	0.0000e+00	2.9911e-02	-2.5209e-01	9.3991e-02	1.7438e-04	-3.8216e-04	-3.5103e-04	-4.5060e-04	-7.4470e-03	1.4341e-02
-4.0886e-03	-8.0251e-04	7.0407e-04	3.8642e-02	-3.0712e-01	9.8466e-02	-6.4927e-04	-2.7926e-04	7.0407e-04	8.7317e-03	-5.5038e-02	4.4751e-03
-3.6829e-03	-4.6166e-04	3.2400e-04	3.9499e-02	-2.9473e-01	7.1543e-02	4.0568e-04	3.4085e-04	-3.8008e-04	8.5680e-04	1.2399e-02	-2.6923e-02
-3.4956e-03	-5.2326e-04	2.5581e-04	2.9172e-02	-2.8451e-01	6.1573e-02	1.8733e-04	-6.1594e-05	-6.8191e-05	-1.0327e-02	1.0215e-02	-9.9703e-03
-3.9167e-03	-8.0251e-04	3.2677e-04	3.4144e-02	-3.1718e-01	6.3586e-02	-4.2110e-04	-2.7925e-04	7.0964e-05	4.9716e-03	-3.2668e-02	2.0138e-03
-3.6135e-03	-5.2326e-04	2.3027e-04	4.6621e-02	-2.8862e-01	7.5393e-02	3.0321e-04	2.7925e-04	-9.6498e-05	1.2477e-02	2.8558e-02	1.1806e-02
-3.7038e-03	-5.2326e-04	2.4709e-04	4.5226e-02	-3.0426e-01	8.2456e-02	-9.0310e-05	0.0000e+00	1.6822e-05	-1.3943e-03	-1.5636e-02	7.0628e-03
-3.6355e-03	-9.0699e-04	3.1673e-04	3.3679e-02	-3.4518e-01	7.7979e-02	6.8310e-05	-3.8374e-04	6.9637e-05	-1.1547e-02	-4.0921e-02	-4.4770e-03
-1.2905e-03	-5.6633e-05	5.2145e-04	4.7244e-02	-3.4980e-01	-9.0957e-02	2.3450e-03	8.5036e-04	2.0472e-04	1.3565e-02	-4.6230e-03	-1.6894e-01
-9.4345e-04	4.0417e-04	2.6650e-04	2.9099e-02	-2.7529e-01	-1.1592e-01	3.4706e-04	4.6081e-04	-2.5495e-04	-1.8145e-02	7.4508e-02	-2.4963e-02
-1.3442e-03	1.6472e-05	1.6545e-04	3.3313e-02	-3.2102e-01	-1.0791e-01	-4.0078e-04	-3.8770e-04	-1.0106e-04	4.2138e-03	-4.5725e-02	8.0110e-03
-9.4345e-04	1.5179e-04	6.6554e-05	4.0693e-02	-2.9947e-01	-4.2416e-02	4.0078e-04	1.3532e-04	-9.8891e-05	7.3798e-03	2.1548e-02	6.5494e-02
-1.3689e-03	6.4736e-04	0.0000e+00	3.9092e-02	-2.5582e-01	-2.4565e-02	-4.2542e-04	4.9557e-04	-6.6554e-05	-1.6007e-03	4.3654e-02	1.7851e-02
-1.4234e-03	1.8141e-04	-5.2940e-23	3.2644e-02	-2.7984e-01	-5.3435e-03	-5.4510e-05	-4.6595e-04	-5.2940e-23	-6.4480e-03	-2.4027e-02	1.9221e-02
-1.8440e-03	-1.3847e-04	2.9152e-04	3.3016e-02	-3.4107e-01	-5.4483e-03	-4.2064e-04	-3.1987e-04	2.9152e-04	3.7170e-04	-6.1226e-02	-1.0483e-04
-2.0369e-03	1.6515e-04	3.5254e-04	3.9616e-02	-3.3146e-01	-2.1892e-02	-1.9283e-04	3.0362e-04	6.1015e-05	6.5999e-03	9.6090e-03	-1.6443e-02
-1.6643e-03	1.6515e-04	3.0090e-04	2.9756e-02	-3.0317e-01	-2.0532e-02	3.7257e-04	0.0000e+00	-5.1634e-05	-9.8600e-03	2.8285e-02	1.3599e-03
-3.1080e-03	-3.6935e-04	5.7674e-04	2.1723e-02	-3.7440e-01	3.3278e-02	-1.4437e-03	-5.3451e-04	2.7584e-04	-8.0327e-03	-7.1223e-02	5.3810e-02
4.8106e-04	-3.1478e-04	1.1021e-04	1.4207e-02	-3.2921e-01	-8.5083e-02	3.5891e-03	5.4573e-05	-4.6654e-04	-7.5155e-03	4.5193e-02	-1.1836e-01
-9.5719e-04	2.3580e-04	-4.7873e-04	3.0647e-02	-3.0247e-01	-2.2061e-01	-1.4382e-03	5.5058e-04	-5.8894e-04	1.6439e-02	2.6734e-02	-1.3553e-01
-8.6688e-04	5.0363e-04	-1.3244e-04	2.3483e-02	-3.4188e-01	-9.4076e-02	9.0315e-05	2.6783e-04	3.4629e-04	-7.1638e-03	-3.9409e-02	1.2654e-01
-1.4938e-03	1.6515e-04	-3.3932e-05	3.3891e-02	-3.3335e-01	-5.5135e-02	-6.2696e-04	-3.3848e-04	9.8512e-05	1.0409e-02	8.5300e-03	3.8940e-02
-2.1563e-03	-4.3196e-04	1.3343e-04	4.1033e-02	-3.3193e-01	-3.3152e-02	-6.6247e-04	-5.9711e-04	1.6737e-04	7.1412e-03	1.4200e-03	2.1983e-02
-2.2873e-03	-5.4506e-04	3.6142e-04	3.9034e-02	-3.6204e-01	-9.3860e-03	-1.3100e-04	-1.1311e-04	2.2799e-04	-1.9981e-03	-3.0109e-02	2.3766e-02
-2.3444e-03	-2.8411e-04	2.7236e-04	4.0962e-02	-3.4531e-01	5.7442e-03	-5.7060e-05	2.6095e-04	-8.9065e-05	1.9278e-03	1.6724e-02	1.5130e-02
-2.5504e-03	-5.8406e-04	1.9423e-04	3.1590e-02	-3.4609e-01	-9.1255e-03	-2.0605e-04	-2.9995e-04	-7.8131e-05	-9.3720e-03	-7.7800e-04	-1.4870e-02
-1.6420e-03	-4.9603e-04	2.7578e-04	3.0611e-02	-3.7567e-01	-1.0012e-01	9.0847e-04	8.8026e-05	8.1547e-05	-9.7900e-04	-2.9576e-02	-9.0990e-02
-9.8972e-04	1.6515e-04	5.0318e-05	3.8710e-02	-2.9404e-01	-1.4950e-01	6.5223e-04	6.6119e-04	-2.2546e-04	8.0988e-03	8.1633e-02	-4.9382e-02
-2.0198e-03	-2.6038e-04	-1.2618e-04	3.8120e-02	-3.4591e-01	-1.3914e-01	-1.0300e-03	-4.2554e-04	-1.7650e-04	-5.8970e-04	-5.1877e-02	1.0363e-02
-1.7063e-03	-3.1275e-04	-4.5987e-06	4.7206e-02	-3.7063e-01	-9.2084e-02	3.1345e-04	-5.2362e-05	1.2158e-04	9.0860e-03	-2.4717e-02	4.7051e-02
-1.5462e-03	-2.9578e-04	5.2679e-05	4.8463e-02	-3.4627e-01	-6.8541e-02	1.6016e-04	1.6963e-05	5.7278e-05	1.2569e-03	2.4355e-02	2.3543e-02
-2.1552e-03	-1.4333e-04	3.3155e-04	5.2220e-02	-3.8756e-01	-5.8017e-02	-6.0904e-04	1.5245e-04	2.7887e-04	3.7564e-03	-4.1282e-02	1.0524e-02
-1.3565e-03	3.3923e-04	2.8948e-04	4.1654e-02	-3.8755e-01	-1.1025e-01	7.9870e-04	4.8256e-04	-4.2065e-05	-1.0566e-02	8.0000e-06	-5.2237e-02
-1.0388e-03	2.6552e-05	9.5074e-05	4.1269e-02	-3.6622e-01	-1.1017e-01	3.1772e-04	-3.1268e-04	-1.9441e-04	-3.8500e-04	2.1334e-02	7.9000e-05
-1.2939e-03	-6.8292e-05	1.0831e-04	4.6185e-02	-4.0697e-01	-9.0540e-02	-2.5516e-04	-9.4844e-05	1.3236e-05	4.9156e-03	-4.0753e-02	1.9635e-02
-1.0388e-03	1.0644e-05	2.2404e-04	6.2674e-02	-4.1479e-01	-7.1878e-02	2.5516e-04	7.8936e-05	1.1573e-04	1.6490e-02	-7.8190e-03	1.8662e-02
-1.9821e-03	2.8215e-04	5.4468e-07	5.1525e-02	-4.1920e-01	-6.3359e-02	-9.4330e-04	2.7150e-04	-2.2349e-04	-1.1150e-02	-4.4170e-03	8.5191e-03
1.0655e-03	5.7500e-04	-4.7873e-04	1.6637e-02	-3.7682e-01	-1.6670e-01	3.0476e-03	2.9286e-04	-4.7927e-04	-3.4887e-02	4.2385e-02	-1.0334e-01
-1.2070e-03	2.0411e-04	-1.2159e-04	3.5848e-02	-4.0827e-01	-8.0133e-02	-2.2725e-03	-3.7089e-04	3.5714e-04	1.9210e-02	-3.1447e-02	8.6563e-02
