-8.8818e-04	1.3282e-03	8.0637e-05	4.2925e-03	1.2036e-01	1.5101e-01	0.0000e+00	0.0000e+00	0.0000e+00	0.0000e+00	0.0000e+00	0.0000e+00
-1.0028e-03	1.0462e-03	2.0293e-04	4.3343e-03	1.2966e-01	1.7287e-01	-1.1465e-04	-2.8200e-04	1.2229e-04	4.1770e-05	9.2940e-03	2.1860e-02
-6.3910e-04	9.5790e-04	-4.7264e-05	4.3179e-03	1.3659e-01	1.4589e-01	3.6373e-04	-8.8272e-05	-2.5019e-04	-1.6390e-05	6.9360e-03	-2.6984e-02
-6.3910e-04	6.5772e-04	1.8842e-04	4.3454e-03	1.5318e-01	1.2825e-01	0.0000e+00	-3.0018e-04	2.3568e-04	2.7440e-05	1.6587e-02	-1.7637e-02
-1.1158e-03	1.0820e-03	3.7788e-04	-2.3414e-02	1.2617e-01	8.6064e-02	-4.7674e-04	4.2427e-04	1.8946e-04	-2.7760e-02	-2.7013e-02	-4.2188e-02
-1.6240e-03	1.0749e-03	-1.0289e-05	-4.6330e-02	1.1849e-01	6.9644e-02	-5.0821e-04	-7.0500e-06	-3.8817e-04	-2.2916e-02	-7.6820e-03	-1.6420e-02
-1.6240e-03	1.4166e-03	-2.1859e-04	-4.8698e-02	1.2615e-01	8.7035e-02	0.0000e+00	3.4167e-04	-2.0830e-04	-2.3674e-03	7.6660e-03	1.7391e-02
-1.8264e-03	1.1530e-03	-2.7696e-05	-4.1545e-02	1.1291e-01	6.3054e-02	-2.0230e-04	-2.6365e-04	1.9089e-04	7.1529e-03	-1.3242e-02	-2.3981e-02
-1.4905e-03	1.5667e-03	-6.4280e-06	-3.0804e-02	1.2616e-01	5.5541e-02	3.3584e-04	4.1371e-04	2.1268e-05	1.0741e-02	1.3252e-02	-7.5129e-03
-1.6569e-03	1.5667e-03	-8.7811e-05	-2.7966e-02	1.2613e-01	6.3804e-02	-1.6640e-04	0.0000e+00	-8.1384e-05	2.8379e-03	-3.0000e-05	8.2633e-03
-1.2423e-03	1.3789e-03	6.8442e-05	-2.6742e-02	1.0890e-01	6.5825e-02	4.1458e-04	-1.8773e-04	1.5625e-04	1.2242e-03	-1.7232e-02	2.0211e-03
-1.6048e-03	1.1472e-03	8.7528e-05	-2.6935e-02	9.2035e-02	5.9141e-02	-3.6252e-04	-2.3177e-04	1.9086e-05	-1.9330e-04	-1.6865e-02	-6.6840e-03
-1.6858e-03	1.2358e-03	1.9514e-04	-1.7119e-02	9.2011e-02	6.8395e-02	-8.0930e-05	8.8630e-05	1.0761e-04	9.8158e-03	-2.3700e-05	9.2537e-03
-1.4313e-03	1.3814e-03	-1.1683e-04	-1.0676e-02	9.1999e-02	7.1487e-02	2.5446e-04	1.4561e-04	-3.1197e-04	6.4437e-03	-1.2900e-05	3.0918e-03
-1.4464e-03	1.2156e-03	-3.0351e-05	-1.3790e-02	9.2026e-02	7.1487e-02	-1.5060e-05	-1.6580e-04	8.6479e-05	-3.1144e-03	2.7200e-05	-2.0000e-07
-1.5733e-03	1.0820e-03	1.9514e-04	-1.0679e-02	7.6942e-02	7.1488e-02	-1.2691e-04	-1.3360e-04	2.2549e-04	3.1115e-03	-1.5083e-02	1.0000e-06
-1.5474e-03	1.4206e-03	3.6186e-05	-1.0684e-02	7.9676e-02	7.1482e-02	2.5930e-05	3.3858e-04	-1.5896e-04	-5.8000e-06	2.7334e-03	-5.9000e-06
-1.6090e-03	1.3815e-03	-1.8495e-04	-1.6411e-02	7.4508e-02	7.1494e-02	-6.1600e-05	-3.9070e-05	-2.2114e-04	-5.7271e-03	-5.1681e-03	1.2200e-05
-1.0247e-03	1.3314e-03	-1.7227e-04	-1.0685e-02	9.4288e-02	9.0762e-02	5.8428e-04	-5.0160e-05	1.2688e-05	5.7267e-03	1.9781e-02	1.9268e-02
-1.2448e-03	1.2385e-03	5.0601e-07	-1.0686e-02	9.6987e-02	7.1496e-02	-2.2015e-04	-9.2850e-05	1.7277e-04	-1.4000e-06	2.6986e-03	-1.9266e-02
-1.3052e-03	1.0999e-03	1.9514e-04	-1.0658e-02	1.1754e-01	9.5864e-02	-6.0340e-05	-1.3860e-04	1.9464e-04	2.7800e-05	2.0558e-02	2.4368e-02
-7.3790e-04	1.1659e-03	1.9514e-04	-1.0663e-02	1.1399e-01	8.8993e-02	5.6727e-04	6.6010e-05	0.0000e+00	-4.4000e-06	-3.5560e-03	-6.8703e-03
-9.9786e-04	1.0233e-03	1.9440e-04	-1.0641e-02	1.0871e-01	7.1457e-02	-2.5996e-04	-1.4260e-04	-7.4300e-07	2.1900e-05	-5.2800e-03	-1.7536e-02
-1.0332e-03	8.6561e-04	5.6220e-06	-2.1314e-02	1.0871e-01	7.1467e-02	-3.5354e-05	-1.5771e-04	-1.8878e-04	-1.0673e-02	0.0000e+00	1.0300e-05
-1.1904e-03	1.0233e-03	2.9379e-04	-1.6911e-02	9.6558e-02	7.1473e-02	-1.5717e-04	1.5771e-04	2.8816e-04	4.4033e-03	-1.2151e-02	5.8000e-06
-1.3633e-03	9.1503e-04	1.8123e-04	-1.0624e-02	7.9842e-02	5.3503e-02	-1.7291e-04	-1.0829e-04	-1.1255e-04	6.2871e-03	-1.6716e-02	-1.7971e-02
-1.3407e-03	1.0233e-03	3.5055e-04	-1.2711e-02	7.5844e-02	5.9213e-02	2.2540e-05	1.0829e-04	1.6931e-04	-2.0873e-03	-3.9975e-03	5.7102e-03
-9.0441e-04	8.5304e-04	-4.8327e-05	-1.8640e-02	1.0531e-01	7.1430e-02	4.3634e-04	-1.7029e-04	-3.9887e-04	-5.9290e-03	2.9468e-02	1.2217e-02
-1.5183e-03	1.0233e-03	3.0571e-04	-2.7935e-02	5.6988e-02	7.1507e-02	-6.1393e-04	1.7029e-04	3.5404e-04	-9.2950e-03	-4.8324e-02	7.7300e-05
-1.0768e-03	1.5534e-03	3.0571e-04	-2.4748e-02	7.5058e-02	8.3443e-02	4.4150e-04	5.3011e-04	0.0000e+00	3.1873e-03	1.8070e-02	1.1936e-02
-9.7176e-04	1.2434e-03	4.1029e-04	-1.0573e-02	7.5064e-02	7.1412e-02	1.0508e-04	-3.1004e-04	1.0458e-04	1.4175e-02	6.4000e-06	-1.2031e-02
-1.1725e-03	1.3763e-03	5.7575e-04	-1.5561e-02	4.3986e-02	6.1381e-02	-2.0073e-04	1.3287e-04	1.6546e-04	-4.9879e-03	-3.1078e-02	-1.0031e-02
-7.6121e-04	1.1771e-03	3.0571e-04	2.1745e-03	6.2055e-02	9.5526e-02	4.1127e-04	-1.9914e-04	-2.7004e-04	1.7735e-02	1.8068e-02	3.4145e-02
-1.0703e-03	1.2332e-03	5.4066e-04	1.5303e-03	3.7577e-02	1.0301e-01	-3.0905e-04	5.6050e-05	2.3495e-04	-6.4414e-04	-2.4478e-02	7.4858e-03
-1.1156e-03	1.6158e-03	3.0571e-04	7.5594e-03	4.7314e-02	9.0338e-02	-4.5370e-05	3.8261e-04	-2.3495e-04	6.0291e-03	9.7369e-03	-1.2674e-02
-9.0460e-04	1.6500e-03	3.0571e-04	-2.1676e-03	5.0505e-02	8.5116e-02	2.1103e-04	3.4230e-05	0.0000e+00	-9.7271e-03	3.1918e-03	-5.2228e-03
-5.1512e-04	1.6048e-03	3.0571e-04	7.5560e-03	7.5090e-02	7.9122e-02	3.8947e-04	-4.5220e-05	0.0000e+00	9.7236e-03	2.4585e-02	-5.9939e-03
-7.6326e-04	1.1128e-03	3.0571e-04	7.5724e-03	7.5088e-02	8.0747e-02	-2.4813e-04	-4.9198e-04	0.0000e+00	1.6410e-05	-2.2000e-06	1.6249e-03
-1.0143e-03	9.6844e-04	3.2414e-04	7.5763e-03	6.6817e-02	8.2586e-02	-2.5104e-04	-1.4437e-04	1.8429e-05	3.9000e-06	-8.2713e-03	1.8395e-03
-9.4230e-04	1.1771e-03	1.0160e-04	1.6499e-04	6.3293e-02	9.2886e-02	7.1999e-05	2.0866e-04	-2.2254e-04	-7.4113e-03	-3.5239e-03	1.0300e-02
-1.3619e-03	1.1016e-03	2.2406e-04	-6.5534e-03	4.6123e-02	7.1411e-02	-4.1956e-04	-7.5460e-05	1.2246e-04	-6.7184e-03	-1.7169e-02	-2.1475e-02
-1.0691e-03	8.8729e-04	3.4675e-04	-2.1790e-03	5.4762e-02	6.8605e-02	2.9275e-04	-2.1435e-04	1.2269e-04	4.3744e-03	8.6391e-03	-2.8058e-03
-6.5580e-04	1.4498e-03	-7.5018e-06	-2.6268e-03	9.2523e-02	5.6657e-02	4.1331e-04	5.6250e-04	-3.5425e-04	-4.4782e-04	3.7761e-02	-1.1947e-02
-8.2905e-04	8.8729e-04	1.4162e-04	-4.3703e-03	7.8212e-02	4.2884e-02	-1.7325e-04	-5.6250e-04	1.4912e-04	-1.7435e-03	-1.4311e-02	-1.3773e-02
-1.0204e-03	1.1371e-03	-7.5018e-06	-8.4985e-03	7.8786e-02	6.6119e-02	-1.9135e-04	2.4980e-04	-1.4912e-04	-4.1282e-03	5.7410e-04	2.3235e-02
-8.2905e-04	1.1748e-03	-7.5018e-06	-3.5067e-03	8.3871e-02	6.0249e-02	1.9135e-04	3.7660e-05	0.0000e+00	4.9918e-03	5.0844e-03	-5.8703e-03
-3.0631e-04	8.8730e-04	6.7207e-05	-1.0429e-02	9.7546e-02	3.4067e-02	5.2275e-04	-2.8745e-04	7.4709e-05	-6.9223e-03	1.3675e-02	-2.6182e-02
-6.6610e-04	8.8729e-04	-1.4553e-05	-1.9641e-02	8.3895e-02	2.4110e-02	-3.5979e-04	-1.0000e-09	-8.1760e-05	-9.2123e-03	-1.3651e-02	-9.9569e-03
-7.0054e-04	8.9672e-04	-8.7531e-05	-2.2208e-02	7.8510e-02	2.1556e-02	-3.4443e-05	9.4250e-06	-7.2978e-05	-2.5664e-03	-5.3852e-03	-2.5543e-03
-7.4587e-04	1.2873e-03	1.3392e-04	-1.0436e-02	7.5730e-02	4.2757e-02	-4.5326e-05	3.9058e-04	2.2146e-04	1.1772e-02	-2.7799e-03	2.1201e-02
-1.0154e-03	1.2873e-03	3.2551e-05	-1.9682e-02	6.7601e-02	3.3194e-02	-2.6949e-04	0.0000e+00	-1.0137e-04	-9.2466e-03	-8.1285e-03	-9.5640e-03
-1.0403e-03	1.2873e-03	1.1358e-04	-1.7999e-02	6.2412e-02	2.6765e-02	-2.4990e-05	0.0000e+00	8.1025e-05	1.6837e-03	-5.1896e-03	-6.4284e-03
-9.6761e-04	1.1871e-03	-1.7961e-04	-2.5933e-02	6.8093e-02	2.4152e-02	7.2742e-05	-1.0020e-04	-2.9318e-04	-7.9342e-03	5.6816e-03	-2.6134e-03
-8.6212e-04	1.2873e-03	-6.7965e-05	-2.6468e-02	8.3900e-02	3.7428e-02	1.0548e-04	1.0020e-04	1.1164e-04	-5.3540e-04	1.5807e-02	1.3276e-02
-1.1277e-03	1.2873e-03	-1.4058e-04	-2.8357e-02	3.6397e-02	3.0970e-02	-2.6560e-04	0.0000e+00	-7.2612e-05	-1.8891e-03	-4.7503e-02	-6.4582e-03
-8.8844e-04	1.2873e-03	-3.5155e-04	-2.9005e-02	6.1895e-02	3.5825e-02	2.3928e-04	0.0000e+00	-2.1098e-04	-6.4750e-04	2.5498e-02	4.8558e-03
-7.3251e-04	1.2873e-03	-3.2297e-04	-1.6437e-02	8.3916e-02	3.8379e-02	1.5593e-04	0.0000e+00	2.8583e-05	1.2568e-02	2.2021e-02	2.5536e-03
-1.2941e-03	1.0711e-03	-6.8295e-05	-2.1525e-02	4.0358e-02	4.0683e-02	-5.6162e-04	-2.1620e-04	2.5468e-04	-5.0876e-03	-4.3557e-02	2.3042e-03
-1.2319e-03	1.1920e-03	-1.8466e-04	-1.0470e-02	5.0464e-02	3.8943e-02	6.2270e-05	1.2086e-04	-1.1637e-04	1.1055e-02	1.0105e-02	-1.7405e-03
-6.3193e-04	1.2873e-03	-1.2084e-04	-1.0473e-02	4.8510e-02	5.0361e-02	5.9993e-04	9.5340e-05	6.3826e-05	-2.3000e-06	-1.9532e-03	1.1418e-02
-1.0905e-03	1.2873e-03	-5.4961e-05	-1.6862e-02	4.0365e-02	3.9026e-02	-4.5859e-04	0.0000e+00	6.5874e-05	-6.3897e-03	-8.1452e-03	-1.1335e-02
-8.0174e-04	1.2873e-03	-1.0060e-04	-1.0493e-02	4.0373e-02	4.7845e-02	2.8878e-04	0.0000e+00	-4.5641e-05	6.3696e-03	8.0000e-06	8.8189e-03
-2.8901e-04	1.2873e-03	5.1598e-06	-6.6821e-03	4.0385e-02	4.8689e-02	5.1274e-04	0.0000e+00	1.0576e-04	3.8106e-03	1.1300e-05	8.4480e-04
-1.5446e-04	9.1547e-04	-4.2685e-04	-1.0490e-02	4.0388e-02	2.4167e-02	1.3454e-04	-3.7183e-04	-4.3201e-04	-3.8082e-03	3.7000e-06	-2.4523e-02
6.8649e-04	-1.3263e-03	8.9127e-04	4.6341e-02	4.0381e-02	2.4168e-02	8.4095e-04	-2.2418e-03	1.3181e-03	5.6832e-02	-7.5000e-06	1.2000e-06
4.5522e-04	-2.7544e-04	4.3853e-06	7.6769e-03	6.6071e-02	1.6424e-02	-2.3127e-04	1.0508e-03	-8.8689e-04	-3.8664e-02	2.5690e-02	-7.7442e-03
-4.7836e-04	-2.5757e-05	8.8947e-05	7.6727e-03	2.3707e-02	2.4311e-02	-9.3358e-04	2.4968e-04	8.4562e-05	-4.2200e-06	-4.2363e-02	7.8872e-03
-6.7441e-04	3.4148e-04	-1.1503e-04	7.6614e-03	3.4848e-02	2.4322e-02	-1.9605e-04	3.6724e-04	-2.0398e-04	-1.1250e-05	1.1141e-02	1.1100e-05
-2.8798e-04	3.4148e-04	-1.2289e-04	7.6681e-03	4.3500e-02	2.4284e-02	3.8643e-04	0.0000e+00	-7.8520e-06	6.6700e-06	8.6515e-03	-3.7700e-05
-4.9244e-05	3.4148e-04	-1.8755e-04	-5.8357e-03	4.2890e-02	3.4333e-02	2.3874e-04	0.0000e+00	-6.4667e-05	-1.3504e-02	-6.0960e-04	1.0049e-02
-1.1364e-04	3.4148e-04	-1.5885e-04	7.6589e-03	3.0285e-02	4.2568e-02	-6.4399e-05	0.0000e+00	2.8703e-05	1.3495e-02	-1.2605e-02	8.2350e-03
1.5001e-04	3.1824e-04	-5.5121e-05	2.0308e-03	4.1572e-02	5.4437e-02	2.6365e-04	-2.3246e-05	1.0373e-04	-5.6280e-03	1.1286e-02	1.1869e-02
8.8941e-04	2.9134e-04	1.3202e-04	7.6714e-03	6.5970e-02	1.1507e-02	7.3941e-04	-2.6898e-05	1.8714e-04	5.6406e-03	2.4398e-02	-4.2931e-02
2.9172e-05	1.9922e-04	1.3202e-04	7.6752e-03	3.3213e-02	1.9498e-02	-8.6024e-04	-9.2118e-05	0.0000e+00	3.7000e-06	-3.2757e-02	7.9910e-03
-8.8230e-05	2.9871e-04	7.6993e-05	7.6710e-03	3.3212e-02	2.7845e-02	-1.1740e-04	9.9486e-05	-5.5026e-05	-4.1100e-06	-2.0000e-07	8.3479e-03
4.0486e-04	-5.7633e-06	5.6660e-04	4.0092e-02	2.6407e-02	4.9878e-02	4.9309e-04	-3.0447e-04	4.8961e-04	3.2421e-02	-6.8058e-03	2.2032e-02
2.5705e-04	3.9483e-04	3.7144e-04	1.6012e-02	2.6971e-02	4.1023e-02	-1.4781e-04	4.0059e-04	-1.9515e-04	-2.4080e-02	5.6410e-04	-8.8544e-03
2.9425e-04	2.2440e-04	3.1891e-04	2.0797e-02	2.3928e-02	2.9187e-02	3.7205e-05	-1.7043e-04	-5.2534e-05	4.7842e-03	-3.0431e-03	-1.1837e-02
4.0486e-04	1.6111e-04	2.0940e-04	4.6837e-03	3.3237e-02	2.2263e-02	1.1060e-04	-6.3290e-05	-1.0951e-04	-1.6113e-02	9.3090e-03	-6.9237e-03
4.0486e-04	-5.5766e-04	1.5931e-04	-6.6664e-03	3.3240e-02	-1.6103e-02	0.0000e+00	-7.1877e-04	-5.0086e-05	-1.1350e-02	3.9000e-06	-3.8365e-02
8.8526e-04	-6.9018e-04	5.1393e-04	1.2379e-02	4.2391e-02	-7.8923e-03	4.8041e-04	-1.3252e-04	3.5462e-04	1.9046e-02	9.1506e-03	8.2103e-03
8.9554e-04	-8.0833e-04	7.6289e-04	2.0865e-02	3.3230e-02	4.8834e-04	1.0271e-05	-1.1815e-04	2.4896e-04	8.4857e-03	-9.1610e-03	8.3807e-03
4.0486e-04	-2.7877e-04	2.6253e-04	8.0276e-03	1.3911e-02	5.8402e-03	-4.9068e-04	5.2956e-04	-5.0036e-04	-1.2837e-02	-1.9319e-02	5.3518e-03
4.0486e-04	7.0263e-05	-3.2205e-05	-4.3551e-03	1.9355e-02	-2.2080e-03	0.0000e+00	3.4903e-04	-2.9473e-04	-1.2383e-02	5.4444e-03	-8.0482e-03
1.6889e-04	1.2533e-04	1.5751e-04	-1.6118e-02	8.6069e-03	-7.8346e-03	-2.3597e-04	5.5070e-05	1.8971e-04	-1.1763e-02	-1.0748e-02	-5.6266e-03
-2.5682e-05	1.6083e-04	-3.5727e-05	-8.6485e-03	1.2115e-02	-7.7989e-03	-1.9457e-04	3.5494e-05	-1.9324e-04	7.4692e-03	3.5083e-03	3.5670e-05
3.0667e-05	3.7480e-04	-1.7622e-04	-1.2519e-02	3.3239e-02	3.9736e-03	5.6350e-05	2.1397e-04	-1.4049e-04	-3.8707e-03	2.1124e-02	1.1772e-02
4.0486e-04	4.6757e-04	-2.4698e-04	-1.2070e-02	1.3103e-02	1.2494e-02	3.7419e-04	9.2769e-05	-7.0764e-05	4.4940e-04	-2.0136e-02	8.5201e-03
1.9128e-06	2.1192e-04	-1.7748e-04	-1.6167e-02	-7.1159e-06	1.3611e-02	-4.0294e-04	-2.5565e-04	6.9503e-05	-4.0971e-03	-1.3110e-02	1.1176e-03
7.1706e-05	2.2329e-04	-1.1863e-04	-1.6182e-02	-7.2339e-03	2.7289e-02	6.9794e-05	1.1370e-05	5.8847e-05	-1.4600e-05	-7.2268e-03	1.3678e-02
4.0486e-04	2.1142e-04	-5.3460e-04	-1.6144e-02	-1.3579e-02	3.3610e-02	3.3315e-04	-1.1870e-05	-4.1597e-04	3.7100e-05	-6.3455e-03	6.3204e-03
3.2237e-04	4.7931e-04	-5.3460e-04	-1.1137e-02	-1.5567e-02	3.4956e-02	-8.2485e-05	2.6789e-04	0.0000e+00	5.0076e-03	-1.9877e-03	1.3469e-03
4.2226e-04	2.5798e-04	-5.6565e-05	-4.9274e-06	-1.7999e-02	3.2418e-02	9.9893e-05	-2.2133e-04	4.7803e-04	1.1132e-02	-2.4318e-03	-2.5384e-03
7.6966e-05	3.4987e-04	-2.4128e-04	1.4048e-05	-8.7317e-03	2.2783e-02	-3.4530e-04	9.1888e-05	-1.8472e-04	1.8976e-05	9.2672e-03	-9.6350e-03
2.6470e-23	4.5807e-04	-2.8274e-04	-8.1692e-03	-1.9703e-02	2.9913e-02	-7.6966e-05	1.0820e-04	-4.1456e-05	-8.1833e-03	-1.0971e-02	7.1298e-03
5.4137e-04	4.0370e-04	-5.3460e-04	-9.9884e-03	-3.0562e-03	1.5853e-02	5.4137e-04	-5.4370e-05	-2.5186e-04	-1.8192e-03	1.6647e-02	-1.4060e-02
9.7305e-05	-0.0000e+00	-8.8630e-05	1.7093e-06	-1.5260e-06	1.8767e-06	-4.4406e-04	-4.0370e-04	4.4597e-04	9.9901e-03	3.0547e-03	-1.5851e-02
0.0000e+00	-0.0000e+00	0.0000e+00	0.0000e+00	0.0000e+00	0.0000e+00	-9.7305e-05	0.0000e+00	8.8630e-05	-1.7093e-06	1.5260e-06	-1.8767e-06
8.0910e-04	-0.0000e+00	0.0000e+00	0.0000e+00	1.1756e-05	3.1243e-02	8.0910e-04	0.0000e+00	0.0000e+00	0.0000e+00	1.1756e-05	3.1243e-02
0.0000e+00	-0.0000e+00	-1.7029e-04	-3.5344e-06	-5.9900e-03	2.5212e-02	-8.0910e-04	0.0000e+00	-1.7029e-04	-3.5344e-06	-6.0017e-03	-6.0312e-03
9.5592e-05	-0.0000e+00	0.0000e+00	0.0000e+00	-1.3602e-02	2.2911e-02	9.5592e-05	0.0000e+00	1.7029e-04	3.5344e-06	-7.6120e-03	-2.3011e-03
3.5525e-04	4.6596e-04	0.0000e+00	-1.3592e-06	1.0281e-06	-2.3343e-05	2.5966e-04	4.6596e-04	0.0000e+00	-1.3592e-06	1.3603e-02	-2.2934e-02
3.6965e-04	-0.0000e+00	0.0000e+00	0.0000e+00	7.6227e-06	-2.2752e-05	1.4398e-05	-4.6596e-04	0.0000e+00	1.3592e-06	6.5946e-06	5.9160e-07
6.1776e-04	5.5138e-04	0.0000e+00	-2.0275e-05	2.2710e-05	-2.1100e-05	2.4811e-04	5.5138e-04	0.0000e+00	-2.0275e-05	1.5088e-05	1.6520e-06
5.4369e-04	4.1361e-04	0.0000e+00	7.6166e-03	-1.1056e-02	2.2180e-02	-7.4066e-05	-1.3777e-04	0.0000e+00	7.6369e-03	-1.1079e-02	2.2201e-02
8.4150e-04	4.1361e-04	0.0000e+00	2.4367e-04	3.5627e-05	8.2172e-06	2.9781e-04	0.0000e+00	0.0000e+00	-7.3730e-03	1.1091e-02	-2.2172e-02
6.9295e-04	4.1361e-04	0.0000e+00	-1.2069e-02	-1.2719e-02	-5.3776e-03	-1.4856e-04	0.0000e+00	0.0000e+00	-1.2313e-02	-1.2755e-02	-5.3858e-03
8.2264e-04	2.5859e-04	1.1429e-04	2.3674e-04	-1.3536e-02	-2.1787e-03	1.2969e-04	-1.5502e-04	1.1429e-04	1.2306e-02	-8.1660e-04	3.1989e-03
5.1470e-04	1.1653e-05	2.9403e-04	-1.3170e-02	-3.8264e-02	-2.2155e-02	-3.0794e-04	-2.4694e-04	1.7974e-04	-1.3407e-02	-2.4728e-02	-1.9976e-02
5.1044e-04	2.6708e-04	0.0000e+00	-1.4573e-02	-2.6099e-02	-2.0029e-02	-4.2630e-06	2.5542e-04	-2.9403e-04	-1.4027e-03	1.2164e-02	2.1261e-03
9.3763e-04	2.9196e-04	0.0000e+00	-6.4790e-03	-4.6519e-03	1.9227e-03	4.2719e-04	2.4887e-05	0.0000e+00	8.0935e-03	2.1447e-02	2.1952e-02
1.1018e-03	1.8960e-04	0.0000e+00	-9.6511e-03	-2.2409e-02	-3.6170e-02	1.6413e-04	-1.0237e-04	0.0000e+00	-3.1721e-03	-1.7757e-02	-3.8092e-02
9.6663e-04	1.1653e-05	0.0000e+00	2.3858e-04	-2.0036e-02	-3.2497e-02	-1.3513e-04	-1.7794e-04	0.0000e+00	9.8897e-03	2.3727e-03	3.6721e-03
1.1976e-03	-3.0297e-04	2.2013e-04	-3.4334e-03	-4.6943e-03	-2.0029e-02	2.3096e-04	-3.1462e-04	2.2013e-04	-3.6720e-03	1.5342e-02	1.2468e-02
1.8132e-03	-8.6582e-04	4.3985e-04	1.2123e-02	1.3508e-02	-5.2442e-03	6.1564e-04	-5.6284e-04	2.1971e-04	1.5556e-02	1.8202e-02	1.4785e-02
1.7077e-03	-8.6582e-04	2.5848e-04	-5.4515e-03	-4.7150e-03	-9.6025e-03	-1.0553e-04	0.0000e+00	-1.8136e-04	-1.7574e-02	-1.8223e-02	-4.3583e-03
1.1018e-03	-1.4770e-04	1.2722e-04	-1.8370e-02	-2.9207e-02	-2.4889e-02	-6.0594e-04	7.1811e-04	-1.3126e-04	-1.2918e-02	-2.4492e-02	-1.5286e-02
7.0941e-04	3.0997e-04	-1.6336e-04	-1.8448e-02	-3.6424e-02	-3.7513e-02	-3.9235e-04	4.5767e-04	-2.9058e-04	-7.8400e-05	-7.2171e-03	-1.2624e-02
8.8426e-04	2.2804e-04	-1.6336e-04	-2.0988e-02	-1.0421e-02	-4.3824e-02	1.7485e-04	-8.1929e-05	0.0000e+00	-2.5396e-03	2.6003e-02	-6.3111e-03
1.2436e-03	1.6945e-04	-1.6336e-04	-1.9842e-02	-2.0349e-02	-2.0034e-02	3.5933e-04	-5.8585e-05	0.0000e+00	1.1457e-03	-9.9276e-03	2.3790e-02
1.7197e-03	2.8952e-04	-7.7034e-04	-3.5915e-02	-4.7877e-03	-1.1905e-01	4.7606e-04	1.2007e-04	-6.0698e-04	-1.6072e-02	1.5561e-02	-9.9019e-02
1.7197e-03	8.7846e-04	-4.1062e-04	-5.3103e-02	-3.7404e-02	-6.7633e-02	0.0000e+00	5.8893e-04	3.5972e-04	-1.7189e-02	-3.2616e-02	5.1420e-02
1.3091e-03	7.0850e-04	-4.4080e-04	-4.7629e-02	-4.9645e-02	-6.8525e-02	-4.1053e-04	-1.6996e-04	-3.0179e-05	5.4742e-03	-1.2241e-02	-8.9210e-04
1.5692e-03	7.6131e-04	-7.7034e-04	-3.5889e-02	-6.2765e-02	-1.2685e-02	2.6011e-04	5.2808e-05	-3.2954e-04	1.1740e-02	-1.3120e-02	5.5840e-02
1.7197e-03	7.1699e-04	-7.7034e-04	-3.5881e-02	-6.2820e-02	-3.7158e-02	1.5042e-04	-4.4320e-05	0.0000e+00	7.7000e-06	-5.5100e-05	-2.4473e-02
1.7197e-03	5.4338e-04	-4.0311e-04	-3.5917e-02	-7.1816e-02	-3.7153e-02	0.0000e+00	-1.7360e-04	3.6723e-04	-3.6200e-05	-8.9962e-03	5.7000e-06
1.7197e-03	7.8238e-04	-4.8660e-04	-3.5905e-02	-5.9436e-02	-4.6991e-02	0.0000e+00	2.3900e-04	-8.3493e-05	1.2600e-05	1.2380e-02	-9.8387e-03
1.6669e-03	8.4641e-04	-5.2330e-04	-3.5895e-02	-5.9658e-02	-3.7171e-02	-5.2760e-05	6.4030e-05	-3.6700e-05	1.0000e-05	-2.2180e-04	9.8210e-03
2.1908e-03	4.0657e-04	-6.5091e-04	-1.2332e-02	-4.3653e-02	-2.1027e-02	5.2388e-04	-4.3984e-04	-1.2761e-04	2.3563e-02	1.6005e-02	1.6143e-02
1.5341e-03	4.0657e-04	-3.9736e-04	-3.0959e-02	-5.3705e-02	-3.4847e-02	-6.5666e-04	0.0000e+00	2.5355e-04	-1.8627e-02	-1.0052e-02	-1.3819e-02
1.7197e-03	-6.5126e-05	-1.1590e-03	-4.9494e-02	-4.3676e-02	-2.1042e-02	1.8554e-04	-4.7170e-04	-7.6165e-04	-1.8535e-02	1.0029e-02	1.3805e-02
1.8489e-03	4.7684e-04	-9.8976e-04	-4.5219e-02	-4.9573e-02	-2.1060e-02	1.2924e-04	5.4197e-04	1.6925e-04	4.2747e-03	-5.8971e-03	-1.8300e-05
1.7197e-03	4.7684e-04	-5.8449e-04	-4.9533e-02	-5.8286e-02	-4.9585e-02	-1.2924e-04	0.0000e+00	4.0527e-04	-4.3137e-03	-8.7130e-03	-2.8525e-02
1.6640e-03	4.7684e-04	-4.4340e-04	-4.6168e-02	-6.0001e-02	-4.8156e-02	-5.5610e-05	0.0000e+00	1.4109e-04	3.3649e-03	-1.7150e-03	1.4292e-03
2.3753e-03	4.7684e-04	-4.4340e-04	-3.8877e-02	-3.0129e-02	-3.0087e-02	7.1130e-04	0.0000e+00	0.0000e+00	7.2915e-03	2.9872e-02	1.8069e-02
1.9996e-03	4.7684e-04	-9.6948e-04	-5.0925e-02	-3.8551e-02	-3.6286e-02	-3.7576e-04	0.0000e+00	-5.2608e-04	-1.2048e-02	-8.4215e-03	-6.1991e-03
1.8986e-03	6.5511e-06	-9.6948e-04	-5.5827e-02	-8.1288e-02	-4.5608e-02	-1.0095e-04	-4.7029e-04	0.0000e+00	-4.9017e-03	-4.2738e-02	-9.3216e-03
1.7197e-03	5.0881e-04	-9.6948e-04	-5.1742e-02	-6.7329e-02	-5.2846e-02	-1.7898e-04	5.0226e-04	1.0000e-09	4.0841e-03	1.3959e-02	-7.2384e-03
1.7197e-03	6.0090e-04	-9.6948e-04	-5.1743e-02	-4.9981e-02	-5.5260e-02	0.0000e+00	9.2084e-05	-1.0000e-09	-2.0000e-07	1.7348e-02	-2.4140e-03
2.2603e-03	2.5029e-04	-9.6948e-04	-5.1734e-02	-7.2549e-02	-9.4287e-03	5.4065e-04	-3.5060e-04	0.0000e+00	9.2000e-06	-2.2568e-02	4.5832e-02
1.7197e-03	4.0623e-04	-7.8371e-04	-4.3707e-02	-8.4225e-02	-3.6139e-02	-5.4065e-04	1.5594e-04	1.8577e-04	8.0270e-03	-1.1676e-02	-2.6711e-02
1.7197e-03	4.2810e-04	-9.6948e-04	-4.8437e-02	-8.4230e-02	-3.0056e-02	0.0000e+00	2.1868e-05	-1.8577e-04	-4.7305e-03	-5.0000e-06	6.0835e-03
2.0765e-03	7.4720e-04	-9.6948e-04	-3.2621e-02	-7.5810e-02	-4.3220e-02	3.5681e-04	3.1910e-04	0.0000e+00	1.5816e-02	8.4204e-03	-1.3164e-02
1.7197e-03	6.6032e-04	-7.6269e-04	-3.9064e-02	-9.2328e-02	-7.0093e-02	-3.5681e-04	-8.6881e-05	2.0679e-04	-6.4430e-03	-1.6518e-02	-2.6873e-02
1.5479e-03	4.4152e-04	-7.4632e-04	-4.5386e-02	-8.4208e-02	-6.3167e-02	-1.7179e-04	-2.1880e-04	1.6374e-05	-6.3215e-03	8.1196e-03	6.9263e-03
2.0911e-03	5.0552e-04	-9.6948e-04	-4.3508e-02	-7.3171e-02	-3.4407e-02	5.4326e-04	6.3996e-05	-2.2316e-04	1.8777e-03	1.1037e-02	2.8760e-02
2.1833e-03	6.1245e-04	-9.6948e-04	-5.0640e-02	-6.3084e-02	-6.4104e-02	9.2160e-05	1.0693e-04	0.0000e+00	-7.1318e-03	1.0087e-02	-2.9697e-02
1.9349e-03	4.4831e-04	-9.6948e-04	-5.1511e-02	-6.8906e-02	-6.4113e-02	-2.4835e-04	-1.6414e-04	0.0000e+00	-8.7180e-04	-5.8225e-03	-8.9000e-06
2.0258e-03	5.0552e-04	-1.1620e-03	-6.5327e-02	-5.7716e-02	-7.4788e-02	9.0820e-05	5.7209e-05	-1.9255e-04	-1.3815e-02	1.1190e-02	-1.0675e-02
1.4319e-03	5.0552e-04	-9.6948e-04	-5.1509e-02	-8.4193e-02	-8.0786e-02	-5.9381e-04	0.0000e+00	1.9255e-04	1.3818e-02	-2.6476e-02	-5.9978e-03
2.1098e-03	9.2425e-04	-9.6948e-04	-6.3861e-02	-6.6488e-02	-8.4196e-02	6.7784e-04	4.1873e-04	0.0000e+00	-1.2352e-02	1.7705e-02	-3.4098e-03
1.7098e-03	4.4032e-04	-7.7160e-04	-5.1492e-02	-5.8707e-02	-7.7826e-02	-3.9999e-04	-4.8393e-04	1.9788e-04	1.2368e-02	7.7801e-03	6.3700e-03
1.6482e-03	6.0465e-04	-9.6948e-04	-5.1478e-02	-6.2748e-02	-8.2585e-02	-6.1600e-05	1.6433e-04	-1.9788e-04	1.4200e-05	-4.0410e-03	-4.7595e-03
2.1999e-03	1.0321e-03	-1.3728e-03	-7.4887e-02	-3.7974e-02	-7.7584e-02	5.5172e-04	4.2750e-04	-4.0328e-04	-2.3409e-02	2.4774e-02	5.0010e-03
1.5897e-03	1.0321e-03	-1.2120e-03	-8.2775e-02	-7.7082e-02	-6.2128e-02	-6.1024e-04	0.0000e+00	1.6073e-04	-7.8875e-03	-3.9108e-02	1.5457e-02
1.5535e-03	1.0321e-03	-1.5330e-03	-8.3012e-02	-8.4267e-02	-9.1045e-02	-3.6200e-05	0.0000e+00	-3.2095e-04	-2.3780e-04	-7.1848e-03	-2.8918e-02
1.7752e-03	1.3208e-03	-2.0285e-03	-1.2816e-01	-8.9419e-02	-7.3177e-02	2.2168e-04	2.8865e-04	-4.9548e-04	-4.5147e-02	-5.1527e-03	1.7868e-02
1.8541e-03	1.3102e-03	-1.4372e-03	-9.3004e-02	-1.0476e-01	-6.3060e-02	7.8960e-05	-1.0620e-05	5.9131e-04	3.5155e-02	-1.5336e-02	1.0117e-02
1.5678e-03	1.0929e-03	-1.3610e-03	-8.7764e-02	-1.1519e-01	-7.4452e-02	-2.8635e-04	-2.1730e-04	7.6120e-05	5.2400e-03	-1.0432e-02	-1.1391e-02
2.0810e-03	1.7201e-03	-1.5333e-03	-8.6637e-02	-1.1473e-01	-5.4413e-02	5.1321e-04	6.2726e-04	-1.7226e-04	1.1268e-03	4.5800e-04	2.0039e-02
1.9922e-03	2.0328e-03	-2.0285e-03	-7.0421e-02	-1.0506e-01	-5.2666e-02	-8.8790e-05	3.1264e-04	-4.9517e-04	1.6216e-02	9.6660e-03	1.7462e-03
5.5099e-04	1.4950e-03	-1.7271e-03	-8.6237e-02	-1.2818e-01	-7.9861e-02	-1.4412e-03	-5.3779e-04	3.0137e-04	-1.5816e-02	-2.3115e-02	-2.7194e-02
1.0961e-03	1.8687e-03	-1.8330e-03	-9.2548e-02	-9.9308e-02	-7.7364e-02	5.4515e-04	3.7370e-04	-1.0588e-04	-6.3105e-03	2.8870e-02	2.4966e-03
1.0947e-03	1.4950e-03	-2.0285e-03	-8.7061e-02	-1.2331e-01	-7.9589e-02	-1.4200e-06	-3.7370e-04	-1.9549e-04	5.4872e-03	-2.4006e-02	-2.2245e-03
1.0752e-03	1.2822e-03	-2.0285e-03	-7.9414e-02	-1.4123e-01	-3.4320e-02	-1.9530e-05	-2.1282e-04	0.0000e+00	7.6468e-03	-1.7920e-02	4.5269e-02
1.2305e-03	1.5569e-03	-2.3216e-03	-8.8290e-02	-1.2333e-01	-5.5215e-02	1.5535e-04	2.7475e-04	-2.9316e-04	-8.8764e-03	1.7906e-02	-2.0895e-02
1.2440e-03	1.4709e-03	-2.0821e-03	-8.7353e-02	-1.3424e-01	-6.7763e-02	1.3440e-05	-8.5980e-05	2.3948e-04	9.3740e-04	-1.0909e-02	-1.2548e-02
9.7238e-04	1.6247e-03	-2.1631e-03	-9.1665e-02	-1.4249e-01	-7.1448e-02	-2.7159e-04	1.5372e-04	-8.0920e-05	-4.3122e-03	-8.2510e-03	-3.6846e-03
7.8252e-04	1.6129e-03	-2.2753e-03	-8.8452e-02	-1.4383e-01	-8.8940e-02	-1.8986e-04	-1.1770e-05	-1.1220e-04	3.2129e-03	-1.3390e-03	-1.7493e-02
9.8582e-04	1.6880e-03	-2.5320e-03	-8.8079e-02	-1.2336e-01	-7.8030e-02	2.0330e-04	7.5070e-05	-2.5676e-04	3.7310e-04	2.0470e-02	1.0911e-02
1.1185e-03	1.6418e-03	-2.2949e-03	-9.5187e-02	-1.3585e-01	-7.3350e-02	1.3272e-04	-4.6170e-05	2.3715e-04	-7.1082e-03	-1.2494e-02	4.6796e-03
8.4773e-04	1.7298e-03	-2.1385e-03	-9.3717e-02	-1.2786e-01	-6.9372e-02	-2.7081e-04	8.7990e-05	1.5636e-04	1.4698e-03	7.9870e-03	3.9782e-03
1.2274e-03	1.7324e-03	-2.4765e-03	-9.8421e-02	-1.0938e-01	-6.1206e-02	3.7964e-04	2.6100e-06	-3.3802e-04	-4.7037e-03	1.8484e-02	8.1659e-03
1.0927e-03	1.5306e-03	-2.4765e-03	-1.0298e-01	-1.2717e-01	-6.3622e-02	-1.3467e-04	-2.0176e-04	0.0000e+00	-4.5569e-03	-1.7794e-02	-2.4163e-03
6.5160e-04	1.4566e-03	-2.4765e-03	-9.8012e-02	-1.4453e-01	-6.7949e-02	-4.4110e-04	-7.4070e-05	0.0000e+00	4.9661e-03	-1.7359e-02	-4.3271e-03
8.8711e-04	1.6062e-03	-2.4765e-03	-9.9102e-02	-1.3365e-01	-7.5986e-02	2.3551e-04	1.4966e-04	0.0000e+00	-1.0898e-03	1.0878e-02	-8.0371e-03
1.3042e-03	1.6037e-03	-2.4765e-03	-9.4964e-02	-1.2335e-01	-8.8928e-02	4.1710e-04	-2.5000e-06	0.0000e+00	4.1372e-03	1.0302e-02	-1.2941e-02
1.6134e-03	1.5054e-03	-2.1839e-03	-8.8773e-02	-1.2337e-01	-1.0537e-01	3.0920e-04	-9.8310e-05	2.9261e-04	6.1914e-03	-1.2000e-05	-1.6437e-02
1.1771e-03	1.5161e-03	-2.0476e-03	-8.8702e-02	-1.3551e-01	-8.8922e-02	-4.3633e-04	1.0690e-05	1.3632e-04	7.1000e-05	-1.2148e-02	1.6443e-02
1.6919e-03	1.7528e-03	-2.2478e-03	-9.0744e-02	-1.2335e-01	-6.5921e-02	5.1484e-04	2.3667e-04	-2.0024e-04	-2.0420e-03	1.2162e-02	2.3001e-02
1.7389e-03	1.5520e-03	-2.2065e-03	-8.7955e-02	-1.3110e-01	-8.3291e-02	4.7000e-05	-2.0078e-04	4.1350e-05	2.7893e-03	-7.7540e-03	-1.7370e-02
1.5693e-03	1.3606e-03	-2.2957e-03	-8.6997e-02	-1.3423e-01	-8.3284e-02	-1.6962e-04	-1.9136e-04	-8.9220e-05	9.5810e-04	-3.1280e-03	6.8000e-06
1.2943e-03	1.6666e-03	-2.1618e-03	-8.5152e-02	-1.3637e-01	-9.0145e-02	-2.7499e-04	3.0597e-04	1.3386e-04	1.8443e-03	-2.1330e-03	-6.8606e-03
1.6181e-03	1.7568e-03	-2.4765e-03	-8.7280e-02	-1.2339e-01	-8.3316e-02	3.2380e-04	9.0200e-05	-3.1467e-04	-2.1277e-03	1.2975e-02	6.8290e-03
1.9031e-03	1.0843e-03	-1.9787e-03	-6.7952e-02	-1.2337e-01	-1.0112e-01	2.8498e-04	-6.7246e-04	4.9783e-04	1.9328e-02	1.9000e-05	-1.7808e-02
1.4076e-03	1.2030e-03	-1.7885e-03	-7.7224e-02	-1.4084e-01	-8.7339e-02	-4.9548e-04	1.1867e-04	1.9018e-04	-9.2725e-03	-1.7473e-02	1.3785e-02
1.8598e-03	9.6766e-04	-2.1484e-03	-7.6951e-02	-1.2577e-01	-8.3231e-02	4.5221e-04	-2.3535e-04	-3.5986e-04	2.7290e-04	1.5071e-02	4.1080e-03
1.9232e-03	4.9215e-06	-1.1229e-03	-4.7440e-02	-1.2334e-01	-1.2282e-01	6.3360e-05	-9.6274e-04	1.0255e-03	2.9511e-02	2.4350e-03	-3.9587e-02
1.4462e-03	4.9215e-06	-5.9240e-04	-3.7630e-02	-1.2329e-01	-9.3484e-02	-4.7697e-04	0.0000e+00	5.3051e-04	9.8103e-03	5.1000e-05	2.9334e-02
2.6028e-03	-1.7598e-04	-7.0228e-04	-2.7350e-02	-1.0951e-01	-1.1429e-01	1.1566e-03	-1.8091e-04	-1.0989e-04	1.0279e-02	1.3776e-02	-2.0802e-02
2.3500e-03	-5.2701e-04	1.6902e-05	-1.5883e-02	-1.1710e-01	-9.4290e-02	-2.5285e-04	-3.5103e-04	7.1918e-04	1.1468e-02	-7.5890e-03	1.9996e-02
1.8844e-03	-1.2496e-04	-2.4247e-04	-2.6171e-02	-1.3526e-01	-1.2773e-01	-4.6562e-04	4.0205e-04	-2.5938e-04	-1.0288e-02	-1.8161e-02	-3.3444e-02
1.9634e-03	1.1962e-05	-6.9754e-04	-4.1935e-02	-1.2334e-01	-1.2323e-01	7.9000e-05	1.3692e-04	-4.5507e-04	-1.5764e-02	1.1925e-02	4.5040e-03
1.5395e-03	5.0506e-04	-7.6613e-04	-5.4090e-02	-1.4263e-01	-1.4190e-01	-4.2386e-04	4.9309e-04	-6.8586e-05	-1.2155e-02	-1.9297e-02	-1.8671e-02
1.1474e-03	4.7399e-04	-8.3862e-04	-4.7738e-02	-1.4884e-01	-1.2661e-01	-3.9214e-04	-3.1066e-05	-7.2490e-05	6.3522e-03	-6.2060e-03	1.5291e-02
