-1.4306e-03	4.0740e-05	2.4298e-03	6.6462e-02	4.6233e-01	-1.0503e-01	0.0000e+00	0.0000e+00	0.0000e+00	0.0000e+00	0.0000e+00	0.0000e+00
-1.0433e-03	-1.4456e-04	2.0382e-03	6.6023e-02	4.0761e-01	-8.3832e-02	3.8721e-04	-1.8530e-04	-3.9162e-04	-4.3970e-04	-5.4721e-02	2.1195e-02
-6.6307e-04	-3.3906e-04	2.3129e-03	6.8464e-02	4.7037e-01	-9.5496e-02	3.8028e-04	-1.9451e-04	2.7468e-04	2.4415e-03	6.2758e-02	-1.1663e-02
-1.3966e-03	-5.5047e-04	2.0382e-03	6.8012e-02	4.4413e-01	-6.8109e-02	-7.3356e-04	-2.1141e-04	-2.7468e-04	-4.5270e-04	-2.6242e-02	2.7387e-02
-8.5280e-04	-4.8370e-04	1.9243e-03	6.7931e-02	4.0524e-01	-7.8715e-02	5.4383e-04	6.6775e-05	-1.1395e-04	-8.0500e-05	-3.8884e-02	-1.0607e-02
-1.0918e-03	-6.2346e-04	2.0382e-03	6.9044e-02	4.3470e-01	-8.4963e-02	-2.3897e-04	-1.3977e-04	1.1395e-04	1.1132e-03	2.9459e-02	-6.2476e-03
-9.2256e-04	-6.2346e-04	2.0382e-03	5.9265e-02	4.2009e-01	-7.8685e-02	1.6921e-04	0.0000e+00	0.0000e+00	-9.7794e-03	-1.4614e-02	6.2783e-03
2.8298e-04	-5.5428e-04	2.1863e-03	6.6621e-02	4.5793e-01	-1.1666e-01	1.2055e-03	6.9187e-05	1.4805e-04	7.3561e-03	3.7839e-02	-3.7973e-02
-1.0829e-03	-6.2346e-04	1.6622e-03	6.2980e-02	4.2729e-01	-8.2797e-02	-1.3659e-03	-6.9187e-05	-5.2408e-04	-3.6412e-03	-3.0638e-02	3.3861e-02
-1.4190e-03	-3.9963e-04	1.5466e-03	4.9035e-02	3.8778e-01	-4.1025e-02	-3.3606e-04	2.2383e-04	-1.1561e-04	-1.3945e-02	-3.9507e-02	4.1772e-02
-6.7846e-04	-3.0500e-04	1.6449e-03	5.0704e-02	4.0788e-01	-7.5323e-02	7.4051e-04	9.4629e-05	9.8310e-05	1.6685e-03	2.0100e-02	-3.4298e-02
-8.9523e-04	-4.2339e-04	1.6879e-03	6.0089e-02	4.1108e-01	-6.3481e-02	-2.1677e-04	-1.1839e-04	4.2970e-05	9.3856e-03	3.2020e-03	1.1842e-02
-1.2679e-03	-4.9210e-04	1.4465e-03	6.1554e-02	3.4998e-01	-5.4424e-02	-3.7264e-04	-6.8704e-05	-2.4135e-04	1.4644e-03	-6.1104e-02	9.0566e-03
-7.3517e-04	-4.2339e-04	1.7944e-03	5.2551e-02	4.1454e-01	-8.9684e-02	5.3270e-04	6.8704e-05	3.4787e-04	-9.0029e-03	6.4564e-02	-3.5260e-02
-1.2637e-03	-1.4776e-04	1.4098e-03	6.2061e-02	3.8881e-01	-6.2186e-02	-5.2858e-04	2.7563e-04	-3.8462e-04	9.5100e-03	-2.5737e-02	2.7498e-02
-6.3457e-04	-2.8941e-04	1.3745e-03	5.4023e-02	3.6725e-01	-8.2867e-02	6.2918e-04	-1.4165e-04	-3.5210e-05	-8.0380e-03	-2.1560e-02	-2.0681e-02
-7.9956e-04	-2.0844e-04	1.1810e-03	5.0693e-02	3.9612e-01	-8.5119e-02	-1.6500e-04	8.0961e-05	-1.9355e-04	-3.3299e-03	2.8876e-02	-2.2515e-03
-1.2029e-03	-4.2339e-04	1.5038e-03	4.5069e-02	3.4270e-01	-8.5073e-02	-4.0330e-04	-2.1495e-04	3.2282e-04	-5.6238e-03	-5.3427e-02	4.5500e-05
-7.3273e-04	-1.9935e-04	1.4224e-03	4.4883e-02	3.7984e-01	-9.2802e-02	4.7013e-04	2.2404e-04	-8.1440e-05	-1.8640e-04	3.7150e-02	-7.7291e-03
-9.7919e-04	-2.0320e-04	1.7960e-03	4.8079e-02	3.6948e-01	-7.3223e-02	-2.4646e-04	-3.8440e-06	3.7365e-04	3.1966e-03	-1.0363e-02	1.9579e-02
-7.9956e-04	-6.5056e-04	1.2929e-03	4.6663e-02	3.3511e-01	-7.2928e-02	1.7962e-04	-4.4737e-04	-5.0311e-04	-1.4157e-03	-3.4371e-02	2.9550e-04
-7.9956e-04	-3.8539e-04	1.5132e-03	4.4220e-02	3.8858e-01	-8.1946e-02	0.0000e+00	2.6518e-04	2.2031e-04	-2.4438e-03	5.3464e-02	-9.0176e-03
-1.0422e-03	-3.6864e-04	1.3417e-03	5.0354e-02	3.2603e-01	-5.2685e-02	-2.4266e-04	1.6746e-05	-1.7149e-04	6.1340e-03	-6.2548e-02	2.9261e-02
-4.2494e-04	-5.2921e-04	1.1810e-03	4.2113e-02	3.5230e-01	-6.0192e-02	6.1728e-04	-1.6057e-04	-1.6074e-04	-8.2402e-03	2.6278e-02	-7.5075e-03
-8.9520e-04	-3.7402e-04	1.1810e-03	4.1834e-02	3.5361e-01	-5.1980e-02	-4.7027e-04	1.5519e-04	0.0000e+00	-2.8000e-04	1.3050e-03	8.2118e-03
-6.7023e-04	-4.3440e-04	1.2506e-03	4.1868e-02	3.1474e-01	-5.7077e-02	2.2497e-04	-6.0372e-05	6.9610e-05	3.4000e-05	-3.8872e-02	-5.0966e-03
-8.4389e-04	-2.0066e-04	1.6507e-03	4.1968e-02	3.4386e-01	-5.2178e-02	-1.7366e-04	2.3373e-04	4.0013e-04	1.0010e-04	2.9126e-02	4.8991e-03
-1.2932e-03	-4.5923e-04	9.1202e-04	4.1887e-02	2.9382e-01	-6.6681e-02	-4.4934e-04	-2.5856e-04	-7.3872e-04	-8.0700e-05	-5.0048e-02	-1.4503e-02
-8.4389e-04	-8.3303e-05	1.3591e-03	3.1736e-02	3.4303e-01	-7.5584e-02	4.4934e-04	3.7592e-04	4.4712e-04	-1.0151e-02	4.9213e-02	-8.9026e-03
-1.3065e-03	-3.2411e-04	9.6699e-04	1.6270e-02	3.0235e-01	-6.1145e-02	-4.6259e-04	-2.4081e-04	-3.9215e-04	-1.5466e-02	-4.0674e-02	1.4439e-02
-7.8300e-04	-4.3978e-04	1.0619e-03	1.9986e-02	3.3396e-01	-6.7149e-02	5.2348e-04	-1.1567e-04	9.4884e-05	3.7163e-03	3.1605e-02	-6.0042e-03
-1.2262e-03	-3.7245e-04	9.9932e-04	2.4618e-02	3.1180e-01	-3.6219e-02	-4.4316e-04	6.7329e-05	-6.2551e-05	4.6322e-03	-2.2157e-02	3.0930e-02
-8.1632e-04	-6.0175e-04	5.5926e-04	1.2833e-02	2.9457e-01	-6.7671e-02	4.0984e-04	-2.2930e-04	-4.4006e-04	-1.1786e-02	-1.7232e-02	-3.1452e-02
-1.1313e-03	-4.9893e-04	7.4441e-04	3.9095e-03	3.0691e-01	-5.5480e-02	-3.1499e-04	1.0282e-04	1.8515e-04	-8.9232e-03	1.2341e-02	1.2191e-02
-1.1079e-03	-5.7753e-04	5.5926e-04	1.2853e-02	2.5728e-01	-6.4655e-02	2.3420e-05	-7.8603e-05	-1.8515e-04	8.9436e-03	-4.9629e-02	-9.1753e-03
-9.5478e-04	-4.6488e-04	9.5862e-04	1.2924e-02	3.1658e-01	-7.1735e-02	1.5311e-04	1.1265e-04	3.9936e-04	7.1200e-05	5.9294e-02	-7.0792e-03
-1.3530e-03	-5.8235e-04	7.9469e-04	1.8843e-02	2.6689e-01	-1.1996e-02	-3.9821e-04	-1.1747e-04	-1.6393e-04	5.9187e-03	-4.9683e-02	5.9739e-02
-5.8278e-04	-8.1232e-04	7.4935e-04	1.8468e-02	2.8494e-01	-1.2132e-02	7.7021e-04	-2.2997e-04	-4.5339e-05	-3.7500e-04	1.8050e-02	-1.3580e-04
-1.0927e-03	-5.3087e-04	7.4832e-04	1.9589e-02	2.7620e-01	-2.4824e-02	-5.0996e-04	2.8145e-04	-1.0300e-06	1.1212e-03	-8.7490e-03	-1.2693e-02
-1.0692e-03	-8.6136e-04	5.5926e-04	1.0544e-02	2.2343e-01	-4.2353e-02	2.3510e-05	-3.3049e-04	-1.8906e-04	-9.0451e-03	-5.2766e-02	-1.7528e-02
-9.7896e-04	-5.0942e-04	5.5926e-04	7.3235e-03	3.0152e-01	-5.9966e-02	9.0270e-05	3.5195e-04	0.0000e+00	-3.2206e-03	7.8089e-02	-1.7613e-02
-1.2348e-03	-8.6136e-04	6.1460e-04	7.2953e-03	2.5040e-01	-2.0854e-02	-2.5581e-04	-3.5195e-04	5.5342e-05	-2.8220e-05	-5.1117e-02	3.9112e-02
-5.9716e-04	-4.0420e-04	5.5926e-04	7.3241e-03	2.6724e-01	-4.5932e-02	6.3761e-04	4.5716e-04	-5.5342e-05	2.8870e-05	1.6843e-02	-2.5078e-02
-8.6753e-04	-5.1339e-04	5.5926e-04	7.3076e-03	2.6727e-01	-3.6557e-02	-2.7037e-04	-1.0919e-04	0.0000e+00	-1.6570e-05	2.3000e-05	9.3746e-03
-8.6753e-04	-8.6136e-04	4.4660e-04	7.2722e-03	2.1169e-01	-2.9696e-02	0.0000e+00	-3.4797e-04	-1.1266e-04	-3.5380e-05	-5.5579e-02	6.8609e-03
-7.2313e-04	-5.6762e-04	5.5926e-04	7.3316e-03	2.6128e-01	-6.7810e-02	1.4440e-04	2.9374e-04	1.1266e-04	5.9400e-05	4.9588e-02	-3.8114e-02
-1.1286e-03	-3.3379e-04	4.9363e-04	2.4910e-02	2.3730e-01	-3.9152e-02	-4.0551e-04	2.3383e-04	-6.5628e-05	1.7579e-02	-2.3981e-02	2.8658e-02
-6.9347e-04	-7.0984e-04	3.4335e-04	7.2475e-03	2.2896e-01	-3.9283e-02	4.3517e-04	-3.7605e-04	-1.5028e-04	-1.7663e-02	-8.3370e-03	-1.3130e-04
-1.1344e-03	-2.7451e-04	2.2444e-04	7.2448e-03	2.2900e-01	-2.4170e-02	-4.4093e-04	4.3534e-04	-1.1891e-04	-2.6600e-06	3.7000e-05	1.5113e-02
-6.4054e-04	-8.6136e-04	-5.5160e-05	7.1721e-03	1.8576e-01	-2.7457e-02	4.9386e-04	-5.8686e-04	-2.7960e-04	-7.2790e-05	-4.3232e-02	-3.2864e-03
-8.3094e-04	-8.6136e-04	9.2974e-05	7.1916e-03	2.2768e-01	-4.6630e-02	-1.9040e-04	0.0000e+00	1.4813e-04	1.9530e-05	4.1916e-02	-1.9173e-02
-1.0014e-03	-6.8353e-04	-3.1884e-06	-2.1648e-02	1.7816e-01	-2.9880e-02	-1.7048e-04	1.7783e-04	-9.6163e-05	-2.8840e-02	-4.9518e-02	1.6750e-02
-5.1975e-04	-4.8894e-04	-5.5160e-05	-2.1643e-02	2.0992e-01	-3.8716e-02	4.8167e-04	1.9458e-04	-5.1971e-05	5.1000e-06	3.1761e-02	-8.8362e-03
-8.3936e-04	-3.9957e-04	-5.5160e-05	-1.5658e-02	1.9785e-01	-6.5617e-03	-3.1960e-04	8.9378e-05	0.0000e+00	5.9854e-03	-1.2073e-02	3.2154e-02
-3.7088e-04	-8.6136e-04	-2.0383e-04	-2.1688e-02	1.9785e-01	-2.9955e-02	4.6848e-04	-4.6180e-04	-1.4867e-04	-6.0300e-03	5.0000e-06	-2.3394e-02
-5.3930e-04	-5.0972e-04	-5.5160e-05	-2.3986e-03	1.9787e-01	-2.9947e-02	-1.6842e-04	3.5164e-04	1.4867e-04	1.9289e-02	2.0000e-05	8.4000e-06
-5.0871e-04	-8.6136e-04	-2.5004e-04	-1.4243e-02	1.5959e-01	-2.1846e-02	3.0588e-05	-3.5164e-04	-1.9488e-04	-1.1844e-02	-3.8289e-02	8.1005e-03
-4.8550e-04	-7.9631e-04	-5.5160e-05	-2.4266e-03	2.0620e-01	-4.1894e-02	2.3214e-05	6.5055e-05	1.9488e-04	1.1816e-02	4.6614e-02	-2.0048e-02
-8.9595e-04	-8.6136e-04	-2.1345e-04	-4.9772e-04	1.3794e-01	-2.2696e-03	-4.1045e-04	-6.5055e-05	-1.5829e-04	1.9289e-03	-6.8261e-02	3.9625e-02
-2.0587e-04	-7.7559e-04	-5.5160e-05	-9.0871e-04	1.6436e-01	-3.5730e-02	6.9008e-04	8.5773e-05	1.5829e-04	-4.1098e-04	2.6422e-02	-3.3460e-02
-4.7193e-04	-8.6136e-04	-5.5160e-05	1.3991e-02	1.6326e-01	-2.8778e-02	-2.6607e-04	-8.5773e-05	0.0000e+00	1.4899e-02	-1.0970e-03	6.9522e-03
-3.6218e-04	-8.6136e-04	-5.5160e-05	8.0710e-03	1.2654e-01	-2.6100e-02	1.0975e-04	0.0000e+00	0.0000e+00	-5.9196e-03	-3.6719e-02	2.6779e-03
-3.4961e-04	-8.6136e-04	-5.5160e-05	-7.8747e-03	1.5907e-01	-2.6094e-02	1.2569e-05	0.0000e+00	0.0000e+00	-1.5946e-02	3.2521e-02	6.1000e-06
-2.4170e-04	-8.6136e-04	-2.1918e-04	-7.8793e-03	1.2010e-01	-1.8454e-02	1.0791e-04	0.0000e+00	-1.6402e-04	-4.6300e-06	-3.8968e-02	7.6391e-03
-1.3417e-04	-8.6136e-04	-5.5160e-05	-8.2372e-03	1.6589e-01	-3.9199e-02	1.0753e-04	0.0000e+00	1.6402e-04	-3.5793e-04	4.5796e-02	-2.0744e-02
-6.5949e-04	-6.5740e-04	-5.5160e-05	-5.4907e-03	1.1482e-01	-9.7747e-03	-5.2532e-04	2.0396e-04	0.0000e+00	2.7465e-03	-5.1078e-02	2.9424e-02
-4.9887e-05	-8.6136e-04	1.0989e-04	9.5787e-03	1.4387e-01	-2.9247e-02	6.0960e-04	-2.0396e-04	1.6505e-04	1.5069e-02	2.9058e-02	-1.9472e-02
-4.5680e-04	-8.6136e-04	-5.5160e-05	9.5639e-03	1.2257e-01	-1.0696e-03	-4.0691e-04	0.0000e+00	-1.6505e-04	-1.4850e-05	-2.1301e-02	2.8177e-02
6.7261e-05	-8.6136e-04	-5.5160e-05	-1.1439e-02	1.1251e-01	-1.7878e-02	5.2406e-04	0.0000e+00	0.0000e+00	-2.1003e-02	-1.0066e-02	-1.6808e-02
6.7261e-05	-4.1826e-04	-1.1222e-04	-3.1335e-03	1.3217e-01	-1.7889e-02	0.0000e+00	4.4311e-04	-5.7059e-05	8.3052e-03	1.9666e-02	-1.1400e-05
6.7261e-05	-8.6136e-04	-5.5160e-05	-1.1439e-02	8.4776e-02	4.5139e-03	0.0000e+00	-4.4311e-04	5.7059e-05	-8.3052e-03	-4.7396e-02	2.2403e-02
6.7261e-05	-5.0277e-04	-5.5160e-05	5.0808e-03	1.2932e-01	-1.7891e-02	0.0000e+00	3.5860e-04	0.0000e+00	1.6520e-02	4.4548e-02	-2.2405e-02
6.7261e-05	-6.9362e-04	-5.5160e-05	5.0793e-03	9.8284e-02	-1.7876e-02	0.0000e+00	-1.9085e-04	0.0000e+00	-1.4900e-06	-3.1040e-02	1.5300e-05
-1.8309e-05	-8.6137e-04	-5.5160e-05	5.0694e-03	1.1226e-01	-3.0111e-02	-8.5571e-05	-1.6774e-04	0.0000e+00	-9.9400e-06	1.3973e-02	-1.2235e-02
-4.1716e-04	-8.6137e-04	-5.5160e-05	5.0694e-03	6.7458e-02	-1.2163e-03	-3.9885e-04	0.0000e+00	0.0000e+00	0.0000e+00	-4.4799e-02	2.8895e-02
5.5951e-04	-7.0150e-04	-5.5160e-05	5.0817e-03	8.9185e-02	-4.1460e-02	9.7668e-04	1.5986e-04	0.0000e+00	1.2280e-05	2.1727e-02	-4.0244e-02
5.5690e-05	-4.7504e-04	-5.5160e-05	5.0851e-03	1.0100e-01	-2.0007e-02	-5.0382e-04	2.2646e-04	0.0000e+00	3.3900e-06	1.1816e-02	2.1453e-02
-4.0033e-05	-8.6137e-04	-5.5160e-05	5.0694e-03	4.4601e-02	-6.2914e-03	-9.5722e-05	-3.8633e-04	0.0000e+00	-1.5670e-05	-5.6400e-02	1.3716e-02
3.9145e-04	-6.5391e-04	2.0766e-05	8.7344e-03	9.0448e-02	-4.0695e-02	4.3148e-04	2.0746e-04	7.5926e-05	3.6650e-03	4.5847e-02	-3.4403e-02
1.4911e-05	-7.1032e-04	-5.5160e-05	5.0738e-03	7.1090e-02	-6.4425e-03	-3.7654e-04	-5.6409e-05	-7.5926e-05	-3.6606e-03	-1.9358e-02	3.4252e-02
8.3544e-04	-4.0544e-04	-5.5160e-05	5.0826e-03	1.1112e-01	-3.5826e-02	8.2053e-04	3.0488e-04	0.0000e+00	8.8000e-06	4.0032e-02	-2.9383e-02
-1.9176e-04	-4.0544e-04	-5.5160e-05	5.0826e-03	4.9759e-02	8.2975e-03	-1.0272e-03	0.0000e+00	0.0000e+00	0.0000e+00	-6.1363e-02	4.4123e-02
4.5242e-04	-4.0544e-04	-5.5160e-05	5.0826e-03	4.9743e-02	-2.4498e-02	6.4418e-04	0.0000e+00	0.0000e+00	0.0000e+00	-1.6900e-05	-3.2795e-02
4.5648e-05	-3.5491e-04	-5.5160e-05	5.0830e-03	8.3697e-02	-3.9565e-03	-4.0677e-04	5.0529e-05	0.0000e+00	4.7000e-07	3.3955e-02	2.0541e-02
-1.6897e-04	-4.0544e-04	-2.0240e-04	5.0805e-03	1.0455e-02	-3.9686e-03	-2.1462e-04	-5.0529e-05	-1.4724e-04	-2.5400e-06	-7.3243e-02	-1.2030e-05
4.5242e-04	-3.4825e-04	-5.1054e-05	5.0716e-03	5.1107e-02	-4.3922e-02	6.2139e-04	5.7187e-05	1.5135e-04	-8.8600e-06	4.0652e-02	-3.9953e-02
4.0210e-05	1.6522e-06	-1.0341e-05	5.0791e-03	5.5006e-02	-1.7963e-02	-4.1221e-04	3.4991e-04	4.0712e-05	7.4800e-06	3.8990e-03	2.5959e-02
6.2958e-05	-0.0000e+00	3.6169e-05	5.0929e-03	4.9857e-02	-1.5999e-02	2.2749e-05	-1.6522e-06	4.6510e-05	1.3790e-05	-5.1483e-03	1.9634e-03
-3.3087e-24	-8.1299e-05	3.5168e-04	5.1068e-03	3.0742e-02	2.0797e-02	-6.2958e-05	-8.1299e-05	3.1551e-04	1.3890e-05	-1.9115e-02	3.6796e-02
1.2214e-04	-1.1443e-04	2.9305e-05	5.0917e-03	1.9023e-02	-1.5430e-02	1.2214e-04	-3.3133e-05	-3.2238e-04	-1.5050e-05	-1.1719e-02	-3.6227e-02
5.2529e-05	-2.2240e-24	3.2821e-04	7.8708e-03	4.0666e-02	-3.4947e-03	-6.9607e-05	1.1443e-04	2.9890e-04	2.7790e-03	2.1643e-02	1.1935e-02
0.0000e+00	-0.0000e+00	0.0000e+00	5.1000e-03	-2.6873e-02	7.6458e-03	-5.2529e-05	2.2240e-24	-3.2821e-04	-2.7708e-03	-6.7539e-02	1.1140e-02
0.0000e+00	1.1448e-04	0.0000e+00	-3.6959e-03	2.0695e-02	-2.4472e-02	0.0000e+00	1.1448e-04	0.0000e+00	-8.7959e-03	4.7568e-02	-3.2118e-02
0.0000e+00	2.9122e-04	-2.1014e-04	-9.2218e-03	-2.5907e-02	1.7510e-02	0.0000e+00	1.7674e-04	-2.1014e-04	-5.5259e-03	-4.6603e-02	4.1982e-02
7.6098e-05	1.6010e-04	1.6544e-24	-6.3103e-03	3.5501e-03	-3.5474e-02	7.6098e-05	-1.3111e-04	2.1014e-04	2.9115e-03	2.9457e-02	-5.2984e-02
-4.3882e-04	-0.0000e+00	-5.4673e-05	-3.6138e-06	-8.8845e-03	1.8725e-02	-5.1492e-04	-1.6010e-04	-5.4673e-05	6.3066e-03	-1.2435e-02	5.4199e-02
3.9807e-04	-1.7029e-04	0.0000e+00	8.9019e-07	-5.3946e-03	-2.1390e-05	8.3688e-04	-1.7029e-04	5.4673e-05	4.5040e-06	3.4899e-03	-1.8746e-02
0.0000e+00	-0.0000e+00	0.0000e+00	0.0000e+00	0.0000e+00	0.0000e+00	-3.9807e-04	1.7029e-04	0.0000e+00	-8.9019e-07	5.3946e-03	2.1390e-05
-4.5372e-04	2.2172e-04	-4.4693e-04	-2.2239e-02	-7.1591e-02	4.7386e-03	-4.5372e-04	2.2172e-04	-4.4693e-04	-2.2239e-02	-7.1591e-02	4.7386e-03
1.2499e-04	3.7658e-04	-1.7372e-04	-1.6573e-02	-2.4777e-02	-1.4044e-02	5.7871e-04	1.5486e-04	2.7321e-04	5.6655e-03	4.6814e-02	-1.8783e-02
-6.6818e-04	-2.6470e-23	-3.3770e-04	-1.0855e-02	-3.8417e-02	1.7685e-02	-7.9317e-04	-3.7658e-04	-1.6398e-04	5.7185e-03	-1.3640e-02	3.1730e-02
1.9897e-04	1.1617e-04	-4.4693e-04	-2.2256e-02	-2.6155e-02	-1.2629e-05	8.6715e-04	1.1617e-04	-1.0923e-04	-1.1401e-02	1.2262e-02	-1.7698e-02
-4.1138e-04	1.8553e-04	-4.4693e-04	-1.9360e-02	-4.0604e-02	8.9263e-03	-6.1035e-04	6.9362e-05	0.0000e+00	2.8960e-03	-1.4448e-02	8.9389e-03
-1.1368e-04	6.6493e-05	-7.2706e-05	-1.3500e-02	-4.6669e-02	-5.6633e-03	2.9770e-04	-1.1904e-04	3.7423e-04	5.8600e-03	-6.0654e-03	-1.4590e-02
-2.7350e-04	6.6493e-05	-4.4693e-04	-2.2252e-02	-6.6142e-02	-4.8371e-06	-1.5982e-04	0.0000e+00	-3.7423e-04	-8.7520e-03	-1.9473e-02	5.6585e-03
1.0977e-05	4.1339e-04	-6.4938e-05	-8.9601e-03	-5.5245e-02	-1.9115e-02	2.8447e-04	3.4690e-04	3.8199e-04	1.3292e-02	1.0897e-02	-1.9110e-02
-4.3428e-04	5.4977e-04	-1.4611e-04	-1.5408e-02	-6.7588e-02	3.0816e-02	-4.4526e-04	1.3637e-04	-8.1175e-05	-6.4479e-03	-1.2343e-02	4.9931e-02
-1.7648e-04	4.7649e-04	-1.0103e-04	-9.0965e-03	-6.4741e-02	-1.1092e-03	2.5780e-04	-7.3273e-05	4.5085e-05	6.3115e-03	2.8476e-03	-3.1925e-02
-3.9093e-04	6.2231e-04	-8.2758e-05	-6.9858e-03	-4.5967e-02	2.2905e-02	-2.1445e-04	1.4582e-04	1.8270e-05	2.1107e-03	1.8774e-02	2.4014e-02
-6.5121e-04	5.9782e-04	-4.3255e-04	-1.0838e-02	-1.0869e-01	9.6271e-03	-2.6028e-04	-2.4490e-05	-3.4979e-04	-3.8526e-03	-6.2718e-02	-1.3277e-02
-2.6501e-04	6.7403e-04	-8.2758e-05	-7.3178e-03	-6.6864e-02	9.6484e-03	3.8620e-04	7.6213e-05	3.4979e-04	3.5206e-03	4.1821e-02	2.1240e-05
-6.7831e-04	8.0934e-04	-4.1307e-04	-1.8234e-02	-1.1848e-01	9.5992e-03	-4.1330e-04	1.3531e-04	-3.3031e-04	-1.0916e-02	-5.1612e-02	-4.9170e-05
-4.3837e-04	8.1634e-04	-8.2758e-05	-1.8234e-02	-8.4807e-02	-7.0901e-03	2.3994e-04	6.9980e-06	3.3031e-04	1.0000e-07	3.3669e-02	-1.6689e-02
-8.0486e-04	1.1889e-03	-8.2758e-05	-2.0313e-02	-1.1188e-01	1.2279e-02	-3.6649e-04	3.7260e-04	0.0000e+00	-2.0791e-03	-2.7071e-02	1.9369e-02
-3.9394e-04	1.1889e-03	-8.2758e-05	-1.8228e-02	-9.8000e-02	-7.1052e-03	4.1093e-04	0.0000e+00	0.0000e+00	2.0851e-03	1.3878e-02	-1.9384e-02
-8.8086e-04	1.1063e-03	-2.9886e-04	-1.3351e-02	-1.0923e-01	3.6408e-02	-4.8693e-04	-8.2680e-05	-2.1610e-04	4.8772e-03	-1.1229e-02	4.3513e-02
-3.2946e-04	1.1889e-03	-8.2758e-05	-1.8228e-02	-1.1949e-01	1.5339e-02	5.5140e-04	8.2680e-05	2.1610e-04	-4.8772e-03	-1.0257e-02	-2.1069e-02
-8.0486e-04	8.3526e-04	-8.2758e-05	-1.8215e-02	-1.1450e-01	2.9015e-02	-4.7540e-04	-3.5368e-04	0.0000e+00	1.3300e-05	4.9810e-03	1.3676e-02
-8.0486e-04	9.8465e-04	-5.1482e-04	-1.8184e-02	-1.5522e-01	1.7998e-02	0.0000e+00	1.4939e-04	-4.3207e-04	3.0500e-05	-4.0717e-02	-1.1017e-02
-8.0486e-04	1.1889e-03	-8.2758e-05	-1.8228e-02	-1.3720e-01	2.8999e-02	0.0000e+00	2.0429e-04	4.3207e-04	-4.3800e-05	1.8021e-02	1.1001e-02
2.2248e-04	1.1889e-03	-8.2758e-05	-1.8228e-02	-1.3664e-01	-6.1805e-04	1.0273e-03	0.0000e+00	0.0000e+00	0.0000e+00	5.6500e-04	-2.9617e-02
-6.5965e-04	1.1889e-03	-8.2758e-05	-1.8228e-02	-1.3211e-01	1.4162e-02	-8.8213e-04	0.0000e+00	0.0000e+00	0.0000e+00	4.5300e-03	1.4780e-02
-6.5965e-04	1.2644e-03	-2.6808e-04	-1.8216e-02	-1.6647e-01	6.6026e-03	0.0000e+00	7.5470e-05	-1.8533e-04	1.2300e-05	-3.4367e-02	-7.5592e-03
-5.4916e-04	1.1889e-03	-3.0433e-04	-2.4462e-02	-1.3438e-01	8.0604e-03	1.1049e-04	-7.5470e-05	-3.6242e-05	-6.2464e-03	3.2090e-02	1.4578e-03
-7.8043e-04	1.2920e-03	-5.1066e-04	-3.0587e-02	-1.9138e-01	4.7322e-02	-2.3127e-04	1.0308e-04	-2.0633e-04	-6.1251e-03	-5.6996e-02	3.9261e-02
-2.0190e-04	1.1889e-03	-1.9100e-04	-3.2120e-02	-1.5053e-01	1.9397e-02	5.7853e-04	-1.0308e-04	3.1966e-04	-1.5324e-03	4.0845e-02	-2.7925e-02
-6.5965e-04	1.1889e-03	-1.6899e-04	-1.8219e-02	-1.7795e-01	5.3559e-02	-4.5775e-04	0.0000e+00	2.2007e-05	1.3901e-02	-2.7415e-02	3.4162e-02
-3.1157e-04	1.4042e-03	-4.1210e-04	-4.1078e-02	-1.8729e-01	1.7512e-03	3.4808e-04	2.1527e-04	-2.4311e-04	-2.2859e-02	-9.3430e-03	-5.1808e-02
-6.0616e-04	1.1889e-03	-8.2758e-05	-2.2787e-02	-1.5825e-01	2.3200e-02	-2.9459e-04	-2.1527e-04	3.2934e-04	1.8291e-02	2.9040e-02	2.1449e-02
-2.4066e-04	1.3011e-03	-8.2758e-05	-2.2788e-02	-1.8724e-01	2.3242e-02	3.6550e-04	1.1214e-04	0.0000e+00	-1.9000e-06	-2.8991e-02	4.2100e-05
-6.5965e-04	1.1889e-03	-8.2758e-05	-2.2787e-02	-1.7489e-01	1.3123e-02	-4.1898e-04	-1.1214e-04	0.0000e+00	1.9000e-06	1.2351e-02	-1.0120e-02
-8.1314e-04	1.1889e-03	-5.0561e-04	-4.0101e-02	-2.1270e-01	2.4150e-02	-1.5349e-04	0.0000e+00	-4.2285e-04	-1.7315e-02	-3.7808e-02	1.1027e-02
-2.2999e-04	1.3549e-03	-3.8515e-04	-4.2258e-02	-1.7803e-01	7.6587e-03	5.8315e-04	1.6594e-04	1.2045e-04	-2.1565e-03	3.4665e-02	-1.6491e-02
-8.4067e-04	1.5045e-03	-4.3037e-04	-3.2658e-02	-2.1485e-01	4.4810e-02	-6.1068e-04	1.4959e-04	-4.5214e-05	9.5995e-03	-3.6816e-02	3.7151e-02
-2.6905e-04	1.5696e-03	-5.1543e-04	-4.2232e-02	-2.0488e-01	2.1145e-02	5.7162e-04	6.5120e-05	-8.5058e-05	-9.5739e-03	9.9740e-03	-2.3664e-02
-9.4890e-04	1.7382e-03	-5.2107e-04	-4.2286e-02	-2.0960e-01	6.0710e-02	-6.7985e-04	1.6861e-04	-5.6450e-06	-5.3900e-05	-4.7250e-03	3.9564e-02
-4.2730e-04	1.6723e-03	-5.0436e-04	-4.2272e-02	-2.1134e-01	2.9726e-02	5.2161e-04	-6.5940e-05	1.6707e-05	1.3700e-05	-1.7380e-03	-3.0984e-02
-8.9615e-04	1.9806e-03	-8.2758e-05	-4.2392e-02	-2.1004e-01	5.4332e-02	-4.6885e-04	3.0830e-04	4.2161e-04	-1.1930e-04	1.3030e-03	2.4606e-02
-4.0951e-04	2.0032e-03	-5.0183e-04	-4.2384e-02	-2.4148e-01	3.6926e-02	4.8664e-04	2.2680e-05	-4.1907e-04	7.4000e-06	-3.1443e-02	-1.7407e-02
-7.6675e-04	2.1405e-03	-4.2657e-04	-4.9216e-02	-2.2163e-01	2.9303e-02	-3.5724e-04	1.3729e-04	7.5256e-05	-6.8316e-03	1.9852e-02	-7.6230e-03
-6.9576e-04	2.0623e-03	-6.0377e-04	-4.2374e-02	-2.7416e-01	2.7135e-02	7.0987e-05	-7.8270e-05	-1.7720e-04	6.8416e-03	-5.2530e-02	-2.1679e-03
-5.2295e-04	1.9333e-03	-2.9910e-04	-4.2396e-02	-2.1882e-01	1.8891e-02	1.7281e-04	-1.2896e-04	3.0467e-04	-2.1800e-05	5.5341e-02	-8.2438e-03
-7.6675e-04	1.8841e-03	-8.2758e-05	-4.2384e-02	-2.3562e-01	5.2827e-02	-2.4380e-04	-4.9240e-05	2.1634e-04	1.1600e-05	-1.6802e-02	3.3936e-02
-4.1179e-04	1.8801e-03	-5.1906e-04	-4.2355e-02	-2.8094e-01	3.7297e-02	3.5496e-04	-3.9300e-06	-4.3630e-04	2.9400e-05	-4.5322e-02	-1.5530e-02
-7.6675e-04	1.9042e-03	-2.0563e-04	-4.0272e-02	-2.4948e-01	3.7258e-02	-3.5496e-04	2.4050e-05	3.1343e-04	2.0835e-03	3.1459e-02	-3.8700e-05
-7.6675e-04	1.9679e-03	-4.9719e-04	-5.1098e-02	-2.8098e-01	4.4516e-02	0.0000e+00	6.3740e-05	-2.9157e-04	-1.0826e-02	-3.1501e-02	7.2573e-03
-7.6675e-04	2.1910e-03	-2.2619e-04	-4.2381e-02	-2.6019e-01	3.7239e-02	0.0000e+00	2.2305e-04	2.7101e-04	8.7166e-03	2.0797e-02	-7.2771e-03
-3.9659e-04	1.9679e-03	-5.8712e-04	-4.2324e-02	-2.9100e-01	3.0212e-02	3.7016e-04	-2.2305e-04	-3.6094e-04	5.7600e-05	-3.0814e-02	-7.0266e-03
-7.6675e-04	1.9679e-03	-2.7002e-04	-4.2380e-02	-2.5755e-01	2.3775e-02	-3.7016e-04	0.0000e+00	3.1711e-04	-5.6700e-05	3.3450e-02	-6.4373e-03
-8.9751e-04	1.8943e-03	-5.6858e-04	-4.2325e-02	-3.0203e-01	3.7243e-02	-1.3076e-04	-7.3650e-05	-2.9856e-04	5.5400e-05	-4.4484e-02	1.3469e-02
-5.9664e-04	1.9679e-03	-2.3916e-04	-4.2386e-02	-2.6348e-01	3.7273e-02	3.0087e-04	7.3650e-05	3.2942e-04	-6.0800e-05	3.8554e-02	2.9400e-05
-7.6675e-04	1.9679e-03	-4.7784e-04	-4.2344e-02	-3.1396e-01	6.7606e-02	-1.7011e-04	0.0000e+00	-2.3868e-04	4.1500e-05	-5.0477e-02	3.0334e-02
-3.4498e-04	1.9679e-03	-5.1256e-04	-4.2332e-02	-3.0232e-01	2.2491e-02	4.2177e-04	0.0000e+00	-3.4718e-05	1.2600e-05	1.1642e-02	-4.5115e-02
-6.8084e-04	2.1221e-03	-5.6503e-04	-4.2340e-02	-3.1006e-01	4.2442e-02	-3.3586e-04	1.5414e-04	-5.2475e-05	-7.9000e-06	-7.7470e-03	1.9950e-02
-3.1284e-04	2.1026e-03	-3.7421e-04	-4.8531e-02	-2.8700e-01	5.4404e-03	3.6800e-04	-1.9430e-05	1.9082e-04	-6.1913e-03	2.3066e-02	-3.7001e-02
-7.6675e-04	2.1867e-03	-4.5606e-04	-4.2359e-02	-3.3094e-01	3.7256e-02	-4.5391e-04	8.4060e-05	-8.1849e-05	6.1714e-03	-4.3942e-02	3.1816e-02
-4.8747e-04	2.3543e-03	-2.9028e-04	-4.2383e-02	-3.0227e-01	8.4203e-03	2.7927e-04	1.6758e-04	1.6578e-04	-2.3200e-05	2.8668e-02	-2.8836e-02
-1.0979e-03	2.5953e-03	-4.1263e-04	-4.2406e-02	-3.2168e-01	3.7165e-02	-6.1042e-04	2.4105e-04	-1.2234e-04	-2.3500e-05	-1.9409e-02	2.8745e-02
-5.9083e-04	2.4689e-03	-5.6834e-04	-4.2349e-02	-3.3932e-01	2.0900e-02	5.0706e-04	-1.2639e-04	-1.5571e-04	5.7300e-05	-1.7637e-02	-1.6265e-02
-6.1909e-04	2.5390e-03	-4.4882e-04	-4.2398e-02	-3.1682e-01	3.7251e-02	-2.8259e-05	7.0100e-05	1.1952e-04	-4.9500e-05	2.2497e-02	1.6350e-02
-6.7985e-04	2.3749e-03	-8.8511e-04	-5.3917e-02	-3.6133e-01	4.5613e-02	-6.0758e-05	-1.6408e-04	-4.3629e-04	-1.1519e-02	-4.4511e-02	8.3624e-03
-6.2982e-04	2.4308e-03	-5.7638e-04	-5.1618e-02	-3.3141e-01	3.7275e-02	5.0029e-05	5.5850e-05	3.0874e-04	2.2988e-03	2.9919e-02	-8.3377e-03
-9.0164e-04	2.6672e-03	-5.7638e-04	-4.7302e-02	-3.8768e-01	3.7209e-02	-2.7182e-04	2.3635e-04	0.0000e+00	4.3167e-03	-5.6272e-02	-6.6400e-05
-6.8802e-04	2.5729e-03	-4.2701e-04	-4.2409e-02	-3.4954e-01	3.7245e-02	2.1362e-04	-9.4270e-05	1.4936e-04	4.8933e-03	3.8147e-02	3.6200e-05
-8.5804e-04	2.6672e-03	-6.5653e-04	-4.2360e-02	-3.9137e-01	4.3643e-02	-1.7001e-04	9.4270e-05	-2.2952e-04	4.8100e-05	-4.1837e-02	6.3979e-03
-7.4390e-04	2.4998e-03	-3.9081e-04	-4.2390e-02	-3.3344e-01	3.7221e-02	1.1414e-04	-1.6739e-04	2.6572e-04	-2.9600e-05	5.7930e-02	-6.4223e-03
-1.0348e-03	2.6672e-03	-3.6039e-04	-4.2417e-02	-3.9796e-01	5.8304e-02	-2.9087e-04	1.6739e-04	3.0422e-05	-2.6600e-05	-6.4517e-02	2.1083e-02
-6.7825e-04	2.6672e-03	-5.5938e-04	-4.7986e-02	-3.5898e-01	4.7283e-02	3.5652e-04	0.0000e+00	-1.9899e-04	-5.5694e-03	3.8976e-02	-1.1020e-02
-1.0609e-03	2.5549e-03	-7.1143e-04	-4.2348e-02	-4.1116e-01	8.1209e-02	-3.8270e-04	-1.1230e-04	-1.5205e-04	5.6376e-03	-5.2174e-02	3.3925e-02
-4.5921e-04	2.6672e-03	-5.1733e-04	-4.2386e-02	-3.9165e-01	4.3630e-02	6.0174e-04	1.1230e-04	1.9411e-04	-3.7300e-05	1.9507e-02	-3.7579e-02
-1.1140e-03	2.6672e-03	-4.3547e-04	-3.3089e-02	-3.9927e-01	8.0923e-02	-6.5482e-04	0.0000e+00	8.1861e-05	9.2965e-03	-7.6240e-03	3.7293e-02
-5.1228e-04	2.6672e-03	-3.0208e-04	-3.9599e-02	-4.3215e-01	6.0232e-02	6.0175e-04	0.0000e+00	1.3338e-04	-6.5096e-03	-3.2872e-02	-2.0691e-02
-7.3242e-04	2.6672e-03	-5.6954e-04	-4.2384e-02	-4.0098e-01	7.5181e-02	-2.2014e-04	0.0000e+00	-2.6745e-04	-2.7853e-03	3.1163e-02	1.4949e-02
-9.1984e-04	3.1491e-03	-8.1938e-04	-4.2365e-02	-4.5178e-01	8.2006e-02	-1.8742e-04	4.8194e-04	-2.4985e-04	1.9100e-05	-5.0798e-02	6.8251e-03
-9.3802e-04	3.1677e-03	-5.7692e-04	-4.2431e-02	-4.1046e-01	7.5081e-02	-1.8186e-05	1.8590e-05	2.4247e-04	-6.5500e-05	4.1322e-02	-6.9249e-03
-1.1672e-03	3.1579e-03	-7.1608e-04	-5.5334e-02	-4.5516e-01	1.1826e-01	-2.2917e-04	-9.7800e-06	-1.3916e-04	-1.2903e-02	-4.4701e-02	4.3184e-02
-6.9974e-04	3.2850e-03	-5.3973e-04	-4.7525e-02	-4.1821e-01	6.1587e-02	4.6745e-04	1.2713e-04	1.7635e-04	7.8088e-03	3.6955e-02	-5.6678e-02
-1.1672e-03	3.3772e-03	-7.5526e-04	-4.2408e-02	-4.5169e-01	1.1155e-01	-4.6745e-04	9.2200e-05	-2.1553e-04	5.1176e-03	-3.3481e-02	4.9963e-02
-3.0827e-04	2.9290e-03	-7.4064e-04	-4.2373e-02	-4.3755e-01	7.1884e-02	8.5892e-04	-4.4822e-04	1.4612e-05	3.4500e-05	1.4137e-02	-3.9666e-02
-5.3199e-04	3.3468e-03	-5.5692e-04	-4.2442e-02	-4.5097e-01	1.1002e-01	-2.2372e-04	4.1781e-04	1.8372e-04	-6.8900e-05	-1.3418e-02	3.8135e-02
2.5912e-04	3.2823e-03	-7.2253e-04	-2.6106e-02	-4.8050e-01	9.6231e-02	7.9111e-04	-6.4550e-05	-1.6561e-04	1.6336e-02	-2.9535e-02	-1.3788e-02
-1.2028e-04	3.2104e-03	-3.0209e-04	-3.5955e-02	-4.2863e-01	8.1650e-02	-3.7939e-04	-7.1870e-05	4.2044e-04	-9.8491e-03	5.1874e-02	-1.4581e-02
-5.3199e-04	3.2823e-03	-5.9763e-04	-3.6850e-02	-4.8147e-01	9.2635e-02	-4.1172e-04	7.1870e-05	-2.9555e-04	-8.9510e-04	-5.2846e-02	1.0985e-02
-2.8283e-04	3.0656e-03	-4.4598e-04	-3.2253e-02	-4.5708e-01	5.9696e-02	2.4916e-04	-2.1671e-04	1.5165e-04	4.5975e-03	2.4393e-02	-3.2939e-02
-8.7761e-05	3.2823e-03	-3.0209e-04	-2.4912e-02	-4.5946e-01	8.4624e-02	1.9507e-04	2.1671e-04	1.4390e-04	7.3404e-03	-2.3810e-03	2.4928e-02
-6.5608e-05	3.2823e-03	-5.5698e-04	-3.0951e-02	-4.9890e-01	8.4636e-02	2.2153e-05	1.0000e-08	-2.5490e-04	-6.0384e-03	-3.9438e-02	1.2000e-05
-3.9342e-04	3.4696e-03	-3.8157e-04	-4.3323e-02	-4.5128e-01	6.4409e-02	-3.2781e-04	1.8733e-04	1.7542e-04	-1.2372e-02	4.7625e-02	-2.0227e-02
-5.3199e-04	3.2823e-03	-6.3456e-04	-4.3248e-02	-4.9113e-01	1.0987e-01	-1.3857e-04	-1.8733e-04	-2.5300e-04	7.5600e-05	-3.9851e-02	4.5463e-02
-8.7981e-05	3.2823e-03	-5.8608e-04	-3.9648e-02	-4.8995e-01	6.3124e-02	4.4401e-04	0.0000e+00	4.8485e-05	3.5994e-03	1.1760e-03	-4.6748e-02
-3.8105e-04	3.2823e-03	-4.4672e-04	-3.6061e-02	-4.6081e-01	5.4100e-02	-2.9307e-04	0.0000e+00	1.3936e-04	3.5876e-03	2.9141e-02	-9.0233e-03
-4.6833e-04	3.4750e-03	-5.1178e-04	-3.6946e-02	-5.1362e-01	9.2879e-02	-8.7275e-05	1.9273e-04	-6.5058e-05	-8.8500e-04	-5.2811e-02	3.8778e-02
1.8814e-04	3.2823e-03	-3.0209e-04	-2.6056e-02	-4.8822e-01	4.3624e-02	6.5647e-04	-1.9273e-04	2.0969e-04	1.0889e-02	2.5406e-02	-4.9254e-02
-2.4297e-04	3.2199e-03	-3.0209e-04	-2.0272e-02	-4.9582e-01	7.6446e-02	-4.3111e-04	-6.2370e-05	0.0000e+00	5.7846e-03	-7.6060e-03	3.2822e-02
5.7478e-05	3.4524e-03	-6.4528e-04	-3.4199e-02	-5.2966e-01	5.8610e-02	3.0044e-04	2.3253e-04	-3.4320e-04	-1.3927e-02	-3.3835e-02	-1.7836e-02
1.5608e-04	3.7124e-03	-4.6881e-04	-4.3221e-02	-4.8074e-01	4.4011e-02	9.8604e-05	2.6001e-04	1.7647e-04	-9.0225e-03	4.8919e-02	-1.4599e-02
