1.4212e-03	6.4058e-04	-8.8386e-05	-1.3150e-02	1.9678e-01	-2.8875e-03	0.0000e+00	0.0000e+00	0.0000e+00	0.0000e+00	0.0000e+00	0.0000e+00
1.2224e-03	8.8710e-04	-3.7343e-04	-2.1641e-02	1.8847e-01	-3.7376e-03	-1.9873e-04	2.4653e-04	-2.8504e-04	-8.4914e-03	-8.3070e-03	-8.5004e-04
1.2642e-03	5.3780e-04	-3.7343e-04	-3.5134e-02	1.8304e-01	4.5680e-02	4.1770e-05	-3.4930e-04	0.0000e+00	-1.3493e-02	-5.4360e-03	4.9418e-02
1.1516e-03	6.0568e-04	-3.7343e-04	-3.5137e-02	1.6039e-01	5.0335e-02	-1.1264e-04	6.7877e-05	0.0000e+00	-2.8000e-06	-2.2651e-02	4.6548e-03
9.6596e-04	8.4797e-04	-3.7343e-04	-3.5093e-02	1.8066e-01	2.6662e-03	-1.8562e-04	2.4230e-04	0.0000e+00	4.4400e-05	2.0269e-02	-4.7669e-02
1.1808e-03	6.3624e-04	-3.7343e-04	-3.5138e-02	1.8303e-01	2.6468e-02	2.1484e-04	-2.1173e-04	0.0000e+00	-4.5500e-05	2.3790e-03	2.3801e-02
8.8587e-04	2.4672e-04	-3.7343e-04	-3.5134e-02	1.6818e-01	4.9192e-02	-2.9493e-04	-3.8952e-04	0.0000e+00	4.5000e-06	-1.4856e-02	2.2725e-02
1.3253e-03	8.3433e-04	-3.7343e-04	-2.3093e-02	1.9674e-01	2.6475e-02	4.3947e-04	5.8761e-04	0.0000e+00	1.2041e-02	2.8559e-02	-2.2717e-02
5.8221e-04	3.3356e-04	-3.7343e-04	-3.5125e-02	1.8885e-01	2.6523e-02	-7.4313e-04	-5.0077e-04	0.0000e+00	-1.2032e-02	-7.8830e-03	4.7800e-05
5.8221e-04	5.2188e-04	-3.7343e-04	-1.3454e-02	1.6395e-01	2.6543e-02	0.0000e+00	1.8832e-04	0.0000e+00	2.1671e-02	-2.4904e-02	1.9800e-05
4.2351e-04	3.5596e-04	-1.5736e-04	1.7902e-04	1.7539e-01	6.3930e-03	-1.5870e-04	-1.6592e-04	2.1607e-04	1.3633e-02	1.1437e-02	-2.0150e-02
5.8221e-04	-1.5781e-04	-1.9886e-04	-1.3422e-02	1.9397e-01	3.8093e-02	1.5870e-04	-5.1377e-04	-4.1498e-05	-1.3601e-02	1.8584e-02	3.1699e-02
5.8585e-04	-1.3672e-05	-3.5723e-05	1.3238e-03	1.7350e-01	2.2174e-02	3.6430e-06	1.4414e-04	1.6314e-04	1.4746e-02	-2.0475e-02	-1.5918e-02
9.5351e-04	2.6560e-04	-3.1834e-04	-4.6746e-03	2.3453e-01	-5.8163e-02	3.6766e-04	2.7927e-04	-2.8262e-04	-5.9983e-03	6.1038e-02	-8.0338e-02
1.1697e-03	2.5283e-04	-4.1870e-05	-1.3211e-02	1.5767e-01	1.5458e-02	2.1622e-04	-1.2764e-05	2.7647e-04	-8.5364e-03	-7.6864e-02	7.3621e-02
6.2777e-04	2.4897e-04	2.0370e-04	5.6056e-03	1.3246e-01	4.3764e-02	-5.4196e-04	-3.8610e-06	2.4557e-04	1.8817e-02	-2.5211e-02	2.8307e-02
8.5630e-04	4.3181e-04	2.0370e-04	3.9201e-03	1.6819e-01	-2.0183e-02	2.2853e-04	1.8284e-04	0.0000e+00	-1.6854e-03	3.5734e-02	-6.3947e-02
5.2163e-04	3.0567e-04	-3.0979e-05	8.0794e-03	1.6830e-01	3.5071e-03	-3.3467e-04	-1.2614e-04	-2.3468e-04	4.1593e-03	1.0800e-04	2.3690e-02
5.9268e-05	-1.2598e-05	-1.2345e-04	-3.5378e-03	1.2548e-01	1.0184e-01	-4.6237e-04	-3.1827e-04	-9.2468e-05	-1.1617e-02	-4.2825e-02	9.8335e-02
1.2698e-04	-1.2598e-05	2.0370e-04	1.6715e-02	1.3823e-01	1.2173e-02	6.7710e-05	0.0000e+00	3.2714e-04	2.0253e-02	1.2752e-02	-8.9669e-02
4.8124e-03	1.4954e-03	2.0370e-04	1.0924e-02	1.6583e-01	-1.1812e-01	4.6855e-03	1.5080e-03	0.0000e+00	-5.7912e-03	2.7598e-02	-1.3029e-01
4.1488e-03	1.3273e-03	4.9404e-04	2.2482e-02	1.4153e-01	-6.4639e-02	-6.6361e-04	-1.6804e-04	2.9034e-04	1.1558e-02	-2.4294e-02	5.3480e-02
3.5256e-03	1.4680e-03	5.8514e-04	1.6901e-02	1.8750e-01	-1.1939e-01	-6.2318e-04	1.4070e-04	9.1101e-05	-5.5817e-03	4.5969e-02	-5.4753e-02
3.1201e-03	9.9872e-04	6.9753e-04	3.5292e-02	1.3249e-01	-2.3493e-02	-4.0559e-04	-4.6931e-04	1.1239e-04	1.8391e-02	-5.5013e-02	9.5899e-02
3.5256e-03	1.0908e-03	7.1934e-04	4.3959e-02	1.5741e-01	-6.9077e-02	4.0559e-04	9.2122e-05	2.1804e-05	8.6672e-03	2.4921e-02	-4.5584e-02
4.1020e-03	7.1676e-04	4.2759e-04	1.5192e-02	1.5098e-01	-1.4730e-01	5.7640e-04	-3.7408e-04	-2.9175e-04	-2.8767e-02	-6.4290e-03	-7.8226e-02
3.1714e-03	2.1702e-04	2.1937e-04	1.0658e-02	1.4491e-01	-4.7406e-02	-9.3062e-04	-4.9974e-04	-2.0822e-04	-4.5344e-03	-6.0750e-03	9.9897e-02
2.6264e-03	4.2873e-04	4.2759e-04	1.6313e-02	1.2909e-01	-2.7887e-02	-5.4499e-04	2.1171e-04	2.0822e-04	5.6545e-03	-1.5814e-02	1.9519e-02
2.4289e-03	4.2408e-04	4.2759e-04	1.2941e-02	1.7004e-01	-4.0765e-02	-1.9751e-04	-4.6490e-06	0.0000e+00	-3.3711e-03	4.0950e-02	-1.2878e-02
2.3348e-03	4.7206e-04	2.4110e-04	1.1440e-02	1.4521e-01	5.1955e-03	-9.4150e-05	4.7983e-05	-1.8650e-04	-1.5018e-03	-2.4827e-02	4.5960e-02
2.0520e-03	5.0207e-04	1.7785e-04	1.5241e-02	1.2455e-01	2.3490e-02	-2.8277e-04	3.0008e-05	-6.3243e-05	3.8016e-03	-2.0662e-02	1.8295e-02
1.7388e-03	7.6192e-04	2.9864e-04	1.2470e-02	1.4534e-01	-2.0948e-02	-3.1315e-04	2.5986e-04	1.2079e-04	-2.7715e-03	2.0788e-02	-4.4438e-02
9.9006e-04	6.2707e-04	1.2089e-04	5.2978e-03	1.3832e-01	2.8979e-02	-7.4879e-04	-1.3486e-04	-1.7775e-04	-7.1719e-03	-7.0190e-03	4.9927e-02
1.0557e-03	5.7151e-04	1.7693e-04	1.4781e-03	1.0604e-01	1.7107e-02	6.5663e-05	-5.5558e-05	5.6040e-05	-3.8198e-03	-3.2286e-02	-1.1873e-02
1.3847e-03	3.3970e-04	4.2759e-04	2.0236e-02	1.2347e-01	-8.4585e-02	3.2895e-04	-2.3181e-04	2.5066e-04	1.8758e-02	1.7431e-02	-1.0169e-01
4.3303e-03	8.0720e-05	-2.9583e-05	1.6596e-02	1.0140e-01	-1.2147e-01	2.9456e-03	-2.5898e-04	-4.5718e-04	-3.6400e-03	-2.2066e-02	-3.6881e-02
1.9405e-03	1.2401e-04	4.2759e-04	3.3961e-02	8.7493e-02	-8.8958e-04	-2.3898e-03	4.3290e-05	4.5718e-04	1.7366e-02	-1.3907e-02	1.2058e-01
2.2162e-03	3.7019e-04	4.2759e-04	2.4717e-02	1.1100e-01	-4.4237e-02	2.7573e-04	2.4618e-04	0.0000e+00	-9.2447e-03	2.3504e-02	-4.3347e-02
2.6639e-03	4.4464e-04	-8.7413e-05	1.7662e-02	1.2698e-01	-4.8578e-02	4.4774e-04	7.4456e-05	-5.1501e-04	-7.0552e-03	1.5979e-02	-4.3414e-03
2.1042e-03	2.2289e-04	1.3014e-04	1.8811e-02	1.0705e-01	-5.2572e-03	-5.5978e-04	-2.2176e-04	2.1756e-04	1.1491e-03	-1.9928e-02	4.3321e-02
2.3017e-03	4.4464e-04	1.4443e-04	1.4888e-02	1.2961e-01	-3.6994e-02	1.9750e-04	2.2176e-04	1.4285e-05	-3.9229e-03	2.2562e-02	-3.1737e-02
1.5985e-03	3.5191e-04	2.0407e-04	1.5791e-02	1.2965e-01	-1.1333e-02	-7.0312e-04	-9.2729e-05	5.9644e-05	9.0310e-04	3.6000e-05	2.5661e-02
1.2461e-03	4.4464e-04	1.3229e-04	1.4548e-02	9.5858e-02	3.2846e-02	-3.5239e-04	9.2729e-05	-7.1780e-05	-1.2433e-03	-3.3788e-02	4.4179e-02
1.0601e-03	2.2583e-04	-3.2055e-05	4.3018e-03	9.5855e-02	9.4268e-03	-1.8604e-04	-2.1881e-04	-1.6435e-04	-1.0246e-02	-2.8000e-06	-2.3419e-02
1.0601e-03	3.5583e-04	4.2759e-04	1.0529e-02	1.0772e-01	-1.9881e-02	0.0000e+00	1.3000e-04	4.5965e-04	6.2274e-03	1.1866e-02	-2.9308e-02
2.7948e-03	8.5366e-04	7.5146e-05	-1.2071e-02	9.5749e-02	-7.0834e-02	1.7347e-03	4.9782e-04	-3.5245e-04	-2.2600e-02	-1.1972e-02	-5.0953e-02
1.7824e-03	4.4464e-04	5.0431e-04	6.0068e-03	9.1778e-02	5.1668e-04	-1.0125e-03	-4.0901e-04	4.2917e-04	1.8078e-02	-3.9710e-03	7.1351e-02
1.7219e-03	3.7790e-04	2.8660e-04	1.2437e-02	9.8982e-02	-4.3516e-02	-6.0500e-05	-6.6739e-05	-2.1771e-04	6.4300e-03	7.2043e-03	-4.4033e-02
1.5824e-03	4.4464e-04	9.2269e-05	8.7441e-03	9.5956e-02	-3.0971e-02	-1.3944e-04	6.6739e-05	-1.9433e-04	-3.6927e-03	-3.0262e-03	1.2545e-02
1.0045e-03	2.2805e-04	1.4711e-04	3.9036e-03	8.7183e-02	-1.1401e-02	-5.7795e-04	-2.1659e-04	5.4837e-05	-4.8405e-03	-8.7729e-03	1.9570e-02
8.7959e-04	9.1483e-04	-1.4075e-04	-1.2193e-02	9.6027e-02	-6.2846e-02	-1.2489e-04	6.8678e-04	-2.8785e-04	-1.6097e-02	8.8437e-03	-5.1444e-02
-1.2164e-04	6.5397e-04	2.3314e-04	6.6113e-03	5.6591e-02	3.7658e-02	-1.0012e-03	-2.6086e-04	3.7389e-04	1.8804e-02	-3.9436e-02	1.0050e-01
-1.2164e-04	6.5491e-04	1.6499e-04	2.1262e-02	6.3967e-02	3.3849e-03	0.0000e+00	9.4500e-07	-6.8152e-05	1.4651e-02	7.3762e-03	-3.4273e-02
-3.1520e-04	4.5431e-04	1.3036e-05	1.1064e-02	9.9856e-02	3.3975e-03	-1.9356e-04	-2.0060e-04	-1.5195e-04	-1.0198e-02	3.5890e-02	1.2600e-05
-5.2987e-04	2.9913e-04	5.6326e-05	2.7422e-03	4.5453e-02	6.6905e-02	-2.1466e-04	-1.5518e-04	4.3291e-05	-8.3213e-03	-5.4403e-02	6.3508e-02
-1.7683e-04	2.9913e-04	1.1713e-04	-7.0876e-04	4.9597e-02	5.4643e-02	3.5304e-04	0.0000e+00	6.0803e-05	-3.4510e-03	4.1439e-03	-1.2262e-02
-2.5999e-04	7.2829e-04	-1.4075e-04	-6.1089e-03	6.9043e-02	3.3056e-02	-8.3155e-05	4.2916e-04	-2.5788e-04	-5.4001e-03	1.9446e-02	-2.1587e-02
-4.7166e-04	2.9913e-04	-1.4075e-04	7.5521e-03	6.9031e-02	5.0092e-02	-2.1168e-04	-4.2916e-04	0.0000e+00	1.3661e-02	-1.1600e-05	1.7036e-02
-9.7945e-04	2.2806e-04	-1.4075e-04	6.4813e-03	1.2898e-02	1.1203e-01	-5.0778e-04	-7.1065e-05	0.0000e+00	-1.0708e-03	-5.6133e-02	6.1941e-02
-1.1984e-03	2.8647e-04	-2.7275e-04	-7.5801e-03	1.2840e-02	4.3067e-02	-2.1893e-04	5.8410e-05	-1.3200e-04	-1.4061e-02	-5.8200e-05	-6.8966e-02
3.3820e-03	1.4654e-03	2.9001e-04	6.2853e-03	2.1309e-02	-9.3755e-02	4.5804e-03	1.1789e-03	5.6276e-04	1.3865e-02	8.4684e-03	-1.3682e-01
9.5242e-04	7.0710e-04	2.9001e-04	6.1985e-03	2.2415e-02	1.7619e-02	-2.4296e-03	-7.5831e-04	0.0000e+00	-8.6820e-05	1.1066e-03	1.1137e-01
8.7357e-04	4.8228e-04	2.9001e-04	2.1265e-02	3.6586e-02	-1.7942e-02	-7.8856e-05	-2.2482e-04	0.0000e+00	1.5066e-02	1.4171e-02	-3.5561e-02
2.6799e-04	1.6401e-04	2.9001e-04	2.3327e-02	4.9322e-02	1.7871e-02	-6.0558e-04	-3.1827e-04	0.0000e+00	2.0627e-03	1.2736e-02	3.5813e-02
-5.1670e-04	1.6401e-04	2.0930e-04	2.3338e-02	3.6676e-02	8.1092e-02	-7.8468e-04	0.0000e+00	-8.0707e-05	1.0600e-05	-1.2646e-02	6.3221e-02
7.0549e-06	4.7623e-04	1.1163e-04	2.3311e-02	5.4180e-02	4.8886e-02	5.2375e-04	3.1223e-04	-9.7677e-05	-2.7100e-05	1.7504e-02	-3.2206e-02
-3.8652e-04	1.6401e-04	1.2936e-04	2.2934e-02	4.0627e-02	6.9926e-02	-3.9357e-04	-3.1223e-04	1.7729e-05	-3.7660e-04	-1.3553e-02	2.1041e-02
-5.7789e-04	8.1070e-04	-2.3122e-04	2.3089e-02	2.8088e-02	4.8893e-02	-1.9138e-04	6.4669e-04	-3.6057e-04	1.5510e-04	-1.2539e-02	-2.1034e-02
-5.1670e-04	6.2303e-04	-2.3122e-04	1.5297e-02	6.0141e-02	4.2997e-02	6.1198e-05	-1.8767e-04	0.0000e+00	-7.7923e-03	3.2054e-02	-5.8954e-03
-5.7367e-04	5.5232e-04	-5.2799e-05	1.5628e-02	2.1044e-02	7.8050e-02	-5.6975e-05	-7.0703e-05	1.7842e-04	3.3120e-04	-3.9098e-02	3.5053e-02
-4.3180e-04	4.7559e-04	-1.7365e-05	1.4094e-02	2.6083e-02	3.2787e-02	1.4187e-04	-7.6731e-05	3.5435e-05	-1.5340e-03	5.0389e-03	-4.5263e-02
-1.7698e-04	3.0206e-04	1.7211e-05	1.0505e-02	4.0461e-02	3.5293e-03	2.5482e-04	-1.7353e-04	3.4576e-05	-3.5895e-03	1.4379e-02	-2.9258e-02
-4.4683e-04	1.6401e-04	9.9722e-05	1.4939e-02	2.0335e-02	6.1358e-02	-2.6985e-04	-1.3805e-04	8.2511e-05	4.4339e-03	-2.0126e-02	5.7829e-02
1.3268e-04	6.0692e-04	-2.3122e-04	1.0024e-02	4.9166e-02	2.3518e-02	5.7951e-04	4.4291e-04	-3.3094e-04	-4.9145e-03	2.8831e-02	-3.7840e-02
-3.5746e-04	6.0692e-04	-7.2339e-05	6.0713e-03	4.9158e-02	4.5224e-02	-4.9014e-04	0.0000e+00	1.5888e-04	-3.9528e-03	-8.3000e-06	2.1706e-02
-7.8510e-04	1.9672e-04	-2.3122e-04	4.4012e-03	4.0101e-02	7.4799e-02	-4.2764e-04	-4.1020e-04	-1.5888e-04	-1.6701e-03	-9.0573e-03	2.9575e-02
-6.5957e-04	-1.7817e-04	-2.3122e-04	-1.9483e-03	6.8462e-03	7.4776e-02	1.2553e-04	-3.7489e-04	0.0000e+00	-6.3495e-03	-3.3255e-02	-2.3400e-05
-6.7144e-04	1.7637e-04	-4.6129e-04	-1.2507e-02	2.1607e-02	3.9259e-02	-1.1868e-05	3.5454e-04	-2.3007e-04	-1.0559e-02	1.4761e-02	-3.5517e-02
-8.6573e-04	-1.7817e-04	-2.8685e-04	7.0714e-05	2.3617e-02	7.7094e-02	-1.9429e-04	-3.5454e-04	1.7443e-04	1.2578e-02	2.0100e-03	3.7836e-02
-9.3629e-04	-1.7817e-04	-2.3122e-04	-8.4142e-03	-2.4408e-02	1.0362e-01	-7.0559e-05	0.0000e+00	5.5638e-05	-8.4850e-03	-4.8026e-02	2.6529e-02
-9.3629e-04	-1.0493e-04	-2.3122e-04	-4.1693e-03	-4.0021e-04	4.5654e-02	0.0000e+00	7.3244e-05	0.0000e+00	4.2449e-03	2.4008e-02	-5.7969e-02
-6.6077e-04	-1.7817e-04	-2.3122e-04	7.1578e-05	1.1747e-03	6.4127e-02	2.7551e-04	-7.3244e-05	0.0000e+00	4.2409e-03	1.5749e-03	1.8474e-02
-9.3629e-04	-1.7817e-04	-2.3122e-04	7.1578e-05	-1.4268e-02	9.6232e-02	-2.7551e-04	0.0000e+00	0.0000e+00	0.0000e+00	-1.5442e-02	3.2105e-02
-1.0377e-03	2.5739e-04	-2.3122e-04	2.3803e-05	4.9256e-04	3.2759e-02	-1.0142e-04	4.3556e-04	0.0000e+00	-4.7775e-05	1.4760e-02	-6.3473e-02
-9.3629e-04	2.5739e-04	-2.3122e-04	2.3802e-05	-1.4268e-02	5.7754e-02	1.0142e-04	0.0000e+00	0.0000e+00	-1.1000e-09	-1.4760e-02	2.4995e-02
1.1769e-03	9.0063e-04	2.2054e-04	4.3057e-02	-1.5819e-02	-4.7132e-02	2.1132e-03	6.4324e-04	4.5175e-04	4.3033e-02	-1.5517e-03	-1.0489e-01
1.9219e-04	2.5739e-04	2.2054e-04	2.2399e-02	-2.2876e-02	-1.4325e-03	-9.8470e-04	-6.4324e-04	0.0000e+00	-2.0658e-02	-7.0569e-03	4.5699e-02
2.3697e-04	2.5739e-04	2.2054e-04	2.2828e-02	-3.5394e-02	1.4221e-01	4.4783e-05	0.0000e+00	0.0000e+00	4.2870e-04	-1.2518e-02	1.4364e-01
-8.8156e-05	2.5739e-04	2.2054e-04	1.2407e-02	-2.4377e-02	5.8745e-03	-3.2513e-04	0.0000e+00	0.0000e+00	-1.0421e-02	1.1017e-02	-1.3633e-01
-1.1903e-03	2.5739e-04	2.2054e-04	1.0001e-02	-1.8737e-02	5.8700e-03	-1.1022e-03	0.0000e+00	0.0000e+00	-2.4059e-03	5.6400e-03	-4.5000e-06
-5.0065e-04	-9.4776e-05	8.5380e-05	1.7218e-02	-2.8078e-02	1.1558e-01	6.8969e-04	-3.5216e-04	-1.3516e-04	7.2163e-03	-9.3413e-03	1.0971e-01
-5.0065e-04	-5.4170e-04	6.3035e-04	3.6592e-02	-1.8336e-02	3.9408e-02	0.0000e+00	-4.4692e-04	5.4497e-04	1.9374e-02	9.7414e-03	-7.6176e-02
-5.0065e-04	-4.4773e-04	4.5388e-04	1.9729e-02	-1.8331e-02	3.9906e-02	0.0000e+00	9.3969e-05	-1.7647e-04	-1.6863e-02	5.4000e-06	4.9810e-04
-5.0065e-04	-1.0707e-04	3.1808e-04	1.6002e-02	-8.3312e-03	1.7628e-02	0.0000e+00	3.4066e-04	-1.3580e-04	-3.7263e-03	9.9999e-03	-2.2278e-02
1.7618e-03	2.6315e-04	2.8683e-04	2.0308e-02	1.6044e-02	-1.1562e-01	2.2625e-03	3.7022e-04	-3.1248e-05	4.3052e-03	2.4376e-02	-1.3325e-01
1.9297e-04	5.8917e-04	5.6874e-04	2.8896e-02	-1.8300e-02	-4.5310e-03	-1.5688e-03	3.2602e-04	2.8190e-04	8.5884e-03	-3.4344e-02	1.1109e-01
0.0000e+00	-5.6738e-05	0.0000e+00	4.7285e-06	-4.8641e-02	6.6451e-02	-1.9297e-04	-6.4591e-04	-5.6874e-04	-2.8891e-02	-3.0341e-02	7.0982e-02
0.0000e+00	-0.0000e+00	0.0000e+00	0.0000e+00	0.0000e+00	0.0000e+00	0.0000e+00	5.6738e-05	0.0000e+00	-4.7285e-06	4.8641e-02	-6.6451e-02
-3.7547e-04	-0.0000e+00	-2.5738e-04	-1.1894e-02	-3.8197e-02	4.9775e-02	-3.7547e-04	0.0000e+00	-2.5738e-04	-1.1894e-02	-3.8197e-02	4.9775e-02
-2.7974e-04	-4.2256e-04	-2.6300e-04	-2.2820e-02	-4.0810e-02	5.9199e-02	9.5731e-05	-4.2256e-04	-5.6220e-06	-1.0926e-02	-2.6132e-03	9.4236e-03
-3.0753e-04	5.8010e-05	-4.2690e-04	-2.2863e-02	-3.8230e-02	3.3079e-02	-2.7795e-05	4.8057e-04	-1.6391e-04	-4.2700e-05	2.5797e-03	-2.6119e-02
-8.2752e-04	-1.7059e-04	-4.2690e-04	-2.5932e-02	-5.3480e-02	7.3056e-02	-5.1998e-04	-2.2860e-04	0.0000e+00	-3.0693e-03	-1.5250e-02	3.9977e-02
-4.0879e-04	4.5221e-04	-5.6106e-04	-4.4938e-02	-6.3334e-02	1.1726e-01	4.1872e-04	6.2281e-04	-1.3415e-04	-1.9005e-02	-9.8533e-03	4.4208e-02
-8.3011e-04	-9.0562e-05	-4.2690e-04	-3.0744e-02	-6.0179e-02	1.0370e-02	-4.2132e-04	-5.4277e-04	1.3415e-04	1.4194e-02	3.1541e-03	-1.0689e-01
-1.5388e-03	-5.1945e-05	-4.2690e-04	-3.3686e-02	-6.5485e-02	4.4622e-02	-7.0873e-04	3.8617e-05	0.0000e+00	-2.9413e-03	-5.3050e-03	3.4252e-02
5.5752e-05	1.3143e-04	-1.9755e-04	-2.3765e-02	-3.2679e-02	1.5623e-02	1.5946e-03	1.8338e-04	2.2936e-04	9.9209e-03	3.2806e-02	-2.8998e-02
1.2695e-04	-4.2716e-04	-7.0628e-04	-3.2478e-02	-2.1569e-02	1.5641e-02	7.1195e-05	-5.5859e-04	-5.0874e-04	-8.7135e-03	1.1110e-02	1.7500e-05
-1.1410e-03	-1.6253e-04	-3.7343e-04	-2.2340e-02	-7.1865e-02	7.2123e-02	-1.2679e-03	2.6463e-04	3.3285e-04	1.0138e-02	-5.0296e-02	5.6482e-02
-1.1792e-03	-2.9966e-04	-5.3407e-04	-2.8336e-02	-7.1879e-02	7.2132e-02	-3.8230e-05	-1.3713e-04	-1.6064e-04	-5.9959e-03	-1.4200e-05	9.3000e-06
-9.3048e-04	-2.9966e-04	-5.3407e-04	-2.8698e-02	-6.7124e-02	4.2654e-02	2.4872e-04	0.0000e+00	0.0000e+00	-3.6200e-04	4.7555e-03	-2.9478e-02
-1.1792e-03	-2.9966e-04	-5.3407e-04	-3.9586e-02	-7.1879e-02	7.9262e-02	-2.4872e-04	0.0000e+00	0.0000e+00	-1.0888e-02	-4.7555e-03	3.6608e-02
-1.2819e-03	-2.9966e-04	-8.1854e-04	-4.5047e-02	-8.3576e-02	1.1031e-01	-1.0273e-04	0.0000e+00	-2.8448e-04	-5.4606e-03	-1.1697e-02	3.1050e-02
-1.4091e-03	-5.7925e-05	-8.0149e-04	-4.5028e-02	-7.1897e-02	3.6961e-02	-1.2716e-04	2.4174e-04	1.7055e-05	1.8400e-05	1.1679e-02	-7.3351e-02
-1.5608e-03	-2.9517e-04	-5.3407e-04	-4.5050e-02	-9.4921e-02	7.3058e-02	-1.5170e-04	-2.3724e-04	2.6742e-04	-2.1800e-05	-2.3024e-02	3.6097e-02
-1.7439e-03	-1.6128e-04	-5.3407e-04	-3.1212e-02	-1.0937e-01	8.8013e-02	-1.8311e-04	1.3388e-04	0.0000e+00	1.3838e-02	-1.4446e-02	1.4955e-02
-1.6300e-03	-1.6128e-04	-7.1029e-04	-3.1339e-02	-7.4484e-02	5.2927e-02	1.1393e-04	0.0000e+00	-1.7622e-04	-1.2720e-04	3.4883e-02	-3.5086e-02
-2.0345e-03	-1.6128e-04	-8.0770e-04	-3.0378e-02	-8.6774e-02	9.5986e-02	-4.0451e-04	0.0000e+00	-9.7416e-05	9.6130e-04	-1.2290e-02	4.3059e-02
-2.2048e-03	-1.6128e-04	-8.8412e-04	-3.7242e-02	-1.1941e-01	1.3318e-01	-1.7029e-04	0.0000e+00	-7.6414e-05	-6.8639e-03	-3.2635e-02	3.7199e-02
-2.0965e-03	-1.6128e-04	-9.4200e-04	-3.1990e-02	-9.5076e-02	7.2446e-02	1.0829e-04	0.0000e+00	-5.7885e-05	5.2518e-03	2.4333e-02	-6.0739e-02
-2.5383e-03	-2.1448e-04	-8.1414e-04	-3.1592e-02	-1.1719e-01	9.9706e-02	-4.4179e-04	-5.3199e-05	1.2786e-04	3.9850e-04	-2.2119e-02	2.7260e-02
-2.4534e-03	-5.8992e-04	-7.6580e-04	-4.4944e-02	-1.2999e-01	1.8450e-01	8.4890e-05	-3.7544e-04	4.8342e-05	-1.3353e-02	-1.2800e-02	8.4796e-02
-2.4534e-03	-5.8992e-04	-7.8741e-04	-4.4940e-02	-1.1718e-01	1.1911e-01	0.0000e+00	0.0000e+00	-2.1614e-05	4.3000e-06	1.2812e-02	-6.5395e-02
-2.1136e-03	-2.6308e-04	-9.4200e-04	-4.4966e-02	-9.1553e-02	5.8428e-02	3.3973e-04	3.2684e-04	-1.5459e-04	-2.5900e-05	2.5630e-02	-6.0679e-02
-2.3359e-03	-2.6527e-04	-9.4200e-04	-4.4929e-02	-1.1717e-01	1.5686e-01	-2.2228e-04	-2.1880e-06	0.0000e+00	3.6300e-05	-2.5617e-02	9.8430e-02
-2.2347e-03	-3.8827e-04	-9.4200e-04	-4.4950e-02	-1.1717e-01	1.0347e-01	1.0124e-04	-1.2300e-04	0.0000e+00	-2.0400e-05	1.0000e-06	-5.3384e-02
-2.5508e-03	-4.6181e-04	-9.4200e-04	-4.4945e-02	-1.0823e-01	6.0402e-02	-3.1607e-04	-7.3544e-05	0.0000e+00	4.6000e-06	8.9430e-03	-4.3072e-02
-2.3586e-03	-3.8827e-04	-9.4200e-04	-4.4950e-02	-1.3388e-01	1.4794e-01	1.9220e-04	7.3544e-05	0.0000e+00	-4.6000e-06	-2.5655e-02	8.7539e-02
-1.6280e-03	1.0089e-05	-7.1637e-04	-4.4993e-02	-1.4319e-01	1.0974e-01	7.3057e-04	3.9836e-04	2.2563e-04	-4.2700e-05	-9.3090e-03	-3.8204e-02
-1.9964e-03	-2.0307e-04	-7.7175e-04	-4.4987e-02	-1.1712e-01	2.8986e-02	-3.6840e-04	-2.1316e-04	-5.5382e-05	5.1000e-06	2.6069e-02	-8.0751e-02
-2.8664e-03	-2.0307e-04	-9.4200e-04	-5.2531e-02	-1.4683e-01	1.1426e-01	-8.7004e-04	0.0000e+00	-1.7025e-04	-7.5433e-03	-2.9705e-02	8.5272e-02
-2.0613e-03	-2.0307e-04	-9.4200e-04	-6.2499e-02	-1.1259e-01	6.4832e-02	8.0507e-04	0.0000e+00	0.0000e+00	-9.9682e-03	3.4233e-02	-4.9426e-02
-2.1389e-03	-2.0307e-04	-9.4200e-04	-6.2499e-02	-1.1430e-01	4.5385e-02	-7.7530e-05	0.0000e+00	0.0000e+00	0.0000e+00	-1.7040e-03	-1.9447e-02
-2.3478e-03	-6.5471e-04	-8.7679e-04	-4.9922e-02	-1.4541e-01	1.4218e-01	-2.0894e-04	-4.5164e-04	6.5213e-05	1.2577e-02	-3.1109e-02	9.6799e-02
-1.0523e-03	5.4367e-05	-7.6944e-04	-3.4643e-02	-1.2580e-01	-6.8481e-02	1.2956e-03	7.0908e-04	1.0735e-04	1.5278e-02	1.9604e-02	-2.1067e-01
-6.9368e-04	1.1031e-04	-3.4284e-05	-1.3889e-02	-9.6410e-02	-6.1317e-02	3.5857e-04	5.5945e-05	7.3516e-04	2.0754e-02	2.9392e-02	7.1641e-03
-1.7469e-03	-1.6547e-04	1.5590e-04	-1.3259e-02	-1.3496e-01	8.0907e-02	-1.0532e-03	-2.7578e-04	1.9018e-04	6.2970e-04	-3.8547e-02	1.4222e-01
-1.5668e-03	-7.8620e-05	-3.5951e-04	-2.2470e-02	-1.2926e-01	-3.9039e-02	1.8009e-04	8.6851e-05	-5.1541e-04	-9.2108e-03	5.6960e-03	-1.1995e-01
-1.5076e-03	-1.7873e-05	-5.9712e-04	-4.0934e-02	-1.0686e-01	-2.8508e-02	5.9200e-05	6.0747e-05	-2.3761e-04	-1.8464e-02	2.2397e-02	1.0531e-02
-1.4224e-03	-4.8942e-04	-7.5136e-04	-4.0846e-02	-1.4577e-01	9.0197e-02	8.5180e-05	-4.7154e-04	-1.5424e-04	8.8000e-05	-3.8907e-02	1.1870e-01
-1.3250e-03	-3.4537e-04	-7.7187e-04	-4.0893e-02	-1.3579e-01	3.1061e-02	9.7450e-05	1.4404e-04	-2.0512e-05	-4.7500e-05	9.9780e-03	-5.9136e-02
-1.5746e-03	-2.3616e-04	-7.7187e-04	-4.9647e-02	-1.3581e-01	1.3212e-02	-2.4960e-04	1.0921e-04	0.0000e+00	-8.7537e-03	-2.2000e-05	-1.7849e-02
-1.9990e-03	-2.2882e-04	-7.7187e-04	-5.7177e-02	-1.4689e-01	8.9219e-02	-4.2438e-04	7.3380e-06	0.0000e+00	-7.5301e-03	-1.1077e-02	7.6007e-02
-1.8246e-03	-1.7873e-05	-7.7187e-04	-5.7206e-02	-1.3424e-01	4.4120e-02	1.7441e-04	2.1095e-04	0.0000e+00	-2.9100e-05	1.2655e-02	-4.5099e-02
-1.8041e-03	-1.7873e-05	-7.7187e-04	-5.7206e-02	-1.5302e-01	1.9819e-02	2.0420e-05	0.0000e+00	0.0000e+00	0.0000e+00	-1.8788e-02	-2.4302e-02
-2.0913e-03	-1.8572e-04	-7.7187e-04	-5.0092e-02	-1.5804e-01	7.8631e-02	-2.8717e-04	-1.6785e-04	0.0000e+00	7.1138e-03	-5.0150e-03	5.8812e-02
1.1024e-03	1.5098e-04	-7.7187e-04	-4.3114e-02	-1.7645e-01	-8.8533e-02	3.1937e-03	3.3670e-04	0.0000e+00	6.9785e-03	-1.8408e-02	-1.6716e-01
1.4771e-03	4.5046e-04	1.1610e-06	-3.0882e-03	-8.7263e-02	-1.5317e-01	3.7472e-04	2.9949e-04	7.7303e-04	4.0026e-02	8.9185e-02	-6.4639e-02
3.5258e-04	-2.1058e-04	-2.3315e-04	-1.9753e-02	-1.1150e-01	-4.0577e-03	-1.1245e-03	-6.6105e-04	-2.3431e-04	-1.6664e-02	-2.4241e-02	1.4911e-01
-3.2398e-04	-1.7873e-05	7.5423e-06	-9.8743e-03	-1.3691e-01	-3.4392e-02	-6.7655e-04	1.9271e-04	2.4069e-04	9.8783e-03	-2.5408e-02	-3.0334e-02
2.3091e-04	-1.7873e-05	-3.2868e-04	-1.9739e-02	-1.2144e-01	-4.8386e-02	5.5489e-04	0.0000e+00	-3.3622e-04	-9.8645e-03	1.5469e-02	-1.3994e-02
-5.7123e-04	-2.5906e-04	-3.0568e-04	-1.9722e-02	-1.4144e-01	1.0268e-02	-8.0215e-04	-2.4119e-04	2.2993e-05	1.6800e-05	-1.9998e-02	5.8655e-02
-5.0420e-04	-7.4107e-05	-3.0287e-04	-3.3790e-03	-1.2056e-01	-4.5395e-02	6.7028e-05	1.8496e-04	2.8120e-06	1.6343e-02	2.0879e-02	-5.5664e-02
-5.6130e-04	-1.7731e-04	-6.4105e-04	-1.9714e-02	-1.5200e-01	1.7366e-02	-5.7099e-05	-1.0320e-04	-3.3818e-04	-1.6335e-02	-3.1434e-02	6.2761e-02
-5.0424e-04	-1.7873e-05	-4.9957e-04	-1.9731e-02	-1.3912e-01	-1.5149e-02	5.7064e-05	1.5943e-04	1.4148e-04	-1.6800e-05	1.2873e-02	-3.2515e-02
-1.3401e-03	-2.9214e-04	-6.7062e-04	-3.7253e-02	-1.4804e-01	2.5773e-02	-8.3582e-04	-2.7427e-04	-1.7105e-04	-1.7521e-02	-8.9190e-03	4.0923e-02
-1.1344e-03	-5.0776e-04	-5.6561e-04	-3.7253e-02	-1.7554e-01	8.8644e-03	2.0567e-04	-2.1562e-04	1.0501e-04	-9.0000e-07	-2.7498e-02	-1.6909e-02
-1.1344e-03	-2.1622e-04	-5.6561e-04	-4.1715e-02	-1.7554e-01	-3.9387e-02	0.0000e+00	2.9154e-04	-1.0000e-09	-4.4614e-03	0.0000e+00	-4.8252e-02
-1.6194e-03	-4.9708e-04	-5.6561e-04	-4.4728e-02	-1.7559e-01	4.5196e-02	-4.8496e-04	-2.8086e-04	0.0000e+00	-3.0134e-03	-5.1000e-05	8.4584e-02
-1.7519e-03	-7.4346e-04	-5.6561e-04	-3.7195e-02	-1.7561e-01	4.9918e-02	-1.3256e-04	-2.4638e-04	0.0000e+00	7.5329e-03	-1.4000e-05	4.7218e-03
-1.4328e-03	-4.2833e-04	-5.6561e-04	-3.7232e-02	-1.7558e-01	2.8760e-02	3.1909e-04	3.1513e-04	1.0000e-09	-3.6600e-05	2.0000e-05	-2.1158e-02
-1.8181e-03	-4.2833e-04	-8.0496e-04	-5.3980e-02	-1.9266e-01	7.3454e-02	-3.8530e-04	0.0000e+00	-2.3935e-04	-1.6748e-02	-1.7075e-02	4.4694e-02
-1.7519e-03	-4.2833e-04	-7.5864e-04	-4.1059e-02	-1.7562e-01	1.3338e-02	6.6210e-05	0.0000e+00	4.6322e-05	1.2921e-02	1.7044e-02	-6.0116e-02
-2.1114e-04	-1.6862e-04	-1.9111e-04	-9.9768e-04	-1.3095e-01	-1.0146e-01	1.5408e-03	2.5970e-04	5.6753e-04	4.0062e-02	4.4661e-02	-1.1480e-01
-1.8368e-03	-4.2833e-04	1.5263e-05	-9.1914e-04	-2.0182e-01	4.6232e-02	-1.6256e-03	-2.5970e-04	2.0637e-04	7.8535e-05	-7.0867e-02	1.4770e-01
-6.3702e-04	-4.2833e-04	-1.5396e-04	-6.4493e-03	-1.4094e-01	9.7364e-03	1.1998e-03	0.0000e+00	-1.6923e-04	-5.5301e-03	6.0879e-02	-3.6496e-02
-1.6436e-03	-4.2833e-04	-2.6212e-04	-3.2789e-03	-1.4645e-01	3.2964e-02	-1.0066e-03	0.0000e+00	-1.0815e-04	3.1703e-03	-5.5030e-03	2.3227e-02
-1.4007e-03	-7.5853e-04	-1.4010e-04	-5.1136e-03	-1.8651e-01	6.9415e-02	2.4296e-04	-3.3021e-04	1.2202e-04	-1.8347e-03	-4.0063e-02	3.6451e-02
-1.6869e-03	-3.3355e-04	-2.6475e-04	-4.2255e-03	-1.6743e-01	3.0424e-02	-2.8628e-04	4.2498e-04	-1.2465e-04	8.8816e-04	1.9076e-02	-3.8990e-02
-2.3820e-03	-7.5086e-04	-3.2384e-04	-5.0200e-03	-1.9213e-01	9.5083e-02	-6.9502e-04	-4.1731e-04	-5.9090e-05	-7.9450e-04	-2.4700e-02	6.4658e-02
-3.0251e-03	-4.2833e-04	-2.9808e-05	-4.4363e-04	-2.3524e-01	8.9425e-02	-6.4309e-04	3.2253e-04	2.9403e-04	4.5764e-03	-4.3105e-02	-5.6578e-03
-2.4230e-03	-1.6673e-05	-1.5232e-04	-2.5552e-03	-1.9399e-01	3.4586e-02	6.0209e-04	4.1165e-04	-1.2251e-04	-2.1115e-03	4.1252e-02	-5.4839e-02
-2.8491e-03	-4.7618e-04	-3.0983e-04	-1.3786e-02	-2.0732e-01	1.0903e-01	-4.2611e-04	-4.5951e-04	-1.5751e-04	-1.1231e-02	-1.3337e-02	7.4441e-02
-2.8460e-03	-5.4167e-04	-2.7081e-04	-1.3804e-02	-2.1370e-01	8.6656e-02	3.1000e-06	-6.5491e-05	3.9023e-05	-1.8100e-05	-6.3800e-03	-2.2371e-02
-2.8698e-03	-5.4167e-04	-2.5585e-04	-7.3112e-03	-2.0494e-01	8.6445e-02	-2.3810e-05	0.0000e+00	1.4951e-05	6.4927e-03	8.7640e-03	-2.1100e-04
-3.7141e-03	-5.4167e-04	-2.3462e-04	-5.7166e-03	-2.1117e-01	1.0901e-01	-8.4434e-04	0.0000e+00	2.1239e-05	1.5946e-03	-6.2270e-03	2.2564e-02
-3.3137e-03	-5.4167e-04	-4.1765e-04	-1.1732e-02	-2.2259e-01	1.0844e-01	4.0043e-04	0.0000e+00	-1.8304e-04	-6.0154e-03	-1.1421e-02	-5.6400e-04
-3.2790e-03	-5.4167e-04	-5.6561e-04	-3.3400e-02	-2.2898e-01	9.5960e-02	3.4650e-05	0.0000e+00	-1.4796e-04	-2.1668e-02	-6.3890e-03	-1.2485e-02
-2.9165e-03	-5.4167e-04	-5.6561e-04	-3.3400e-02	-2.1754e-01	7.6026e-02	3.6254e-04	0.0000e+00	0.0000e+00	0.0000e+00	1.1438e-02	-1.9934e-02
-3.4098e-03	-5.4167e-04	-6.2378e-04	-3.3390e-02	-2.4050e-01	1.1767e-01	-4.9333e-04	0.0000e+00	-5.8165e-05	1.0500e-05	-2.2964e-02	4.1639e-02
-2.9757e-03	-5.4167e-04	-5.6561e-04	-4.0212e-02	-2.3442e-01	1.0010e-01	4.3416e-04	0.0000e+00	5.8165e-05	-6.8221e-03	6.0780e-03	-1.7570e-02
-3.2336e-03	-5.5560e-04	-5.6561e-04	-3.3399e-02	-2.1853e-01	8.9118e-02	-2.5788e-04	-1.3925e-05	0.0000e+00	6.8131e-03	1.5893e-02	-1.0977e-02
-3.4098e-03	-8.1648e-04	-5.6561e-04	-3.3324e-02	-2.5989e-01	1.2200e-01	-1.7628e-04	-2.6088e-04	0.0000e+00	7.4800e-05	-4.1361e-02	3.2882e-02
-3.2013e-03	-6.1767e-04	-5.6561e-04	-3.3357e-02	-2.3775e-01	9.4930e-02	2.0859e-04	1.9881e-04	0.0000e+00	-3.3000e-05	2.2146e-02	-2.7070e-02
-3.4680e-03	-5.6368e-04	-5.6561e-04	-3.3375e-02	-2.7623e-01	1.2758e-01	-2.6674e-04	5.3983e-05	0.0000e+00	-1.8200e-05	-3.8486e-02	3.2654e-02
-3.3538e-03	-7.6155e-04	-5.6561e-04	-3.3328e-02	-2.4621e-01	1.2762e-01	1.1418e-04	-1.9786e-04	0.0000e+00	4.6600e-05	3.0017e-02	3.5000e-05
-2.8498e-03	-6.8939e-04	-5.6561e-04	-3.3346e-02	-2.3296e-01	9.6746e-02	5.0403e-04	7.2151e-05	0.0000e+00	-1.7100e-05	1.3255e-02	-3.0873e-02
-3.4098e-03	-6.8939e-04	-3.2383e-04	-3.3391e-02	-2.6438e-01	1.1402e-01	-5.6006e-04	0.0000e+00	2.4179e-04	-4.6000e-05	-3.1419e-02	1.7271e-02
-2.3825e-03	-4.9007e-04	-5.6561e-04	-3.3364e-02	-2.4868e-01	6.4935e-02	1.0273e-03	1.9933e-04	-2.4179e-04	2.7000e-05	1.5703e-02	-4.9083e-02
-6.6854e-04	2.7974e-04	-4.7445e-05	-3.3351e-02	-2.2535e-01	-8.4657e-02	1.7140e-03	7.6981e-04	5.1817e-04	1.3800e-05	2.3323e-02	-1.4959e-01
-5.8409e-04	-1.1375e-04	-1.0693e-04	-3.3369e-02	-2.3904e-01	-1.1173e-02	8.4450e-05	-3.9350e-04	-5.9483e-05	-1.8100e-05	-1.3685e-02	7.3484e-02
-6.6582e-04	-1.4030e-04	8.1227e-05	-2.1679e-02	-2.2326e-01	-1.8704e-02	-8.1729e-05	-2.6552e-05	1.8816e-04	1.1690e-02	1.5775e-02	-7.5312e-03
-8.0802e-04	-8.3623e-05	-5.4091e-05	-1.2533e-02	-2.1114e-01	-1.1151e-02	-1.4220e-04	5.6682e-05	-1.3532e-04	9.1457e-03	1.2126e-02	7.5537e-03
-1.2160e-03	-6.8266e-04	2.6333e-04	-1.0278e-02	-2.9130e-01	9.1629e-02	-4.0798e-04	-5.9903e-04	3.1742e-04	2.2554e-03	-8.0166e-02	1.0278e-01
-1.7346e-03	1.0337e-04	4.1220e-07	-8.8990e-03	-2.3147e-01	-1.0933e-02	-5.1855e-04	7.8602e-04	-2.6292e-04	1.3789e-03	5.9828e-02	-1.0256e-01
-2.0081e-03	-0.0000e+00	0.0000e+00	-1.2494e-02	-2.2987e-01	3.2523e-02	-2.7358e-04	-1.0337e-04	-4.1220e-07	-3.5950e-03	1.6070e-03	4.3456e-02
