-7.3362e-04	-3.2911e-04	-7.4201e-04	1.7541e-02	2.8755e-01	1.3373e-01	0.0000e+00	0.0000e+00	0.0000e+00	0.0000e+00	0.0000e+00	0.0000e+00
-1.1019e-03	-3.5699e-04	-8.2714e-04	2.5582e-02	2.7035e-01	1.2344e-01	-3.6832e-04	-2.7877e-05	-8.5134e-05	8.0415e-03	-1.7192e-02	-1.0290e-02
-6.4397e-04	-2.9868e-04	-6.2552e-04	3.4653e-02	2.7041e-01	1.1975e-01	4.5798e-04	5.8309e-05	2.0162e-04	9.0708e-03	5.1000e-05	-3.6850e-03
-4.8570e-04	-5.5639e-04	-7.7972e-04	2.9597e-02	2.7042e-01	1.1008e-01	1.5826e-04	-2.5771e-04	-1.5419e-04	-5.0563e-03	1.3000e-05	-9.6730e-03
-1.0770e-03	-3.9101e-04	-7.7150e-04	2.5592e-02	2.6603e-01	1.1014e-01	-5.9129e-04	1.6539e-04	8.2140e-06	-4.0043e-03	-4.3900e-03	6.3000e-05
-1.0267e-03	-4.5943e-04	-1.3649e-03	2.5532e-02	2.7810e-01	1.0617e-01	5.0260e-05	-6.8420e-05	-5.9337e-04	-6.0500e-05	1.2074e-02	-3.9750e-03
-9.0377e-04	-2.4801e-04	-1.0905e-03	2.3540e-02	2.7040e-01	1.3488e-01	1.2296e-04	2.1141e-04	2.7433e-04	-1.9916e-03	-7.7050e-03	2.8716e-02
-1.3928e-03	-3.0715e-04	-1.0629e-03	2.1480e-02	2.4150e-01	9.3168e-02	-4.8904e-04	-5.9134e-05	2.7680e-05	-2.0600e-03	-2.8892e-02	-4.1716e-02
-8.4279e-04	-8.2536e-05	-1.3649e-03	2.5499e-02	2.6350e-01	1.0701e-01	5.5002e-04	2.2461e-04	-3.0201e-04	4.0184e-03	2.1994e-02	1.3844e-02
-1.2852e-03	-4.5943e-04	-1.3649e-03	2.5532e-02	2.4179e-01	1.0309e-01	-4.4241e-04	-3.7689e-04	0.0000e+00	3.3200e-05	-2.1708e-02	-3.9230e-03
-1.3928e-03	-4.6325e-05	-1.3649e-03	2.5507e-02	2.2639e-01	1.0025e-01	-1.0761e-04	4.1310e-04	0.0000e+00	-2.4800e-05	-1.5401e-02	-2.8380e-03
-1.1682e-03	5.8095e-05	-1.3649e-03	2.5489e-02	2.4386e-01	1.0707e-01	2.2460e-04	1.0442e-04	0.0000e+00	-1.7700e-05	1.7471e-02	6.8180e-03
-8.7300e-04	-1.0682e-04	-1.3649e-03	1.4205e-02	2.3284e-01	9.5296e-02	2.9521e-04	-1.6491e-04	0.0000e+00	-1.1284e-02	-1.1021e-02	-1.1773e-02
-1.4841e-03	-5.0748e-05	-1.3649e-03	1.4702e-02	2.2827e-01	1.0708e-01	-6.1111e-04	5.6070e-05	0.0000e+00	4.9710e-04	-4.5740e-03	1.1787e-02
-9.2417e-04	-2.2079e-05	-1.3649e-03	1.8695e-02	2.4468e-01	1.0491e-01	5.5994e-04	2.8669e-05	0.0000e+00	3.9928e-03	1.6416e-02	-2.1710e-03
-9.2417e-04	-1.3365e-04	-1.0818e-03	2.5526e-02	2.1899e-01	9.9554e-02	0.0000e+00	-1.1157e-04	2.8310e-04	6.8309e-03	-2.5692e-02	-5.3582e-03
-8.1221e-04	6.6761e-05	-1.0138e-03	3.4316e-02	2.4318e-01	1.1236e-01	1.1196e-04	2.0041e-04	6.8000e-05	8.7899e-03	2.4191e-02	1.2807e-02
-5.2510e-04	1.3159e-04	-9.6135e-04	2.5499e-02	2.4321e-01	1.4347e-01	2.8711e-04	6.4833e-05	5.2421e-05	-8.8167e-03	3.1000e-05	3.1108e-02
-6.2178e-04	-1.6199e-04	-2.7549e-04	3.1492e-02	2.0990e-01	1.5881e-01	-9.6682e-05	-2.9358e-04	6.8586e-04	5.9929e-03	-3.3315e-02	1.5343e-02
-3.6050e-04	6.0076e-04	-6.5500e-04	4.5636e-02	2.4534e-01	1.2774e-01	2.6128e-04	7.6275e-04	-3.7952e-04	1.4144e-02	3.5439e-02	-3.1074e-02
-3.6050e-04	1.8108e-04	-4.1481e-04	6.5020e-02	2.4532e-01	1.2440e-01	0.0000e+00	-4.1968e-04	2.4020e-04	1.9384e-02	-1.1000e-05	-3.3380e-03
-8.1874e-04	1.7800e-04	1.3574e-04	4.7492e-02	2.4529e-01	8.1091e-02	-4.5824e-04	-3.0840e-06	5.5054e-04	-1.7528e-02	-4.0000e-05	-4.3309e-02
-6.2780e-05	8.3929e-04	-1.8707e-04	5.5147e-02	2.6856e-01	8.0740e-02	7.5596e-04	6.6130e-04	-3.2281e-04	7.6552e-03	2.3272e-02	-3.5110e-04
-3.6050e-04	3.7729e-04	-9.5085e-05	4.8523e-02	2.1849e-01	9.2614e-02	-2.9772e-04	-4.6201e-04	9.1989e-05	-6.6243e-03	-5.0063e-02	1.1874e-02
-1.4530e-04	6.4182e-04	-4.1481e-04	4.1666e-02	2.4258e-01	9.2599e-02	2.1520e-04	2.6453e-04	-3.1972e-04	-6.8564e-03	2.4081e-02	-1.4800e-05
-2.1717e-04	5.8948e-04	-4.1481e-04	4.0039e-02	2.2645e-01	9.2601e-02	-7.1871e-05	-5.2342e-05	0.0000e+00	-1.6273e-03	-1.6123e-02	2.1000e-06
-3.6050e-04	4.8385e-04	-4.1481e-04	4.8111e-02	2.1673e-01	9.2621e-02	-1.4333e-04	-1.0563e-04	0.0000e+00	8.0724e-03	-9.7270e-03	2.0300e-05
9.6935e-05	6.8023e-04	-4.1481e-04	5.1911e-02	2.2491e-01	1.1255e-01	4.5743e-04	1.9638e-04	0.0000e+00	3.7992e-03	8.1890e-03	1.9928e-02
-4.9918e-04	6.4102e-05	-4.1481e-04	3.2659e-02	2.2488e-01	8.4680e-02	-5.9612e-04	-6.1613e-04	0.0000e+00	-1.9251e-02	-3.0000e-05	-2.7869e-02
-8.2550e-04	2.8158e-04	-4.1481e-04	4.1381e-02	2.1499e-01	8.4725e-02	-3.2631e-04	2.1748e-04	0.0000e+00	8.7215e-03	-9.8970e-03	4.4700e-05
-2.6954e-04	7.4269e-04	-4.1481e-04	6.1046e-02	2.0925e-01	9.2522e-02	5.5595e-04	4.6111e-04	0.0000e+00	1.9665e-02	-5.7330e-03	7.7973e-03
-9.6344e-04	5.9927e-04	-3.6133e-04	3.3227e-02	1.9121e-01	7.7820e-02	-6.9390e-04	-1.4342e-04	5.3479e-05	-2.7819e-02	-1.8043e-02	-1.4702e-02
-7.3782e-04	6.0820e-04	-4.1481e-04	4.2262e-02	2.1151e-01	9.9058e-02	2.2562e-04	8.9310e-06	-5.3479e-05	9.0343e-03	2.0296e-02	2.1238e-02
-1.0155e-03	2.8188e-04	-4.1481e-04	3.4683e-02	1.8503e-01	9.4521e-02	-2.7772e-04	-3.2632e-04	0.0000e+00	-7.5789e-03	-2.6481e-02	-4.5367e-03
-1.0155e-03	8.2880e-04	-4.1481e-04	2.5497e-02	1.8503e-01	9.6358e-02	0.0000e+00	5.4692e-04	0.0000e+00	-9.1857e-03	0.0000e+00	1.8363e-03
-7.1629e-04	5.9197e-04	-5.2412e-04	3.9053e-02	1.9706e-01	1.2135e-01	2.9925e-04	-2.3684e-04	-1.0931e-04	1.3556e-02	1.2031e-02	2.4996e-02
-9.5791e-04	3.0155e-04	-4.1481e-04	2.5544e-02	1.7239e-01	8.8079e-02	-2.4162e-04	-2.9041e-04	1.0931e-04	-1.3509e-02	-2.4671e-02	-3.3275e-02
-1.3458e-03	2.9999e-04	-5.3360e-04	2.5540e-02	1.6139e-01	8.0200e-02	-3.8785e-04	-1.5660e-06	-1.1880e-04	-3.5000e-06	-1.0998e-02	-7.8794e-03
-7.0469e-04	4.3839e-04	-4.1481e-04	2.5524e-02	1.6227e-01	1.2355e-01	6.4108e-04	1.3840e-04	1.1880e-04	-1.6400e-05	8.8100e-04	4.3350e-02
-1.1138e-03	4.9908e-04	-5.7551e-04	1.9633e-02	1.6200e-01	1.1264e-01	-4.0916e-04	6.0689e-05	-1.6071e-04	-5.8912e-03	-2.7400e-04	-1.0912e-02
-5.0373e-04	6.4102e-05	-4.1481e-04	1.3836e-02	1.7401e-01	1.2948e-01	6.1011e-04	-4.3497e-04	1.6071e-04	-5.7965e-03	1.2012e-02	1.6847e-02
-1.1908e-03	6.4102e-05	-4.1481e-04	1.1455e-02	1.5075e-01	9.7005e-02	-6.8703e-04	0.0000e+00	0.0000e+00	-2.3808e-03	-2.3257e-02	-3.2480e-02
-6.4846e-04	4.8912e-04	-6.1039e-04	2.0297e-02	1.6593e-01	1.1488e-01	5.4230e-04	4.2501e-04	-1.9559e-04	8.8417e-03	1.5183e-02	1.7870e-02
-9.6442e-04	6.4102e-05	-4.5752e-04	1.7646e-02	1.3791e-01	1.2205e-01	-3.1597e-04	-4.2501e-04	1.5287e-04	-2.6514e-03	-2.8027e-02	7.1740e-03
-1.1346e-03	3.9863e-04	-6.4444e-04	1.8580e-02	1.3572e-01	1.0568e-01	-1.7022e-04	3.3453e-04	-1.8692e-04	9.3430e-04	-2.1890e-03	-1.6369e-02
-5.1366e-04	6.4545e-04	-7.5138e-04	1.9709e-02	1.6219e-01	1.4260e-01	6.2098e-04	2.4682e-04	-1.0694e-04	1.1289e-03	2.6469e-02	3.6920e-02
-9.4887e-04	2.7943e-04	-8.2065e-04	3.9234e-04	1.3619e-01	1.1500e-01	-4.3520e-04	-3.6602e-04	-6.9265e-05	-1.9316e-02	-2.5997e-02	-2.7596e-02
-8.6868e-04	6.4102e-05	-9.8106e-04	3.9611e-03	1.4584e-01	1.0299e-01	8.0189e-05	-2.1532e-04	-1.6041e-04	3.5688e-03	9.6510e-03	-1.2017e-02
-4.8019e-04	5.1486e-04	-1.1107e-03	-1.9367e-03	1.3621e-01	1.0562e-01	3.8849e-04	4.5075e-04	-1.2962e-04	-5.8978e-03	-9.6340e-03	2.6360e-03
-7.5071e-04	2.3250e-04	-9.6061e-04	-5.7074e-03	1.2849e-01	9.6103e-02	-2.7052e-04	-2.8236e-04	1.5007e-04	-3.7707e-03	-7.7140e-03	-9.5199e-03
-1.8059e-04	5.7023e-04	-1.1916e-03	-1.6795e-02	1.4864e-01	1.3283e-01	5.7012e-04	3.3773e-04	-2.3101e-04	-1.1088e-02	2.0147e-02	3.6729e-02
-7.2061e-04	2.5638e-04	-1.0609e-03	-1.6732e-02	1.2700e-01	1.0745e-01	-5.4003e-04	-3.1384e-04	1.3074e-04	6.3100e-05	-2.1641e-02	-2.5384e-02
-2.9299e-04	4.4311e-04	-1.6366e-03	-1.6775e-02	1.4282e-01	1.0317e-01	4.2762e-04	1.8672e-04	-5.7577e-04	-4.3200e-05	1.5823e-02	-4.2770e-03
-1.8059e-04	4.3588e-04	-1.3762e-03	-9.6354e-03	1.3235e-01	9.0883e-02	1.1240e-04	-7.2270e-06	2.6046e-04	7.1401e-03	-1.0472e-02	-1.2288e-02
-9.1170e-04	9.2277e-05	-8.9328e-04	-4.3174e-05	9.7145e-02	9.6417e-02	-7.3111e-04	-3.4360e-04	4.8291e-04	9.5922e-03	-3.5204e-02	5.5347e-03
-9.7964e-04	6.5782e-04	-1.0820e-03	-9.4375e-03	1.2933e-01	5.3533e-02	-6.7940e-05	5.6555e-04	-1.8875e-04	-9.3943e-03	3.2186e-02	-4.2884e-02
-1.0378e-03	-8.8895e-05	-7.0308e-04	-7.2620e-06	8.9090e-02	1.8493e-01	-5.8160e-05	-7.4672e-04	3.7895e-04	9.4302e-03	-4.0241e-02	1.3139e-01
-3.2595e-04	-2.9656e-04	-7.5443e-04	1.0016e-05	7.2742e-02	1.9582e-01	7.1185e-04	-2.0767e-04	-5.1347e-05	1.7278e-05	-1.6348e-02	1.0893e-02
-2.0545e-04	2.6941e-04	-1.1039e-03	-1.0800e-04	1.2509e-01	1.3692e-01	1.2050e-04	5.6597e-04	-3.4947e-04	-1.1801e-04	5.2352e-02	-5.8902e-02
-9.1121e-04	6.8175e-05	-7.0308e-04	-4.4688e-05	1.0630e-01	1.0471e-01	-7.0576e-04	-2.0123e-04	4.0082e-04	6.3309e-05	-1.8798e-02	-3.2204e-02
-1.1459e-03	-3.0707e-04	-6.4946e-04	1.3218e-02	9.2976e-02	1.0472e-01	-2.3465e-04	-3.7525e-04	5.3619e-05	1.3263e-02	-1.3320e-02	8.0000e-06
-6.5907e-04	1.1330e-04	-7.0308e-04	8.8673e-03	1.1333e-01	1.1935e-01	4.8679e-04	4.2037e-04	-5.3619e-05	-4.3511e-03	2.0352e-02	1.4627e-02
-8.8999e-04	-5.0362e-05	-7.0308e-04	1.4215e-02	8.1313e-02	9.4710e-02	-2.3092e-04	-1.6366e-04	0.0000e+00	5.3478e-03	-3.2015e-02	-2.4637e-02
-8.3126e-04	1.3725e-04	-7.0308e-04	1.1206e-02	9.3037e-02	9.1667e-02	5.8724e-05	1.8762e-04	0.0000e+00	-3.0095e-03	1.1724e-02	-3.0432e-03
-4.9908e-04	1.0729e-04	-6.0773e-04	1.4472e-02	9.3057e-02	1.0471e-01	3.3218e-04	-2.9960e-05	9.5349e-05	3.2668e-03	1.9900e-05	1.3046e-02
-8.0761e-04	-2.1176e-04	-2.7499e-04	-5.4486e-06	7.8186e-02	9.6476e-02	-3.0853e-04	-3.1906e-04	3.3274e-04	-1.4478e-02	-1.4871e-02	-8.2371e-03
-7.7776e-04	1.7642e-04	-6.1090e-04	6.7754e-03	8.1402e-02	1.0808e-01	2.9847e-05	3.8818e-04	-3.3591e-04	6.7808e-03	3.2160e-03	1.1608e-02
-2.2044e-04	4.6482e-04	-2.7499e-04	-6.1311e-05	9.0458e-02	8.7879e-02	5.5732e-04	2.8840e-04	3.3591e-04	-6.8367e-03	9.0570e-03	-2.0205e-02
-5.8982e-04	-3.1796e-04	-2.7499e-04	8.5503e-03	7.7613e-02	7.7784e-02	-3.6938e-04	-7.8278e-04	0.0000e+00	8.6116e-03	-1.2846e-02	-1.0095e-02
-3.3621e-04	-3.7749e-04	-2.7499e-04	5.2863e-03	8.8695e-02	9.1010e-02	2.5361e-04	-5.9537e-05	0.0000e+00	-3.2640e-03	1.1082e-02	1.3226e-02
-7.4300e-04	-3.7749e-04	-2.7499e-04	1.7053e-05	5.6755e-02	9.6163e-02	-4.0679e-04	0.0000e+00	0.0000e+00	-5.2692e-03	-3.1940e-02	5.1533e-03
-5.5844e-04	1.2469e-04	3.5525e-04	3.0217e-02	8.4104e-02	9.2652e-02	1.8456e-04	5.0218e-04	6.3024e-04	3.0200e-02	2.7349e-02	-3.5111e-03
2.9273e-04	7.1747e-04	-9.1369e-05	7.3237e-03	1.0693e-01	8.2829e-02	8.5116e-04	5.9278e-04	-4.4662e-04	-2.2894e-02	2.2827e-02	-9.8233e-03
-2.4903e-04	3.3807e-04	8.9208e-05	3.4755e-03	5.4824e-02	7.8556e-02	-5.4176e-04	-3.7940e-04	1.8058e-04	-3.8482e-03	-5.2107e-02	-4.2730e-03
-5.7001e-04	2.8440e-04	1.6632e-04	1.3315e-02	4.7589e-02	7.1112e-02	-3.2098e-04	-5.3673e-05	7.7117e-05	9.8397e-03	-7.2356e-03	-7.4434e-03
-7.7283e-05	8.0824e-04	8.9208e-05	-9.8000e-05	5.7937e-02	9.1401e-02	4.9273e-04	5.2385e-04	-7.7117e-05	-1.3413e-02	1.0348e-02	2.0288e-02
-6.8420e-04	3.6096e-04	1.6743e-04	6.7986e-03	4.5293e-02	7.8229e-02	-6.0691e-04	-4.4729e-04	7.8220e-05	6.8967e-03	-1.2643e-02	-1.3171e-02
-3.1009e-04	6.4108e-04	8.9208e-05	1.5038e-02	5.7333e-02	9.1081e-02	3.7411e-04	2.8012e-04	-7.8220e-05	8.2398e-03	1.2040e-02	1.2852e-02
-2.4351e-04	5.4908e-04	2.6321e-05	1.1373e-02	5.5457e-02	7.5452e-02	6.6581e-05	-9.2000e-05	-6.2887e-05	-3.6655e-03	-1.8758e-03	-1.5630e-02
-6.7718e-04	2.8183e-04	-4.2142e-04	-2.0955e-03	3.8508e-02	6.9428e-02	-4.3368e-04	-2.6725e-04	-4.4774e-04	-1.3468e-02	-1.6949e-02	-6.0238e-03
-3.4523e-05	2.5865e-04	-1.1280e-04	5.7352e-03	5.1831e-02	8.3991e-02	6.4266e-04	-2.3179e-05	3.0862e-04	7.8307e-03	1.3323e-02	1.4563e-02
-2.1220e-04	7.2628e-05	1.0712e-04	1.3043e-02	2.3253e-02	8.8165e-02	-1.7768e-04	-1.8603e-04	2.1992e-04	7.3076e-03	-2.8579e-02	4.1734e-03
-2.7499e-04	7.2628e-05	1.0712e-04	9.8498e-03	2.2145e-02	6.3746e-02	-6.2796e-05	0.0000e+00	0.0000e+00	-3.1930e-03	-1.1079e-03	-2.4419e-02
1.1287e-04	-3.6439e-05	-5.3626e-05	1.3590e-02	2.6844e-02	6.8794e-02	3.8786e-04	-1.0907e-04	-1.6075e-04	3.7402e-03	4.6993e-03	5.0480e-03
-2.3980e-04	-4.5269e-04	1.0712e-04	1.9235e-02	9.6654e-03	4.9504e-02	-3.5266e-04	-4.1626e-04	1.6075e-04	5.6448e-03	-1.7179e-02	-1.9290e-02
2.5900e-05	-4.1942e-05	4.8741e-05	1.7116e-02	2.6837e-02	6.2765e-02	2.6570e-04	4.1075e-04	-5.8379e-05	-2.1192e-03	1.7171e-02	1.3260e-02
4.1171e-04	-2.9452e-04	1.0712e-04	2.3920e-02	2.6855e-02	3.8925e-02	3.8581e-04	-2.5258e-04	5.8379e-05	6.8046e-03	1.8600e-05	-2.3840e-02
-8.1181e-05	-6.5639e-04	3.0517e-04	1.8809e-02	1.2200e-02	3.4692e-02	-4.9289e-04	-3.6187e-04	1.9805e-04	-5.1116e-03	-1.4655e-02	-4.2331e-03
-9.0187e-05	-6.5639e-04	1.0712e-04	2.2692e-02	1.8129e-02	3.4691e-02	-9.0060e-06	0.0000e+00	-1.9805e-04	3.8836e-03	5.9291e-03	-6.0000e-07
4.8478e-04	-6.5639e-04	1.0712e-04	1.7305e-02	1.3695e-02	3.4705e-02	5.7497e-04	0.0000e+00	0.0000e+00	-5.3873e-03	-4.4341e-03	1.4300e-05
-2.1536e-05	-3.6868e-04	1.0712e-04	2.4806e-02	1.9875e-02	1.2119e-02	-5.0632e-04	2.8771e-04	0.0000e+00	7.5006e-03	6.1798e-03	-2.2586e-02
3.5562e-05	-3.5811e-04	1.0712e-04	1.2142e-02	1.3276e-02	1.2130e-02	5.7098e-05	1.0563e-05	0.0000e+00	-1.2663e-02	-6.5993e-03	1.0400e-05
4.4993e-04	-3.9578e-04	1.0712e-04	8.2013e-03	2.6836e-02	3.6845e-02	4.1437e-04	-3.7662e-05	0.0000e+00	-3.9409e-03	1.3560e-02	2.4715e-02
-3.7749e-04	-6.5639e-04	4.0404e-04	1.5699e-02	-2.4323e-02	3.6820e-02	-8.2742e-04	-2.6061e-04	2.9692e-04	7.4973e-03	-5.1159e-02	-2.4000e-05
0.0000e+00	-0.0000e+00	7.2738e-05	-5.5961e-06	-3.1344e-05	3.6851e-02	3.7749e-04	6.5639e-04	-3.3131e-04	-1.5704e-02	2.4292e-02	3.0600e-05
0.0000e+00	-3.1824e-04	5.3955e-04	1.5463e-02	3.3632e-03	6.1922e-03	0.0000e+00	-3.1824e-04	4.6681e-04	1.5469e-02	3.3945e-03	-3.0659e-02
0.0000e+00	-0.0000e+00	5.7095e-04	1.5180e-02	-1.9056e-05	0.0000e+00	0.0000e+00	3.1824e-04	3.1407e-05	-2.8380e-04	-3.3822e-03	-6.1922e-03
0.0000e+00	-0.0000e+00	0.0000e+00	0.0000e+00	0.0000e+00	0.0000e+00	0.0000e+00	0.0000e+00	-5.7095e-04	-1.5180e-02	1.9056e-05	0.0000e+00
3.3873e-04	-2.4090e-04	0.0000e+00	1.2367e-05	1.7390e-05	1.6133e-02	3.3873e-04	-2.4090e-04	0.0000e+00	1.2367e-05	1.7390e-05	1.6133e-02
-2.3881e-04	-2.5589e-04	1.1460e-04	-8.5808e-06	-3.0675e-02	-1.2374e-03	-5.7755e-04	-1.4994e-05	1.1460e-04	-2.0947e-05	-3.0692e-02	-1.7370e-02
-5.9305e-05	-6.8578e-04	0.0000e+00	1.6647e-02	3.4029e-03	9.0911e-03	1.7951e-04	-4.2989e-04	-1.1460e-04	1.6655e-02	3.4078e-02	1.0328e-02
-3.8040e-04	-1.1300e-03	1.3155e-03	2.4892e-02	-6.4653e-02	1.6080e-02	-3.2110e-04	-4.4421e-04	1.3155e-03	8.2451e-03	-6.8056e-02	6.9889e-03
-1.9701e-05	-4.8547e-04	4.7148e-04	9.3193e-03	-6.5132e-03	-5.5743e-03	3.6070e-04	6.4452e-04	-8.4399e-04	-1.5572e-02	5.8140e-02	-2.1654e-02
-2.9583e-04	-9.2141e-04	7.3556e-04	-3.0210e-05	-3.0642e-02	-5.5675e-03	-2.7613e-04	-4.3594e-04	2.6408e-04	-9.3495e-03	-2.4129e-02	6.8000e-06
-7.9080e-04	-9.2141e-04	1.2632e-03	2.0074e-02	-4.3468e-02	3.3570e-03	-4.9497e-04	0.0000e+00	5.2760e-04	2.0105e-02	-1.2826e-02	8.9244e-03
-7.5650e-05	-6.5497e-04	7.3556e-04	1.3324e-02	-2.2091e-02	1.7032e-02	7.1515e-04	2.6644e-04	-5.2760e-04	-6.7506e-03	2.1377e-02	1.3675e-02
-7.5650e-05	-9.2141e-04	1.2216e-03	-4.2821e-05	-5.6477e-02	1.7025e-02	0.0000e+00	-2.6644e-04	4.8604e-04	-1.3367e-02	-3.4386e-02	-7.4000e-06
-3.0127e-04	-8.0874e-04	1.0034e-03	-3.8535e-05	-4.3445e-02	-7.0562e-03	-2.2562e-04	1.1268e-04	-2.1815e-04	4.2861e-06	1.3032e-02	-2.4081e-02
-6.6077e-06	-5.5090e-04	8.9710e-04	-3.8769e-05	-2.0108e-02	-7.0523e-03	2.9466e-04	2.5784e-04	-1.0635e-04	-2.3360e-07	2.3337e-02	3.8900e-06
1.6808e-04	-5.8895e-04	1.0034e-03	6.0357e-03	-3.2872e-02	-7.0562e-03	1.7469e-04	-3.8055e-05	1.0635e-04	6.0745e-03	-1.2765e-02	-3.9600e-06
3.1935e-05	-3.2844e-04	1.0034e-03	6.1057e-03	-4.3442e-02	-2.3629e-02	-1.3615e-04	2.6052e-04	0.0000e+00	6.9960e-05	-1.0569e-02	-1.6573e-02
3.1935e-05	-6.3349e-04	1.0034e-03	1.8399e-02	-2.1408e-02	-2.3633e-02	0.0000e+00	-3.0506e-04	0.0000e+00	1.2294e-02	2.2034e-02	-3.9000e-06
3.1935e-05	-7.1578e-04	1.0034e-03	2.3791e-02	-4.5745e-02	-2.3638e-02	0.0000e+00	-8.2287e-05	0.0000e+00	5.3913e-03	-2.4337e-02	-4.7000e-06
-4.8059e-04	-8.1605e-04	7.9525e-04	1.3877e-02	-7.1706e-02	-3.4394e-02	-5.1253e-04	-1.0027e-04	-2.0820e-04	-9.9140e-03	-2.5961e-02	-1.0756e-02
-4.2882e-06	-5.1176e-04	7.7634e-04	1.7428e-02	-5.2108e-02	-2.3636e-02	4.7631e-04	3.0429e-04	-1.8910e-05	3.5513e-03	1.9598e-02	1.0758e-02
4.7056e-05	-7.8051e-04	8.7825e-04	1.2046e-02	-4.7838e-02	-2.7470e-02	5.1344e-05	-2.6875e-04	1.0192e-04	-5.3825e-03	4.2702e-03	-3.8342e-03
-2.6547e-04	-7.8051e-04	1.1163e-03	1.9580e-02	-7.8676e-02	-5.4151e-02	-3.1253e-04	0.0000e+00	2.3801e-04	7.5347e-03	-3.0838e-02	-2.6681e-02
-1.5314e-04	-7.8051e-04	1.0034e-03	2.7804e-02	-7.6416e-02	-2.5847e-02	1.1233e-04	0.0000e+00	-1.1281e-04	8.2235e-03	2.2599e-03	2.8305e-02
-1.2523e-04	-7.8051e-04	1.0034e-03	2.3699e-02	-8.8814e-02	-3.5968e-02	2.7911e-05	0.0000e+00	0.0000e+00	-4.1052e-03	-1.2398e-02	-1.0121e-02
-1.9485e-04	-6.2496e-04	6.4345e-04	-1.5741e-05	-7.8659e-02	-3.5954e-02	-6.9628e-05	1.5555e-04	-3.6000e-04	-2.3714e-02	1.0155e-02	1.4000e-05
-1.9485e-04	-5.5901e-04	1.1308e-03	2.8901e-02	-7.8658e-02	-2.5968e-02	0.0000e+00	6.5949e-05	4.8734e-04	2.8917e-02	1.4000e-06	9.9857e-03
1.7018e-04	-4.8427e-04	7.5447e-04	4.6241e-06	-8.2670e-02	-3.5957e-02	3.6504e-04	7.4741e-05	-3.7632e-04	-2.8897e-02	-4.0120e-03	-9.9888e-03
-5.0551e-04	-6.6814e-04	1.0728e-03	-1.1644e-05	-9.6146e-02	-5.5438e-02	-6.7569e-04	-1.8387e-04	3.1836e-04	-1.6268e-05	-1.3476e-02	-1.9481e-02
1.9982e-04	-7.3303e-04	1.0034e-03	1.8167e-02	-9.4254e-02	-7.1678e-03	7.0534e-04	-6.4891e-05	-6.9380e-05	1.8179e-02	1.8925e-03	4.8270e-02
5.1021e-04	-9.0332e-04	1.0034e-03	-9.0104e-07	-9.6133e-02	-3.0634e-02	3.1039e-04	-1.7029e-04	0.0000e+00	-1.8168e-02	-1.8795e-03	-2.3466e-02
6.4162e-05	-7.3303e-04	1.0034e-03	4.2183e-06	-9.6140e-02	-5.2166e-02	-4.4605e-04	1.7029e-04	0.0000e+00	5.1193e-06	-6.5000e-06	-2.1532e-02
-1.2444e-04	-7.3303e-04	1.0034e-03	4.2183e-06	-1.0268e-01	-5.2172e-02	-1.8860e-04	-1.0000e-09	0.0000e+00	-2.0000e-11	-6.5382e-03	-5.1000e-06
6.3966e-04	-7.3303e-04	7.2061e-04	6.3073e-03	-9.6162e-02	-3.0000e-02	7.6410e-04	1.0000e-09	-2.8284e-04	6.3031e-03	6.5160e-03	2.2172e-02
3.1799e-04	-1.1388e-03	7.8091e-04	2.7687e-06	-9.6148e-02	-3.0020e-02	-3.2167e-04	-4.0578e-04	6.0303e-05	-6.3046e-03	1.3600e-05	-2.0400e-05
8.5654e-05	-9.9676e-04	6.4669e-04	2.0704e-05	-1.0353e-01	-7.2824e-02	-2.3233e-04	1.4205e-04	-1.3422e-04	1.7935e-05	-7.3786e-03	-4.2804e-02
2.6546e-04	-7.7773e-04	6.5447e-04	1.9914e-05	-1.0666e-01	-3.5450e-02	1.7981e-04	2.1903e-04	7.7820e-06	-7.8960e-07	-3.1360e-03	3.7374e-02
-3.4892e-04	-1.2593e-03	1.0034e-03	-2.9811e-06	-1.4042e-01	-3.5487e-02	-6.1439e-04	-4.8157e-04	3.4897e-04	-2.2895e-05	-3.3759e-02	-3.7300e-05
-4.5451e-04	-7.4050e-04	1.0034e-03	8.2741e-03	-1.2865e-01	-3.1701e-02	-1.0558e-04	5.1880e-04	0.0000e+00	8.2770e-03	1.1775e-02	3.7864e-03
2.1858e-04	-1.0397e-03	1.0034e-03	1.0344e-02	-1.2729e-01	4.8293e-03	6.7309e-04	-2.9924e-04	0.0000e+00	2.0695e-03	1.3570e-03	3.6530e-02
-1.5528e-04	-1.2203e-03	1.0034e-03	2.6339e-05	-1.4043e-01	-4.1059e-02	-3.7386e-04	-1.8056e-04	0.0000e+00	-1.0317e-02	-1.3136e-02	-4.5889e-02
-3.6419e-04	-1.1040e-03	9.3193e-04	3.7124e-05	-1.4910e-01	-1.8746e-02	-2.0891e-04	1.1633e-04	-7.1518e-05	1.0785e-05	-8.6700e-03	2.2314e-02
-4.9514e-04	-1.1644e-03	7.4813e-04	9.6827e-03	-1.4448e-01	-2.6384e-02	-1.3095e-04	-6.0390e-05	-1.8380e-04	9.6456e-03	4.6170e-03	-7.6385e-03
-2.5956e-04	-1.1644e-03	1.0034e-03	1.0394e-02	-1.6153e-01	-2.7985e-02	2.3558e-04	0.0000e+00	2.5532e-04	7.1169e-04	-1.7053e-02	-1.6010e-03
-2.9716e-04	-1.1644e-03	1.0034e-03	1.2835e-02	-1.6153e-01	-3.1763e-02	-3.7595e-05	0.0000e+00	0.0000e+00	2.4401e-03	1.0000e-06	-3.7782e-03
-3.4985e-04	-1.1644e-03	9.2888e-04	9.0783e-03	-1.3723e-01	-1.6463e-02	-5.2694e-05	0.0000e+00	-7.4568e-05	-3.7562e-03	2.4301e-02	1.5301e-02
-4.8120e-05	-1.4144e-03	1.0034e-03	5.9965e-03	-1.6026e-01	-3.2224e-03	3.0173e-04	-2.5000e-04	7.4568e-05	-3.0818e-03	-2.3032e-02	1.3240e-02
-3.4511e-04	-1.2211e-03	1.0034e-03	2.7893e-05	-1.6414e-01	-2.1157e-02	-2.9699e-04	1.9326e-04	0.0000e+00	-5.9686e-03	-3.8770e-03	-1.7935e-02
-2.2821e-03	-2.8880e-03	1.5466e-03	7.3530e-03	-4.1129e-01	1.7220e-01	-1.9370e-03	-1.6669e-03	5.4314e-04	7.3251e-03	-2.4715e-01	1.9336e-01
-7.5302e-04	-3.1150e-03	1.7687e-03	1.9432e-02	-3.5677e-01	1.0845e-01	1.5291e-03	-2.2703e-04	2.2206e-04	1.2079e-02	5.4517e-02	-6.3758e-02
-3.6880e-04	-1.8798e-03	1.3925e-03	6.1325e-02	-1.9517e-01	1.0262e-01	3.8421e-04	1.2352e-03	-3.7613e-04	4.1893e-02	1.6160e-01	-5.8240e-03
5.7851e-04	-1.4514e-03	1.0034e-03	4.5979e-02	-1.5405e-01	8.6726e-02	9.4731e-04	4.2842e-04	-3.8907e-04	-1.5346e-02	4.1118e-02	-1.5896e-02
-4.3738e-04	-1.6480e-03	1.0034e-03	2.9429e-02	-1.8610e-01	6.6359e-02	-1.0159e-03	-1.9661e-04	0.0000e+00	-1.6550e-02	-3.2046e-02	-2.0366e-02
-7.3836e-04	-1.9712e-03	9.2517e-04	2.9511e-02	-2.2554e-01	7.6511e-02	-3.0098e-04	-3.2326e-04	-7.8277e-05	8.1800e-05	-3.9441e-02	1.0151e-02
-9.9019e-04	-1.9401e-03	6.7258e-04	2.0846e-02	-2.1034e-01	6.6161e-02	-2.5184e-04	3.1170e-05	-2.5259e-04	-8.6653e-03	1.5200e-02	-1.0350e-02
-2.1840e-04	-1.8558e-03	5.8664e-04	1.7011e-02	-2.1027e-01	8.6634e-02	7.7179e-04	8.4260e-05	-8.5935e-05	-3.8347e-03	7.0000e-05	2.0473e-02
-4.6904e-04	-2.0458e-03	5.8664e-04	1.0943e-02	-2.1030e-01	6.4247e-02	-2.5063e-04	-1.8999e-04	-1.0000e-09	-6.0678e-03	-3.1000e-05	-2.2387e-02
-1.0912e-03	-1.9401e-03	7.3140e-04	1.0903e-02	-2.3369e-01	4.5166e-02	-6.2217e-04	1.0573e-04	1.4476e-04	-4.0800e-05	-2.3397e-02	-1.9081e-02
-4.1401e-04	-1.9401e-03	5.8664e-04	1.0937e-02	-2.3365e-01	7.4319e-02	6.7720e-04	0.0000e+00	-1.4476e-04	3.4600e-05	4.1000e-05	2.9153e-02
-4.1401e-04	-1.6893e-03	5.8664e-04	1.0922e-02	-2.0122e-01	5.6323e-02	0.0000e+00	2.5081e-04	0.0000e+00	-1.5200e-05	3.2429e-02	-1.7996e-02
-5.6591e-04	-1.9401e-03	5.8664e-04	1.0937e-02	-2.3366e-01	4.6335e-02	-1.5190e-04	-2.5081e-04	1.0000e-09	1.5200e-05	-3.2437e-02	-9.9887e-03
-8.0688e-04	-1.9401e-03	5.8664e-04	1.0937e-02	-2.3368e-01	3.9887e-02	-2.4097e-04	0.0000e+00	-1.0000e-09	0.0000e+00	-1.7000e-05	-6.4473e-03
-7.7992e-04	-1.5359e-03	4.6111e-04	1.0959e-02	-2.0914e-01	3.4430e-03	2.6964e-05	4.0414e-04	-1.2554e-04	2.1500e-05	2.4540e-02	-3.6444e-02
-7.3861e-04	-1.3158e-03	1.4075e-03	1.0832e-02	-2.4666e-01	-1.2284e-02	4.1304e-05	2.2013e-04	9.4635e-04	-1.2640e-04	-3.7521e-02	-1.5727e-02
-1.1453e-03	-9.8110e-04	9.8465e-04	1.0894e-02	-2.3685e-01	-1.2340e-02	-4.0667e-04	3.3470e-04	-4.2281e-04	6.2000e-05	9.8090e-03	-5.5900e-05
-1.7571e-04	-1.2153e-03	8.8296e-04	3.0843e-03	-2.3360e-01	9.8294e-03	9.6957e-04	-2.3423e-04	-1.0170e-04	-7.8099e-03	3.2470e-03	2.2169e-02
-6.5926e-04	-1.4253e-03	8.8296e-04	-6.6509e-03	-2.5366e-01	-2.5614e-02	-4.8355e-04	-2.1001e-04	0.0000e+00	-9.7352e-03	-2.0054e-02	-3.5443e-02
-8.1628e-04	-1.4253e-03	1.1471e-03	1.5495e-02	-2.5368e-01	-1.3995e-02	-1.5702e-04	0.0000e+00	2.6412e-04	2.2146e-02	-2.2000e-05	1.1618e-02
2.7794e-04	-1.2703e-03	8.8296e-04	2.2701e-03	-2.2828e-01	-2.5807e-02	1.0942e-03	1.5506e-04	-2.6412e-04	-1.3225e-02	2.5396e-02	-1.1812e-02
-3.7263e-04	-1.4253e-03	6.1227e-04	-3.0617e-02	-2.4532e-01	-2.0854e-02	-6.5057e-04	-1.5506e-04	-2.7069e-04	-3.2887e-02	-1.7032e-02	4.9531e-03
-7.6605e-04	-1.3609e-03	1.0596e-03	-6.6222e-03	-2.4827e-01	-2.0914e-02	-3.9342e-04	6.4490e-05	4.4729e-04	2.3995e-02	-2.9560e-03	-5.9300e-05
-9.0301e-05	-1.3342e-03	8.1087e-04	-2.2847e-02	-2.5367e-01	1.9646e-03	6.7575e-04	2.6620e-05	-2.4869e-04	-1.6224e-02	-5.4020e-03	2.2878e-02
-5.3884e-04	-1.6262e-03	1.1461e-03	-2.2894e-02	-2.6335e-01	-1.5650e-02	-4.4854e-04	-2.9200e-04	3.3521e-04	-4.7100e-05	-9.6760e-03	-1.7614e-02
-1.3040e-04	-1.5315e-03	9.4251e-04	-9.7355e-03	-2.4591e-01	-9.6016e-03	4.0843e-04	9.4760e-05	-2.0357e-04	1.3158e-02	1.7444e-02	6.0481e-03
6.5584e-05	-1.1990e-03	8.8296e-04	-3.9006e-02	-2.5368e-01	-1.6310e-02	1.9599e-04	3.3252e-04	-5.9555e-05	-2.9270e-02	-7.7750e-03	-6.7081e-03
-6.6427e-04	-1.1990e-03	1.4039e-03	-1.2637e-02	-2.8077e-01	1.8097e-03	-7.2985e-04	0.0000e+00	5.2095e-04	2.6369e-02	-2.7090e-02	1.8119e-02
-7.1470e-05	-9.8084e-04	8.8296e-04	-2.2871e-02	-2.5185e-01	9.0801e-03	5.9280e-04	2.1811e-04	-5.2095e-04	-1.0234e-02	2.8923e-02	7.2705e-03
1.6250e-04	-1.0652e-03	8.8296e-04	-3.4789e-02	-2.6029e-01	-3.3094e-02	2.3397e-04	-8.4333e-05	0.0000e+00	-1.1918e-02	-8.4410e-03	-4.2174e-02
-4.7339e-04	-8.1108e-04	8.8296e-04	-4.0358e-02	-2.7624e-01	-7.8099e-03	-6.3589e-04	2.5409e-04	0.0000e+00	-5.5685e-03	-1.5952e-02	2.5284e-02
5.1619e-05	-8.0230e-04	7.3916e-04	-3.3970e-02	-2.7029e-01	-8.4144e-04	5.2501e-04	8.7800e-06	-1.4380e-04	6.3877e-03	5.9520e-03	6.9684e-03
-4.8502e-04	-1.0217e-03	8.8296e-04	-3.6748e-02	-2.8202e-01	-9.3704e-04	-5.3664e-04	-2.1939e-04	1.4380e-04	-2.7785e-03	-1.1731e-02	-9.5595e-05
-3.5676e-04	-1.0398e-03	5.7740e-04	-2.9598e-02	-2.7623e-01	-3.1928e-02	1.2826e-04	-1.8140e-05	-3.0555e-04	7.1505e-03	5.7860e-03	-3.0991e-02
-6.3285e-06	-9.1454e-04	6.3070e-04	-2.7591e-02	-2.7625e-01	-2.7928e-02	3.5043e-04	1.2529e-04	5.3298e-05	2.0067e-03	-1.2000e-05	4.0002e-03
6.3655e-05	-1.0274e-03	5.6990e-04	-2.2842e-02	-2.7625e-01	-1.3858e-02	6.9983e-05	-1.1286e-04	-6.0805e-05	4.7496e-03	-1.0000e-05	1.4070e-02
-4.8993e-04	-1.2739e-03	6.7068e-04	-2.7927e-02	-2.9293e-01	-4.0551e-02	-5.5358e-04	-2.4654e-04	1.0078e-04	-5.0858e-03	-1.6676e-02	-2.6692e-02
-4.5461e-05	-1.3794e-03	7.0435e-04	-2.2849e-02	-2.9293e-01	-7.2391e-03	4.4447e-04	-1.0543e-04	3.3674e-05	5.0781e-03	3.0000e-06	3.3312e-02
-3.3187e-04	-1.2715e-03	8.8296e-04	-2.6129e-02	-2.9292e-01	-3.1865e-02	-2.8641e-04	1.0785e-04	1.7861e-04	-3.2799e-03	1.0000e-05	-2.4626e-02
-8.9848e-05	-1.2928e-03	5.9333e-04	-2.2849e-02	-2.9292e-01	-2.3298e-02	2.4202e-04	-2.1280e-05	-2.8962e-04	3.2798e-03	-7.0000e-06	8.5676e-03
8.0253e-04	-9.3957e-04	8.8296e-04	-2.2887e-02	-2.8375e-01	-2.4504e-03	8.9237e-04	3.5323e-04	2.8962e-04	-3.7300e-05	9.1790e-03	2.0847e-02
-5.3047e-05	-1.1429e-03	7.0025e-04	-2.8841e-02	-2.9292e-01	-1.9387e-02	-8.5557e-04	-2.0334e-04	-1.8270e-04	-5.9538e-03	-9.1790e-03	-1.6937e-02
9.8367e-05	-8.6143e-04	6.2379e-04	-3.1278e-02	-2.7864e-01	-1.6668e-02	1.5141e-04	2.8148e-04	-7.6467e-05	-2.4378e-03	1.4285e-02	2.7190e-03
1.7501e-04	-8.6143e-04	5.4357e-04	-4.7644e-02	-2.9293e-01	-2.6550e-02	7.6646e-05	0.0000e+00	-8.0219e-05	-1.6366e-02	-1.4288e-02	-9.8817e-03
-6.1559e-04	-1.8070e-03	1.5010e-03	-3.6132e-02	-3.8691e-01	2.1723e-02	-7.9060e-04	-9.4559e-04	9.5741e-04	1.1513e-02	-9.3980e-02	4.8273e-02
-3.8040e-04	-8.7988e-04	1.1883e-03	-1.3403e-02	-3.3166e-01	-5.0175e-03	2.3519e-04	9.2714e-04	-3.1269e-04	2.2729e-02	5.5251e-02	-2.6741e-02
-3.8040e-04	-1.3736e-03	6.0397e-04	-2.8483e-02	-3.3593e-01	-2.1214e-02	0.0000e+00	-4.9373e-04	-5.8432e-04	-1.5080e-02	-4.2700e-03	-1.6196e-02
-1.0663e-03	-1.6026e-03	6.9834e-04	-2.2520e-02	-3.6161e-01	-2.1354e-02	-6.8595e-04	-2.2897e-04	9.4372e-05	5.9631e-03	-2.5686e-02	-1.3970e-04
-1.1176e-03	-1.5407e-03	2.6596e-04	-4.7588e-03	-3.4328e-01	-4.1395e-02	-5.1300e-05	6.1900e-05	-4.3238e-04	1.7761e-02	1.8334e-02	-2.0041e-02
-6.8166e-04	-1.5407e-03	1.2935e-04	-1.5498e-02	-3.3824e-01	-1.9855e-02	4.3599e-04	0.0000e+00	-1.3661e-04	-1.0740e-02	5.0440e-03	2.1539e-02
-8.7290e-04	-1.5407e-03	3.3728e-04	-2.1374e-02	-3.4980e-01	-2.2972e-02	-1.9124e-04	0.0000e+00	2.0793e-04	-5.8753e-03	-1.1564e-02	-3.1171e-03
-6.8875e-04	-1.5642e-03	9.5332e-05	-1.4603e-02	-3.4027e-01	-5.8103e-03	1.8415e-04	-2.3480e-05	-2.4195e-04	6.7707e-03	9.5240e-03	1.7162e-02
-4.2509e-04	-1.3679e-03	1.9410e-04	-2.2161e-02	-3.5687e-01	-6.4743e-05	2.6366e-04	1.9622e-04	9.8772e-05	-7.5584e-03	-1.6593e-02	5.7456e-03
