3.2420e-04	9.6213e-05	1.5044e-04	-3.0968e-02	2.3691e-01	-1.8293e-01	0.0000e+00	0.0000e+00	0.0000e+00	0.0000e+00	0.0000e+00	0.0000e+00
1.6210e-04	2.3741e-04	4.5580e-04	-3.0920e-02	1.8567e-01	-1.7267e-01	-1.6210e-04	1.4119e-04	3.0537e-04	4.8000e-05	-5.1237e-02	1.0265e-02
1.6210e-04	5.1605e-04	1.5044e-04	-3.0906e-02	2.0078e-01	-1.6339e-01	0.0000e+00	2.7864e-04	-3.0537e-04	1.4100e-05	1.5114e-02	9.2760e-03
4.4688e-04	7.0882e-05	1.5044e-04	-3.0971e-02	1.9506e-01	-1.8293e-01	2.8478e-04	-4.4516e-04	0.0000e+00	-6.5200e-05	-5.7230e-03	-1.9539e-02
8.6104e-05	1.1455e-04	1.5044e-04	-3.0969e-02	1.9142e-01	-1.7680e-01	-3.6077e-04	4.3664e-05	0.0000e+00	2.2000e-06	-3.6410e-03	6.1240e-03
2.5723e-04	-4.6284e-05	1.5044e-04	-2.9407e-02	2.2947e-01	-1.5193e-01	1.7113e-04	-1.6083e-04	0.0000e+00	1.5622e-03	3.8048e-02	2.4869e-02
3.1689e-04	-7.2107e-05	1.5044e-04	-3.0484e-02	1.7918e-01	-1.6887e-01	5.9656e-05	-2.5823e-05	0.0000e+00	-1.0769e-03	-5.0285e-02	-1.6934e-02
2.9487e-04	2.5523e-05	3.5158e-04	-2.3951e-02	2.0832e-01	-1.5694e-01	-2.2017e-05	9.7630e-05	2.0114e-04	6.5326e-03	2.9135e-02	1.1925e-02
1.2487e-04	-2.9001e-04	1.5044e-04	-1.1944e-02	1.9287e-01	-1.6869e-01	-1.7000e-04	-3.1553e-04	-2.0114e-04	1.2007e-02	-1.5453e-02	-1.1748e-02
1.0314e-04	2.3741e-04	1.5044e-04	-2.1304e-02	1.6754e-01	-1.8375e-01	-2.1732e-05	5.2742e-04	0.0000e+00	-9.3601e-03	-2.5322e-02	-1.5054e-02
2.7343e-04	-6.8851e-06	-5.6620e-06	-1.6944e-02	2.1970e-01	-1.6648e-01	1.7029e-04	-2.4429e-04	-1.5610e-04	4.3603e-03	5.2160e-02	1.7267e-02
1.4828e-04	1.0310e-04	1.5044e-04	-2.5587e-02	1.4300e-01	-1.4999e-01	-1.2516e-04	1.0998e-04	1.5610e-04	-8.6427e-03	-7.6706e-02	1.6485e-02
2.7343e-04	2.3741e-04	1.5044e-04	-1.8474e-02	1.9857e-01	-1.2882e-01	1.2516e-04	1.3431e-04	0.0000e+00	7.1125e-03	5.5568e-02	2.1174e-02
4.7407e-04	2.3741e-04	4.1213e-05	-1.1867e-02	1.8581e-01	-1.5004e-01	2.0064e-04	0.0000e+00	-1.0922e-04	6.6068e-03	-1.2752e-02	-2.1218e-02
2.7343e-04	2.3741e-04	1.5044e-04	-2.8323e-02	1.7255e-01	-1.5001e-01	-2.0064e-04	0.0000e+00	1.0922e-04	-1.6456e-02	-1.3261e-02	2.8000e-05
2.7343e-04	-4.0402e-05	3.7519e-04	-1.8835e-02	2.1649e-01	-1.3377e-01	0.0000e+00	-2.7781e-04	2.2476e-04	9.4881e-03	4.3932e-02	1.6241e-02
5.9102e-04	-1.2757e-04	1.5044e-04	-1.8818e-02	1.8969e-01	-1.4728e-01	3.1759e-04	-8.7166e-05	-2.2476e-04	1.6700e-05	-2.6792e-02	-1.3511e-02
2.7343e-04	1.2019e-04	2.1594e-04	-1.1854e-02	2.0843e-01	-1.3748e-01	-3.1759e-04	2.4776e-04	6.5501e-05	6.9646e-03	1.8739e-02	9.8010e-03
7.0757e-04	-1.9086e-04	1.5044e-04	-2.0358e-02	1.8968e-01	-1.6044e-01	4.3414e-04	-3.1105e-04	-6.5501e-05	-8.5045e-03	-1.8755e-02	-2.2963e-02
6.5960e-04	2.2412e-04	1.7592e-04	-2.8130e-02	1.6452e-01	-1.5005e-01	-4.7974e-05	4.1498e-04	2.5480e-05	-7.7714e-03	-2.5155e-02	1.0388e-02
5.3932e-04	-4.0441e-05	6.0035e-04	-2.7929e-02	1.8408e-01	-1.5004e-01	-1.2028e-04	-2.6456e-04	4.2444e-04	2.0040e-04	1.9563e-02	1.1000e-05
5.8974e-04	-1.2780e-04	6.0035e-04	-1.1834e-02	1.9852e-01	-1.5005e-01	5.0421e-05	-8.7363e-05	0.0000e+00	1.6095e-02	1.4437e-02	-1.1000e-05
5.6831e-04	2.8104e-05	6.0035e-04	-1.1822e-02	1.6773e-01	-1.5005e-01	-2.1435e-05	1.5591e-04	0.0000e+00	1.2500e-05	-3.0788e-02	4.0000e-06
5.1078e-04	2.2412e-04	9.9276e-04	-9.6867e-03	1.6174e-01	-1.6129e-01	-5.7522e-05	1.9601e-04	3.9241e-04	2.1348e-03	-5.9970e-03	-1.1245e-02
1.0001e-03	1.0235e-04	7.2618e-04	-1.1727e-02	1.9073e-01	-1.5012e-01	4.8932e-04	-1.2177e-04	-2.6658e-04	-2.0400e-03	2.8991e-02	1.1174e-02
1.0863e-03	2.4930e-05	6.8792e-04	-4.1833e-03	1.5678e-01	-1.5013e-01	8.6240e-05	-7.7416e-05	-3.8266e-05	7.5434e-03	-3.3951e-02	-9.0000e-06
1.1991e-03	-7.5123e-05	7.8061e-04	6.9994e-03	1.6269e-01	-1.6238e-01	1.1280e-04	-1.0005e-04	9.2691e-05	1.1183e-02	5.9150e-03	-1.2252e-02
-7.2825e-04	-7.5123e-05	3.8698e-04	6.9636e-03	1.4695e-01	-1.0697e-01	-1.9274e-03	0.0000e+00	-3.9363e-04	-3.5890e-05	-1.5739e-02	5.5409e-02
-4.5121e-04	4.6575e-05	4.5443e-04	6.9465e-03	1.3758e-01	-6.0954e-02	2.7704e-04	1.2170e-04	6.7445e-05	-1.7050e-05	-9.3710e-03	4.6019e-02
-2.4318e-04	4.8800e-04	3.4309e-04	-2.1499e-02	8.6953e-02	-2.8073e-02	2.0803e-04	4.4142e-04	-1.1134e-04	-2.8446e-02	-5.0629e-02	3.2882e-02
-8.7194e-04	5.2032e-04	4.5187e-04	-2.5201e-02	1.4545e-01	-8.0823e-02	-6.2876e-04	3.2320e-05	1.0878e-04	-3.7015e-03	5.8498e-02	-5.2750e-02
-6.2489e-04	2.6971e-04	8.8515e-04	-1.1938e-02	1.1464e-01	-5.4426e-02	2.4706e-04	-2.5061e-04	4.3328e-04	1.3262e-02	-3.0813e-02	2.6397e-02
-5.0801e-04	3.2749e-05	7.2352e-04	-1.1985e-02	1.5756e-01	-2.9291e-02	1.1687e-04	-2.3696e-04	-1.6164e-04	-4.6800e-05	4.2926e-02	2.5135e-02
-5.5495e-04	2.4916e-04	8.8515e-04	-1.1970e-02	1.0847e-01	-2.9300e-02	-4.6941e-05	2.1641e-04	1.6164e-04	1.5000e-05	-4.9099e-02	-9.4000e-06
-6.2279e-04	2.8953e-04	8.8515e-04	-1.1966e-02	1.4369e-01	-2.9318e-02	-6.7832e-05	4.0374e-05	0.0000e+00	4.2000e-06	3.5222e-02	-1.7400e-05
2.7479e-05	-2.8937e-04	5.9245e-04	-1.1936e-02	1.0591e-01	-4.8902e-02	6.5027e-04	-5.7890e-04	-2.9270e-04	3.0000e-05	-3.7780e-02	-1.9584e-02
-3.5369e-04	3.3632e-04	7.8108e-04	-1.1940e-02	1.1898e-01	-4.5028e-02	-3.8117e-04	6.2569e-04	1.8863e-04	-4.1000e-06	1.3077e-02	3.8736e-03
-4.9957e-04	1.4760e-04	3.1152e-04	-1.4351e-02	1.3750e-01	-5.4912e-02	-1.4588e-04	-1.8872e-04	-4.6956e-04	-2.4104e-03	1.8513e-02	-9.8838e-03
-9.9813e-04	1.6328e-04	7.6847e-04	-1.1970e-02	1.1252e-01	-2.9324e-02	-4.9856e-04	1.5675e-05	4.5695e-04	2.3808e-03	-2.4974e-02	2.5588e-02
-5.0478e-04	-2.8937e-04	7.6005e-04	-2.3406e-03	1.4792e-01	-1.4034e-02	4.9334e-04	-4.5265e-04	-8.4230e-06	9.6292e-03	3.5393e-02	1.5290e-02
-6.8678e-04	-2.8937e-04	7.8204e-04	4.7657e-03	9.1535e-02	-2.0904e-02	-1.8200e-04	0.0000e+00	2.1987e-05	7.1064e-03	-5.6381e-02	-6.8699e-03
-6.7365e-04	-2.8937e-04	7.0078e-04	4.7724e-03	1.0637e-01	-1.6205e-02	1.3135e-05	0.0000e+00	-8.1254e-05	6.6500e-06	1.4835e-02	4.6996e-03
-4.3658e-04	-2.8937e-04	1.0424e-03	9.8184e-04	1.3096e-01	-7.7502e-03	2.3707e-04	0.0000e+00	3.4164e-04	-3.7905e-03	2.4595e-02	8.4543e-03
-1.7259e-06	-4.8726e-04	7.0078e-04	4.7826e-03	1.4163e-01	-3.3459e-02	4.3485e-04	-1.9789e-04	-3.4164e-04	3.8007e-03	1.0665e-02	-2.5709e-02
2.7137e-04	-2.8937e-04	7.0078e-04	4.7724e-03	8.3430e-02	-2.9118e-02	2.7310e-04	1.9789e-04	0.0000e+00	-1.0190e-05	-5.8200e-02	4.3413e-03
-1.7899e-04	-2.8937e-04	5.9255e-04	4.7820e-03	1.2677e-01	-1.1683e-02	-4.5037e-04	0.0000e+00	-1.0823e-04	9.6200e-06	4.3340e-02	1.7436e-02
4.7688e-04	-2.8937e-04	7.0078e-04	4.7724e-03	1.0591e-01	-2.9116e-02	6.5587e-04	0.0000e+00	1.0823e-04	-9.6200e-06	-2.0856e-02	-1.7434e-02
-3.4795e-04	-2.8937e-04	7.0078e-04	4.7724e-03	8.5811e-02	-1.5854e-03	-8.2482e-04	0.0000e+00	0.0000e+00	0.0000e+00	-2.0103e-02	2.7531e-02
1.9165e-04	-2.8937e-04	7.0078e-04	6.9701e-03	1.3599e-01	-1.5476e-03	5.3960e-04	0.0000e+00	0.0000e+00	2.1977e-03	5.0176e-02	3.7810e-05
4.5592e-04	-4.3023e-04	7.0078e-04	4.7714e-03	9.6613e-02	-1.5427e-03	2.6426e-04	-1.4087e-04	0.0000e+00	-2.1987e-03	-3.9374e-02	4.8900e-06
1.9165e-04	-5.8915e-04	8.9512e-04	4.7574e-03	1.3299e-01	-9.3115e-03	-2.6426e-04	-1.5892e-04	1.9434e-04	-1.4020e-05	3.6381e-02	-7.7688e-03
-1.4504e-04	-5.0975e-04	7.0659e-04	4.7096e-03	1.1008e-01	-1.4091e-02	-3.3669e-04	7.9399e-05	-1.8853e-04	-4.7750e-05	-2.2918e-02	-4.7791e-03
2.3235e-04	-2.8937e-04	2.7967e-04	-1.6469e-02	7.2948e-02	-5.7368e-02	3.7740e-04	2.2038e-04	-4.2692e-04	-2.1179e-02	-3.7128e-02	-4.3277e-02
5.1872e-04	-2.8937e-04	6.4127e-04	-1.6469e-02	6.9093e-02	-4.2064e-02	2.8637e-04	0.0000e+00	3.6160e-04	2.0000e-07	-3.8549e-03	1.5304e-02
4.6143e-04	-5.0563e-04	4.8216e-04	-1.4678e-02	1.3439e-01	-3.2974e-02	-5.7290e-05	-2.1626e-04	-1.5911e-04	1.7906e-03	6.5294e-02	9.0898e-03
3.6080e-04	-2.8937e-04	2.2813e-04	-1.4800e-02	1.0141e-01	-4.0329e-02	-1.0063e-04	2.1626e-04	-2.5403e-04	-1.2220e-04	-3.2978e-02	-7.3549e-03
6.1128e-04	-2.2724e-04	2.2813e-04	2.6359e-04	1.0140e-01	-3.2976e-02	2.5048e-04	6.2133e-05	0.0000e+00	1.5064e-02	-8.0000e-06	7.3529e-03
5.8238e-04	-4.9324e-04	5.8970e-04	-8.5247e-03	1.4287e-01	-3.2976e-02	-2.8900e-05	-2.6600e-04	3.6157e-04	-8.7883e-03	4.1466e-02	3.0000e-07
6.1469e-04	-4.9324e-04	2.2813e-04	-8.0581e-03	8.9814e-02	-1.7916e-02	3.2315e-05	0.0000e+00	-3.6157e-04	4.6660e-04	-5.3053e-02	1.5060e-02
4.3054e-04	-4.9324e-04	6.5247e-04	-9.4016e-03	1.1206e-01	-3.8740e-03	-1.8415e-04	0.0000e+00	4.2434e-04	-1.3435e-03	2.2248e-02	1.4042e-02
3.6080e-04	-4.9324e-04	5.2219e-04	-1.0336e-02	1.1792e-01	-1.0662e-02	-6.9742e-05	0.0000e+00	-1.3028e-04	-9.3453e-04	5.8600e-03	-6.7879e-03
6.5702e-04	-4.9324e-04	2.2813e-04	-1.6930e-02	1.0316e-01	-3.2967e-02	2.9622e-04	0.0000e+00	-2.9407e-04	-6.5940e-03	-1.4764e-02	-2.2305e-02
7.2605e-04	-7.5211e-04	5.8088e-04	-1.6937e-02	6.5952e-02	-1.3807e-02	6.9031e-05	-2.5887e-04	3.5275e-04	-6.8000e-06	-3.7206e-02	1.9160e-02
3.6080e-04	-6.6709e-04	4.8339e-04	-1.2038e-02	1.1077e-01	-1.3846e-02	-3.6525e-04	8.5023e-05	-9.7496e-05	4.8985e-03	4.4815e-02	-3.8400e-05
7.6942e-04	-6.1031e-04	2.2813e-04	-1.4097e-02	8.0154e-02	-1.3844e-02	4.0862e-04	5.6782e-05	-2.5526e-04	-2.0586e-03	-3.0613e-02	1.9000e-06
7.1822e-04	-5.8563e-04	6.4885e-04	-1.6907e-02	8.0157e-02	-1.3841e-02	-5.1207e-05	2.4682e-05	4.2072e-04	-2.8102e-03	3.0000e-06	2.9000e-06
7.6942e-04	-7.7176e-04	5.1654e-04	-1.6910e-02	1.3229e-01	-1.3838e-02	5.1207e-05	-1.8613e-04	-1.3231e-04	-3.2000e-06	5.2133e-02	2.4000e-06
8.3445e-04	-8.0930e-04	6.4885e-04	-1.6912e-02	8.6631e-02	-1.3832e-02	6.5032e-05	-3.7544e-05	1.3231e-04	-1.2000e-06	-4.5659e-02	6.6000e-06
3.0124e-04	-6.9853e-04	6.4885e-04	-1.6915e-02	9.8680e-02	-2.0714e-02	-5.3321e-04	1.1078e-04	0.0000e+00	-3.6000e-06	1.2049e-02	-6.8825e-03
2.9979e-04	-7.8522e-04	6.4885e-04	-2.0339e-02	8.6632e-02	-4.8217e-02	-1.4570e-06	-8.6689e-05	0.0000e+00	-3.4242e-03	-1.2048e-02	-2.7503e-02
3.0230e-04	-4.4807e-04	4.8464e-04	-1.6897e-02	5.5791e-02	-9.2341e-03	2.5160e-06	3.3714e-04	-1.6421e-04	3.4420e-03	-3.0841e-02	3.8983e-02
7.3980e-04	-9.0876e-04	6.4885e-04	-1.6917e-02	1.1105e-01	-2.5340e-02	4.3749e-04	-4.6069e-04	1.6421e-04	-1.9400e-05	5.5259e-02	-1.6106e-02
8.9145e-04	-4.4807e-04	5.4693e-04	-1.6905e-02	6.2695e-02	-2.5325e-02	1.5166e-04	4.6069e-04	-1.0192e-04	1.2200e-05	-4.8355e-02	1.4900e-05
3.5645e-04	-4.4807e-04	5.6681e-04	-1.2465e-02	8.9602e-02	-1.4579e-02	-5.3500e-04	0.0000e+00	1.9880e-05	4.4392e-03	2.6906e-02	1.0746e-02
3.5645e-04	-4.4807e-04	6.4885e-04	-1.1828e-04	7.2621e-02	-2.5336e-02	0.0000e+00	0.0000e+00	8.2036e-05	1.2347e-02	-1.6981e-02	-1.0757e-02
8.4775e-04	-4.4807e-04	6.4885e-04	-1.1828e-04	4.4133e-02	-9.8742e-03	4.9129e-04	0.0000e+00	0.0000e+00	0.0000e+00	-2.8487e-02	1.5462e-02
7.5437e-04	-4.4807e-04	6.4885e-04	2.9719e-03	9.9181e-02	-1.9512e-02	-9.3379e-05	0.0000e+00	0.0000e+00	3.0901e-03	5.5047e-02	-9.6374e-03
8.3298e-04	-4.4807e-04	4.7238e-04	-8.8189e-05	2.3807e-02	-2.5255e-02	7.8608e-05	0.0000e+00	-1.7647e-04	-3.0600e-03	-7.5374e-02	-5.7434e-03
2.7996e-04	-4.4807e-04	4.1875e-04	-1.1357e-04	7.6534e-02	-2.7567e-02	-5.5301e-04	0.0000e+00	-5.3628e-05	-2.5378e-05	5.2727e-02	-2.3119e-03
5.0488e-04	-5.7390e-04	6.3710e-04	-1.2762e-04	6.7376e-02	-2.5339e-02	2.2492e-04	-1.2583e-04	2.1835e-04	-1.4051e-05	-9.1579e-03	2.2276e-03
5.5510e-04	-4.4807e-04	3.2562e-04	-1.2360e-04	3.5641e-02	-1.4483e-02	5.0219e-05	1.2583e-04	-3.1148e-04	4.0160e-06	-3.1734e-02	1.0856e-02
3.5645e-04	-5.7118e-04	3.9145e-04	-1.1005e-04	6.7385e-02	-9.0944e-03	-1.9864e-04	-1.2310e-04	6.5835e-05	1.3555e-05	3.1744e-02	5.3887e-03
7.8483e-04	-6.3462e-04	3.9666e-04	-1.1778e-04	6.7396e-02	2.1324e-04	4.2838e-04	-6.3441e-05	5.2090e-06	-7.7280e-06	1.1000e-05	9.3077e-03
6.4065e-04	-5.2787e-04	4.0973e-04	-1.5139e-04	-6.0649e-03	2.4100e-04	-1.4419e-04	1.0674e-04	1.3071e-05	-3.3613e-05	-7.3461e-02	2.7755e-05
3.5645e-04	-4.4807e-04	3.7187e-04	4.6229e-03	5.6300e-02	-5.1133e-03	-2.8419e-04	7.9801e-05	-3.7858e-05	4.7743e-03	6.2364e-02	-5.3543e-03
1.9395e-04	-5.0481e-04	4.4894e-05	-6.4043e-03	-1.6806e-02	2.0512e-04	-1.6250e-04	-5.6738e-05	-3.2698e-04	-1.1027e-02	-7.3105e-02	5.3184e-03
3.7737e-04	-4.3268e-04	4.4894e-05	-1.2498e-04	4.3804e-02	-6.6938e-03	1.8342e-04	7.2128e-05	0.0000e+00	6.2793e-03	6.0610e-02	-6.8989e-03
-9.5225e-05	-0.0000e+00	4.4894e-05	-1.2727e-04	1.1278e-02	1.6301e-04	-4.7260e-04	4.3268e-04	-1.0000e-10	-2.2860e-06	-3.2525e-02	6.8568e-03
2.7740e-04	-2.5549e-04	4.4894e-05	3.9137e-03	4.7891e-02	-1.2362e-02	3.7262e-04	-2.5549e-04	1.0000e-10	4.0410e-03	3.6612e-02	-1.2525e-02
3.8976e-04	-2.4337e-24	4.4894e-05	-1.2727e-04	-1.0773e-02	-7.4840e-03	1.1236e-04	2.5549e-04	-1.0000e-10	-4.0410e-03	-5.8663e-02	4.8779e-03
-1.1362e-04	-3.9507e-04	4.4894e-05	-1.1841e-04	4.6791e-02	9.2683e-03	-5.0338e-04	-3.9507e-04	0.0000e+00	8.8530e-06	5.7564e-02	1.6752e-02
4.8347e-04	-0.0000e+00	4.4894e-05	-1.2727e-04	-2.3237e-03	1.6325e-04	5.9709e-04	3.9507e-04	0.0000e+00	-8.8530e-06	-4.9115e-02	-9.1050e-03
5.9914e-04	6.3938e-23	3.4558e-04	-1.4048e-04	-2.3196e-03	1.6845e-04	1.1567e-04	6.3938e-23	3.0069e-04	-1.3211e-05	4.0900e-06	5.2020e-06
4.3703e-04	1.6499e-23	3.0435e-04	7.6324e-03	6.3202e-02	-1.7348e-02	-1.6211e-04	-4.7439e-23	-4.1233e-05	7.7729e-03	6.5522e-02	-1.7517e-02
3.8536e-04	1.3235e-23	2.0944e-04	-2.7949e-05	1.7148e-02	-2.9301e-02	-5.1677e-05	-3.2639e-24	-9.4907e-05	-7.6604e-03	-4.6054e-02	-1.1953e-02
-8.0324e-04	-1.0283e-04	1.7573e-04	-1.2772e-05	1.8832e-02	2.5465e-02	-1.1886e-03	-1.0283e-04	-3.3715e-05	1.5177e-05	1.6842e-03	5.4767e-02
-4.8889e-04	-2.6418e-04	0.0000e+00	1.0596e-05	3.1925e-02	-3.0325e-05	3.1435e-04	-1.6135e-04	-1.7573e-04	2.3367e-05	1.3093e-02	-2.5496e-02
0.0000e+00	-0.0000e+00	0.0000e+00	0.0000e+00	0.0000e+00	0.0000e+00	4.8889e-04	2.6418e-04	0.0000e+00	-1.0596e-05	-3.1925e-02	3.0325e-05
0.0000e+00	-0.0000e+00	0.0000e+00	0.0000e+00	3.1524e-02	2.1095e-02	0.0000e+00	0.0000e+00	0.0000e+00	0.0000e+00	3.1524e-02	2.1095e-02
0.0000e+00	-2.8509e-04	0.0000e+00	1.6370e-06	5.1303e-02	-1.5181e-02	0.0000e+00	-2.8509e-04	0.0000e+00	1.6370e-06	1.9779e-02	-3.6276e-02
2.2491e-04	-0.0000e+00	0.0000e+00	0.0000e+00	3.2470e-03	1.4625e-02	2.2491e-04	2.8509e-04	0.0000e+00	-1.6370e-06	-4.8056e-02	2.9805e-02
9.8343e-05	-2.2922e-04	0.0000e+00	2.1155e-02	4.8972e-02	1.7516e-02	-1.2657e-04	-2.2922e-04	0.0000e+00	2.1155e-02	4.5725e-02	2.8914e-03
0.0000e+00	-3.2977e-04	0.0000e+00	9.3860e-03	9.7320e-04	-1.9544e-02	-9.8343e-05	-1.0056e-04	0.0000e+00	-1.1769e-02	-4.7999e-02	-3.7060e-02
-5.2324e-04	-0.0000e+00	1.9997e-04	2.9931e-03	-8.3786e-03	4.0876e-02	-5.2324e-04	3.2977e-04	1.9997e-04	-6.3929e-03	-9.3518e-03	6.0420e-02
3.7797e-05	-4.0499e-04	0.0000e+00	3.0295e-03	2.3743e-02	1.3521e-02	5.6103e-04	-4.0499e-04	-1.9997e-04	3.6380e-05	3.2122e-02	-2.7356e-02
3.7797e-05	-2.0843e-04	0.0000e+00	3.0177e-03	-2.2559e-02	1.3528e-02	0.0000e+00	1.9656e-04	0.0000e+00	-1.1860e-05	-4.6302e-02	7.4000e-06
3.7797e-05	-3.3975e-04	3.3697e-04	5.3991e-03	2.2621e-02	3.2791e-02	0.0000e+00	-1.3132e-04	3.3697e-04	2.3815e-03	4.5180e-02	1.9263e-02
3.7797e-05	-4.4841e-04	2.4236e-04	1.0709e-02	1.3883e-02	-1.9428e-03	0.0000e+00	-1.0866e-04	-9.4614e-05	5.3097e-03	-8.7381e-03	-3.4734e-02
-7.0915e-04	-4.8287e-04	4.3329e-04	5.5192e-03	-1.7984e-02	-1.3984e-02	-7.4695e-04	-3.4455e-05	1.9093e-04	-5.1896e-03	-3.1867e-02	-1.2041e-02
-5.1355e-04	-4.9071e-04	3.3766e-04	2.1645e-02	2.3123e-02	-1.3978e-02	1.9561e-04	-7.8470e-06	-9.5627e-05	1.6126e-02	4.1108e-02	6.1000e-06
-1.2480e-04	-6.5233e-04	3.3766e-04	8.6922e-03	-1.5879e-02	-3.7831e-05	3.8875e-04	-1.6161e-04	0.0000e+00	-1.2953e-02	-3.9002e-02	1.3940e-02
-5.0308e-04	-3.2022e-04	3.3766e-04	2.1647e-02	1.0145e-03	-1.6387e-03	-3.7828e-04	3.3211e-04	0.0000e+00	1.2955e-02	1.6893e-02	-1.6009e-03
-6.1036e-04	-4.2941e-04	2.0234e-04	2.1645e-02	2.2937e-02	-9.0777e-03	-1.0728e-04	-1.0920e-04	-1.3532e-04	-1.8000e-06	2.1922e-02	-7.4390e-03
-3.0349e-04	-4.2941e-04	2.0233e-04	1.1423e-02	-1.9537e-02	-1.3970e-02	3.0687e-04	0.0000e+00	-1.4000e-08	-1.0223e-02	-4.2474e-02	-4.8927e-03
-6.1036e-04	-4.2941e-04	3.3766e-04	1.6026e-02	-2.5442e-02	-1.3977e-02	-3.0687e-04	0.0000e+00	1.3533e-04	4.6039e-03	-5.9054e-03	-6.8000e-06
-3.3169e-04	-4.2941e-04	3.3766e-04	8.6782e-03	1.1377e-02	-1.3965e-02	2.7867e-04	0.0000e+00	0.0000e+00	-7.3482e-03	3.6819e-02	1.2200e-05
-1.7312e-04	-4.2941e-04	1.4793e-04	7.4775e-03	-3.3951e-02	-1.9353e-02	1.5856e-04	0.0000e+00	-1.8973e-04	-1.2006e-03	-4.5327e-02	-5.3880e-03
-4.7898e-04	-4.2941e-04	3.3766e-04	9.2962e-03	-4.0553e-03	-1.3953e-02	-3.0586e-04	0.0000e+00	1.8973e-04	1.8187e-03	2.9896e-02	5.3997e-03
-6.6860e-04	-4.8685e-04	-7.0444e-05	1.1935e-02	7.4763e-03	-1.6245e-02	-1.8962e-04	-5.7432e-05	-4.0811e-04	2.6385e-03	1.1532e-02	-2.2913e-03
-3.0747e-04	-4.2941e-04	2.0335e-04	1.9238e-02	-2.9547e-02	-1.3955e-02	3.6113e-04	5.7432e-05	2.7379e-04	7.3037e-03	-3.7024e-02	2.2891e-03
-7.1188e-04	-4.2941e-04	1.6065e-04	2.1663e-02	-1.3221e-03	-2.6406e-03	-4.0441e-04	0.0000e+00	-4.2693e-05	2.4242e-03	2.8225e-02	1.1315e-02
1.1104e-05	1.9391e-04	-7.0444e-05	2.1731e-02	3.4999e-02	-1.1617e-01	7.2298e-04	6.2333e-04	-2.3110e-04	6.8700e-05	3.6321e-02	-1.1353e-01
9.1585e-05	-4.7522e-04	6.9090e-04	6.2139e-02	-7.8509e-02	-3.3539e-02	8.0481e-05	-6.6913e-04	7.6135e-04	4.0408e-02	-1.1351e-01	8.2635e-02
-3.9704e-04	-8.8309e-04	-2.3666e-04	4.2250e-02	-4.4489e-02	-6.9061e-02	-4.8863e-04	-4.0788e-04	-9.2757e-04	-1.9889e-02	3.4020e-02	-3.5522e-02
-8.2550e-04	-8.5250e-04	-3.6266e-04	3.9339e-02	4.7360e-03	-8.9550e-02	-4.2846e-04	3.0596e-05	-1.2599e-04	-2.9110e-03	4.9224e-02	-2.0489e-02
-8.2550e-04	-2.1336e-04	-5.8058e-04	3.8211e-02	-4.8219e-02	-7.5865e-02	0.0000e+00	6.3914e-04	-2.1792e-04	-1.1276e-03	-5.2955e-02	1.3685e-02
-8.2550e-04	-2.9467e-04	-5.6912e-04	3.7097e-02	-2.0666e-02	-7.4117e-02	0.0000e+00	-8.1311e-05	1.1456e-05	-1.1140e-03	2.7553e-02	1.7485e-03
-6.7028e-04	-5.2586e-04	-6.6344e-04	3.3694e-02	-1.4601e-02	-1.0614e-01	1.5522e-04	-2.3119e-04	-9.4324e-05	-3.4029e-03	6.0643e-03	-3.2027e-02
-1.1076e-03	1.5684e-04	-1.1496e-03	4.0026e-02	-4.7429e-02	-1.2870e-01	-4.3735e-04	6.8270e-04	-4.8620e-04	6.3318e-03	-3.2828e-02	-2.2556e-02
-1.3272e-03	5.7488e-04	-1.3441e-03	3.0647e-02	-5.2747e-02	-1.8825e-01	-2.1956e-04	4.1804e-04	-1.9441e-04	-9.3792e-03	-5.3175e-03	-5.9554e-02
-1.8883e-03	2.3338e-04	-1.1593e-03	2.3165e-02	-3.2466e-02	-1.0329e-01	-5.6108e-04	-3.4150e-04	1.8473e-04	-7.4818e-03	2.0281e-02	8.4963e-02
-1.9363e-03	-3.6641e-04	-1.2410e-03	2.4346e-02	-4.7371e-02	-8.2358e-02	-4.7990e-05	-5.9979e-04	-8.1720e-05	1.1807e-03	-1.4906e-02	2.0933e-02
-1.6377e-03	-2.9045e-04	-9.5302e-04	1.0835e-02	-3.6274e-02	-8.2299e-02	2.9852e-04	7.5963e-05	2.8802e-04	-1.3511e-02	1.1098e-02	5.9000e-05
-1.5731e-03	-8.9579e-05	-9.7068e-04	1.4521e-02	-1.5613e-02	-8.2311e-02	6.4690e-05	2.0087e-04	-1.7657e-05	3.6865e-03	2.0661e-02	-1.1700e-05
-1.8466e-03	-7.2190e-05	-9.7068e-04	1.4495e-02	-8.5919e-02	-6.6711e-02	-2.7355e-04	1.7389e-05	0.0000e+00	-2.6200e-05	-7.0306e-02	1.5600e-02
-1.9903e-03	-2.7184e-04	-1.0438e-03	1.4498e-02	-2.9991e-02	-7.2851e-02	-1.4368e-04	-1.9965e-04	-7.3150e-05	3.0000e-06	5.5928e-02	-6.1400e-03
-1.9099e-03	9.3542e-05	-9.7068e-04	1.4499e-02	-7.8471e-02	-8.2279e-02	8.0340e-05	3.6538e-04	7.3150e-05	1.1000e-06	-4.8479e-02	-9.4279e-03
-1.6275e-03	9.9210e-05	-9.7068e-04	1.4497e-02	-6.4937e-02	-7.8349e-02	2.8248e-04	5.6685e-06	0.0000e+00	-2.4000e-06	1.3534e-02	3.9299e-03
-1.4048e-03	1.9755e-04	-9.7068e-04	1.4492e-02	-5.2006e-02	-8.2211e-02	2.2267e-04	9.8341e-05	0.0000e+00	-4.5000e-06	1.2931e-02	-3.8622e-03
-1.3269e-03	-3.8349e-04	-9.7068e-04	9.1760e-03	-8.9266e-02	-9.1843e-02	7.7890e-05	-5.8104e-04	0.0000e+00	-5.3162e-03	-3.7260e-02	-9.6314e-03
-1.6275e-03	-3.8349e-04	-6.5578e-04	1.4474e-02	-7.4758e-02	-9.4406e-02	-3.0056e-04	0.0000e+00	3.1490e-04	5.2981e-03	1.4508e-02	-2.5635e-03
-1.3828e-03	-3.8349e-04	-9.7068e-04	1.4492e-02	-4.1030e-02	-9.8740e-02	2.4463e-04	0.0000e+00	-3.1490e-04	1.7500e-05	3.3727e-02	-4.3342e-03
-1.1638e-03	-2.4334e-04	-9.7068e-04	1.4500e-02	-8.0349e-02	-1.0989e-01	2.1907e-04	1.4014e-04	0.0000e+00	8.8000e-06	-3.9319e-02	-1.1147e-02
-1.0221e-03	-1.6317e-04	-7.3576e-04	1.2376e-02	-1.1521e-01	-1.0988e-01	1.4162e-04	8.0178e-05	2.3492e-04	-2.1246e-03	-3.4859e-02	5.0000e-06
-1.2361e-03	-2.0630e-04	-9.7068e-04	2.0477e-02	-6.7712e-02	-1.0990e-01	-2.1396e-04	-4.3135e-05	-2.3492e-04	8.1007e-03	4.7496e-02	-2.0000e-05
-1.3293e-03	-2.4031e-04	-8.2992e-04	2.0571e-02	-6.6435e-02	-1.3360e-01	-9.3200e-05	-3.4013e-05	1.4076e-04	9.4400e-05	1.2770e-03	-2.3694e-02
-1.2904e-03	-2.7764e-05	-9.7068e-04	1.7063e-02	-1.0226e-01	-1.2713e-01	3.8930e-05	2.1255e-04	-1.4076e-04	-3.5074e-03	-3.5826e-02	6.4660e-03
-1.3944e-03	2.2336e-05	-8.1736e-04	1.2703e-02	-8.7921e-02	-1.0245e-01	-1.0406e-04	5.0100e-05	1.5332e-04	-4.3609e-03	1.4340e-02	2.4679e-02
-9.7500e-04	2.2336e-05	-8.7320e-04	1.1257e-02	-7.3989e-02	-1.2711e-01	4.1943e-04	0.0000e+00	-5.5839e-05	-1.4458e-03	1.3933e-02	-2.4659e-02
-9.3965e-04	-3.9852e-05	-6.5229e-04	1.4057e-02	-1.1442e-01	-1.2706e-01	3.5348e-05	-6.2187e-05	2.2091e-04	2.7998e-03	-4.0434e-02	5.0000e-05
-9.7679e-04	-2.7728e-04	-5.4004e-04	2.4111e-02	-5.3562e-02	-1.1850e-01	-3.7133e-05	-2.3743e-04	1.1225e-04	1.0054e-02	6.0861e-02	8.5610e-03
-7.3047e-04	-3.2568e-04	-5.9491e-04	2.3876e-02	-6.4806e-02	-1.1822e-01	2.4632e-04	-4.8399e-05	-5.4871e-05	-2.3490e-04	-1.1245e-02	2.8400e-04
-3.3217e-04	2.2336e-05	-2.9166e-04	2.3285e-02	-9.6296e-02	-1.1890e-01	3.9829e-04	3.4801e-04	3.0325e-04	-5.9120e-04	-3.1490e-02	-6.8600e-04
-4.3295e-04	2.2336e-05	-6.5817e-04	1.6831e-02	-6.1586e-02	-1.0201e-01	-1.0078e-04	0.0000e+00	-3.6651e-04	-6.4535e-03	3.4710e-02	1.6888e-02
-6.7351e-04	2.2336e-05	-4.9887e-04	1.5190e-02	-9.6277e-02	-1.2281e-01	-2.4056e-04	0.0000e+00	1.5930e-04	-1.6407e-03	-3.4690e-02	-2.0801e-02
-3.4644e-04	-7.3867e-05	-2.7677e-04	1.2425e-02	-1.2627e-01	-1.2708e-01	3.2707e-04	-9.6203e-05	2.2210e-04	-2.7652e-03	-2.9990e-02	-4.2630e-03
-5.1148e-04	-1.4087e-04	-3.4535e-04	1.3740e-02	-7.9256e-02	-1.2707e-01	-1.6504e-04	-6.7008e-05	-6.8585e-05	1.3151e-03	4.7011e-02	2.0000e-06
-2.6593e-04	-3.8672e-04	-5.8473e-04	1.5897e-02	-6.7297e-02	-1.3580e-01	2.4555e-04	-2.4585e-04	-2.3938e-04	2.1570e-03	1.1959e-02	-8.7270e-03
-2.7341e-04	2.2336e-05	-4.9101e-04	1.0535e-02	-1.2569e-01	-1.2707e-01	-7.4830e-06	4.0906e-04	9.3721e-05	-5.3618e-03	-5.8395e-02	8.7300e-03
-6.4994e-04	-2.9130e-04	-3.6050e-04	1.5981e-02	-8.8658e-02	-1.1570e-01	-3.7652e-04	-3.1364e-04	1.3051e-04	5.4457e-03	3.7034e-02	1.1368e-02
-5.1364e-04	-4.2664e-04	-5.3082e-04	1.7626e-02	-6.9573e-02	-1.3950e-01	1.3630e-04	-1.3534e-04	-1.7032e-04	1.6452e-03	1.9084e-02	-2.3793e-02
-3.2704e-04	-4.7498e-04	-2.2843e-04	2.1365e-02	-1.1585e-01	-1.2929e-01	1.8659e-04	-4.8345e-05	3.0239e-04	3.7385e-03	-4.6275e-02	1.0204e-02
-6.7376e-04	-4.0002e-04	-4.0643e-04	2.6116e-02	-6.8210e-02	-1.2180e-01	-3.4671e-04	7.4961e-05	-1.7800e-04	4.7509e-03	4.7638e-02	7.4960e-03
-4.0321e-04	-5.1107e-04	-4.3536e-04	1.4540e-02	-9.4680e-02	-1.3290e-01	2.7054e-04	-1.1105e-04	-2.8932e-05	-1.1576e-02	-2.6470e-02	-1.1099e-02
-9.4167e-04	-4.0002e-04	-3.7753e-04	6.2899e-03	-1.3749e-01	-1.4084e-01	-5.3846e-04	1.1105e-04	5.7837e-05	-8.2503e-03	-4.2811e-02	-7.9410e-03
-8.6163e-04	6.0431e-05	1.7027e-04	1.5819e-02	-1.2315e-01	-1.3294e-01	8.0040e-05	4.6045e-04	5.4779e-04	9.5294e-03	1.4344e-02	7.9010e-03
-5.0776e-04	7.2816e-05	-3.1030e-04	1.5818e-02	-8.8546e-02	-1.2329e-01	3.5387e-04	1.2385e-05	-4.8057e-04	-8.0000e-07	3.4601e-02	9.6430e-03
-5.7553e-04	-6.5431e-05	-7.3303e-04	1.5818e-02	-1.2152e-01	-1.0852e-01	-6.7768e-05	-1.3825e-04	-4.2273e-04	-1.0000e-06	-3.2975e-02	1.4772e-02
-5.7553e-04	-1.4968e-04	-7.3303e-04	1.5804e-02	-6.5646e-02	-1.3297e-01	0.0000e+00	-8.4250e-05	0.0000e+00	-1.3200e-05	5.5875e-02	-2.4451e-02
-4.1687e-04	-2.7572e-04	-5.3903e-04	1.5769e-02	-1.2205e-01	-1.4900e-01	1.5866e-04	-1.2604e-04	1.9400e-04	-3.5700e-05	-5.6399e-02	-1.6031e-02
-8.4487e-04	-3.9061e-04	-3.7828e-04	9.3483e-03	-1.1464e-01	-1.3301e-01	-4.2800e-04	-1.1489e-04	1.6076e-04	-6.4203e-03	7.4040e-03	1.5998e-02
-6.0435e-04	-3.9061e-04	-6.7351e-04	1.5779e-02	-8.3864e-02	-1.3301e-01	2.4052e-04	0.0000e+00	-2.9523e-04	6.4309e-03	3.0777e-02	-2.0000e-06
-8.7956e-05	6.2365e-04	-8.1061e-04	9.0049e-03	-1.2895e-01	-2.5775e-01	5.1640e-04	1.0143e-03	-1.3710e-04	-6.7743e-03	-4.5086e-02	-1.2474e-01
-8.5715e-04	8.4245e-04	-1.5947e-03	2.3025e-02	-1.1115e-01	-2.2897e-01	-7.6919e-04	2.1880e-04	-7.8405e-04	1.4020e-02	1.7799e-02	2.8780e-02
-1.1089e-03	1.0883e-03	-1.5947e-03	5.2373e-03	-8.5176e-02	-2.4775e-01	-2.5173e-04	2.4585e-04	0.0000e+00	-1.7788e-02	2.5975e-02	-1.8777e-02
-1.0057e-03	4.7712e-04	-2.6796e-03	2.9062e-02	-1.6380e-01	-1.6263e-01	1.0318e-04	-6.1118e-04	-1.0849e-03	2.3825e-02	-7.8621e-02	8.5117e-02
-3.2866e-03	1.0404e-03	-3.0105e-03	1.1725e-02	-1.4654e-01	-1.9347e-01	-2.2809e-03	5.6325e-04	-3.3092e-04	-1.7337e-02	1.7258e-02	-3.0835e-02
-2.5719e-03	4.7712e-04	-2.9317e-03	2.1241e-03	-1.1998e-01	-1.9337e-01	7.1472e-04	-5.6325e-04	7.8870e-05	-9.6005e-03	2.6561e-02	9.7000e-05
-2.2937e-03	4.7712e-04	-2.4543e-03	2.2092e-03	-1.4532e-01	-1.9128e-01	2.7817e-04	0.0000e+00	4.7737e-04	8.5060e-05	-2.5345e-02	2.0880e-03
-2.0932e-03	4.0446e-04	-2.7318e-03	1.9381e-02	-1.4036e-01	-1.6190e-01	2.0051e-04	-7.2662e-05	-2.7754e-04	1.7172e-02	4.9660e-03	2.9381e-02
-2.4833e-03	3.4728e-04	-2.4803e-03	5.4080e-03	-1.8813e-01	-1.5049e-01	-3.9007e-04	-5.7172e-05	2.5150e-04	-1.3973e-02	-4.7774e-02	1.1406e-02
-2.5074e-03	3.6745e-04	-2.2281e-03	-3.0059e-03	-1.5052e-01	-1.3897e-01	-2.4110e-05	2.0169e-05	2.5219e-04	-8.4139e-03	3.7612e-02	1.1529e-02
-2.6044e-03	4.2483e-04	-2.2281e-03	-1.1072e-03	-2.0983e-01	-1.4586e-01	-9.6990e-05	5.7382e-05	0.0000e+00	1.8987e-03	-5.9314e-02	-6.8900e-03
-2.7261e-03	7.3625e-04	-2.2281e-03	-4.8711e-03	-1.5179e-01	-1.2746e-01	-1.2176e-04	3.1142e-04	0.0000e+00	-3.7639e-03	5.8044e-02	1.8395e-02
-2.8800e-03	3.2502e-04	-2.5316e-03	3.6187e-03	-1.7475e-01	-1.3736e-01	-1.5386e-04	-4.1123e-04	-3.0344e-04	8.4898e-03	-2.2965e-02	-9.9050e-03
-3.3467e-03	5.5872e-04	-2.2281e-03	-5.5068e-03	-1.8335e-01	-1.5330e-01	-4.6674e-04	2.3370e-04	3.0344e-04	-9.1255e-03	-8.6000e-03	-1.5932e-02
-3.0933e-03	1.4151e-04	-2.3876e-03	-1.6997e-02	-1.5014e-01	-1.5063e-01	2.5338e-04	-4.1720e-04	-1.5948e-04	-1.1491e-02	3.3215e-02	2.6700e-03
-3.3236e-03	4.9393e-04	-2.2281e-03	3.5415e-03	-2.0210e-01	-1.6566e-01	-2.3029e-04	3.5241e-04	1.5948e-04	2.0539e-02	-5.1958e-02	-1.5033e-02
-4.2939e-03	1.6844e-04	-1.9124e-03	-1.2787e-04	-1.9566e-01	-1.3702e-01	-9.7026e-04	-3.2549e-04	3.1576e-04	-3.6694e-03	6.4340e-03	2.8644e-02
-4.0624e-03	1.3861e-04	-2.2281e-03	-3.4704e-03	-1.7921e-01	-1.4294e-01	2.3147e-04	-2.9829e-05	-3.1576e-04	-3.3426e-03	1.6451e-02	-5.9290e-03
-3.7905e-03	-9.2867e-06	-2.0443e-03	6.8078e-03	-2.2129e-01	-1.6390e-01	2.7191e-04	-1.4789e-04	1.8387e-04	1.0278e-02	-4.2075e-02	-2.0956e-02
-3.3484e-03	-9.2867e-06	-1.7642e-03	6.9958e-03	-1.9223e-01	-1.5607e-01	4.4209e-04	0.0000e+00	2.8003e-04	1.8799e-04	2.9057e-02	7.8270e-03
-3.1109e-03	-1.4413e-04	-1.6623e-03	8.0903e-03	-1.3670e-01	-1.4840e-01	2.3749e-04	-1.3484e-04	1.0197e-04	1.0944e-03	5.5533e-02	7.6720e-03
-3.2332e-03	-9.2867e-06	-1.5120e-03	4.7597e-03	-2.2365e-01	-1.7464e-01	-1.2229e-04	1.3484e-04	1.5029e-04	-3.3305e-03	-8.6949e-02	-2.6243e-02
-2.8749e-03	6.6903e-05	-1.5594e-03	-2.9188e-03	-1.7705e-01	-1.7771e-01	3.5835e-04	7.6190e-05	-4.7460e-05	-7.6786e-03	4.6597e-02	-3.0690e-03
