9.0326e-03	2.2063e-03	-6.2315e-04	-3.9172e-02	4.1697e-01	5.0495e-02	0.0000e+00	0.0000e+00	0.0000e+00	0.0000e+00	0.0000e+00	0.0000e+00
1.1166e-02	1.9876e-03	-2.1034e-04	-3.1576e-02	4.4561e-01	1.7500e-02	2.1331e-03	-2.1865e-04	4.1281e-04	7.5958e-03	2.8638e-02	-3.2995e-02
1.2513e-02	2.3182e-03	-3.8924e-04	-3.4970e-02	4.6531e-01	3.7884e-03	1.3472e-03	3.3063e-04	-1.7890e-04	-3.3937e-03	1.9709e-02	-1.3712e-02
1.0833e-02	2.0033e-03	-3.8924e-04	-4.1385e-02	4.3581e-01	2.1150e-02	-1.6803e-03	-3.1497e-04	0.0000e+00	-6.4155e-03	-2.9505e-02	1.7362e-02
1.2458e-02	2.1285e-03	-3.8924e-04	-3.3627e-02	4.6891e-01	2.2709e-03	1.6256e-03	1.2522e-04	0.0000e+00	7.7583e-03	3.3096e-02	-1.8879e-02
1.1500e-02	1.9206e-03	-3.8924e-04	-3.8940e-02	4.4993e-01	2.8695e-03	-9.5810e-04	-2.0787e-04	0.0000e+00	-5.3134e-03	-1.8971e-02	5.9857e-04
1.1134e-02	2.2704e-03	-3.8924e-04	-3.8083e-02	4.4998e-01	1.3371e-02	-3.6570e-04	3.4975e-04	0.0000e+00	8.5670e-04	4.3000e-05	1.0501e-02
1.1080e-02	1.9359e-03	-3.8924e-04	-4.1048e-02	4.3308e-01	2.0489e-02	-5.4800e-05	-3.3449e-04	0.0000e+00	-2.9642e-03	-1.6895e-02	7.1179e-03
1.0358e-02	2.1476e-03	-3.8924e-04	-5.0878e-02	4.1582e-01	2.3864e-02	-7.2140e-04	2.1173e-04	0.0000e+00	-9.8307e-03	-1.7267e-02	3.3755e-03
8.7589e-03	2.5339e-03	-8.2865e-04	-5.0854e-02	4.0191e-01	5.0912e-02	-1.5993e-03	3.8631e-04	-4.3941e-04	2.4500e-05	-1.3902e-02	2.7048e-02
9.0739e-03	2.4267e-03	-3.2064e-04	-4.1230e-02	4.1128e-01	4.1280e-02	3.1497e-04	-1.0724e-04	5.0801e-04	9.6241e-03	9.3680e-03	-9.6326e-03
1.0455e-02	2.2336e-03	-1.7205e-04	-4.1279e-02	3.9326e-01	6.0836e-03	1.3814e-03	-1.9307e-04	1.4858e-04	-4.9400e-05	-1.8025e-02	-3.5196e-02
1.0673e-02	2.0397e-03	-2.6565e-04	-3.9406e-02	4.1498e-01	-9.1944e-03	2.1750e-04	-1.9387e-04	-9.3596e-05	1.8736e-03	2.1728e-02	-1.5278e-02
9.0187e-03	2.1593e-03	-7.7971e-04	-4.0178e-02	3.9343e-01	1.2756e-02	-1.6541e-03	1.1952e-04	-5.1406e-04	-7.7230e-04	-2.1557e-02	2.1950e-02
8.2620e-03	1.9724e-03	-6.2609e-04	-3.8217e-02	3.7254e-01	9.9667e-03	-7.5662e-04	-1.8687e-04	1.5362e-04	1.9609e-03	-2.0887e-02	-2.7892e-03
9.1146e-03	2.2391e-03	2.2789e-05	-4.2103e-02	3.5635e-01	6.5897e-03	8.5258e-04	2.6674e-04	6.4888e-04	-3.8861e-03	-1.6192e-02	-3.3770e-03
8.7497e-03	2.0351e-03	-4.4927e-04	-5.0774e-02	3.6024e-01	1.4549e-02	-3.6494e-04	-2.0404e-04	-4.7206e-04	-8.6711e-03	3.8950e-03	7.9590e-03
8.8571e-03	2.0927e-03	-4.3664e-04	-5.0768e-02	3.6443e-01	2.8526e-03	1.0740e-04	5.7610e-05	1.2634e-05	6.1000e-06	4.1820e-03	-1.1696e-02
7.6223e-03	2.0351e-03	-9.6541e-04	-5.0874e-02	3.5250e-01	3.2924e-02	-1.2348e-03	-5.7610e-05	-5.2877e-04	-1.0630e-04	-1.1927e-02	3.0071e-02
8.6825e-03	2.4163e-03	-4.6972e-04	-5.0786e-02	3.7934e-01	1.9345e-02	1.0602e-03	3.8117e-04	4.9569e-04	8.8600e-05	2.6837e-02	-1.3580e-02
1.1005e-02	1.8336e-03	-4.9632e-04	-4.2946e-02	4.0463e-01	-2.9705e-02	2.3221e-03	-5.8267e-04	-2.6600e-05	7.8402e-03	2.5292e-02	-4.9050e-02
8.7735e-03	1.6332e-03	-4.7095e-04	-5.0916e-02	3.4832e-01	8.2458e-03	-2.2311e-03	-2.0044e-04	2.5374e-05	-7.9701e-03	-5.6311e-02	3.7951e-02
7.6940e-03	2.1409e-03	-8.9957e-04	-5.0975e-02	3.5584e-01	1.8637e-02	-1.0795e-03	5.0773e-04	-4.2862e-04	-5.9800e-05	7.5220e-03	1.0391e-02
9.1004e-03	1.8977e-03	-5.1750e-04	-4.7218e-02	3.7666e-01	2.0745e-02	1.4063e-03	-2.4319e-04	3.8207e-04	3.7575e-03	2.0825e-02	2.1081e-03
9.9233e-03	2.0985e-03	-2.5573e-04	-5.0730e-02	3.5578e-01	1.0797e-02	8.2293e-04	2.0079e-04	2.6177e-04	-3.5122e-03	-2.0887e-02	-9.9485e-03
1.0261e-02	1.6297e-03	-3.7258e-04	-5.0759e-02	3.7242e-01	-2.6805e-02	3.3742e-04	-4.6873e-04	-1.1685e-04	-2.8600e-05	1.6646e-02	-3.7602e-02
9.3645e-03	1.8732e-03	-3.1009e-04	-5.0727e-02	3.3656e-01	-2.2689e-03	-8.9622e-04	2.4348e-04	6.2493e-05	3.1600e-05	-3.5867e-02	2.4537e-02
1.0410e-02	1.7815e-03	-5.3102e-04	-4.2071e-02	3.4697e-01	-1.1287e-02	1.0450e-03	-9.1690e-05	-2.2093e-04	8.6558e-03	1.0410e-02	-9.0182e-03
8.5850e-03	1.8609e-03	-1.0948e-03	-5.0922e-02	3.2391e-01	8.0068e-03	-1.8245e-03	7.9340e-05	-5.6382e-04	-8.8503e-03	-2.3057e-02	1.9294e-02
7.5443e-03	1.5824e-03	-8.0277e-04	-5.0863e-02	3.1243e-01	4.3522e-03	-1.0407e-03	-2.7848e-04	2.9207e-04	5.8800e-05	-1.1484e-02	-3.6546e-03
6.6428e-03	1.7159e-03	-7.1480e-04	-5.0823e-02	3.0542e-01	-7.6787e-03	-9.0156e-04	1.3346e-04	8.7967e-05	3.9800e-05	-7.0090e-03	-1.2031e-02
8.6467e-03	1.9553e-03	-3.1009e-04	-5.0667e-02	3.3784e-01	-1.1136e-02	2.0040e-03	2.3948e-04	4.0472e-04	1.5630e-04	3.2424e-02	-3.4570e-03
6.3867e-03	1.5424e-03	-8.8375e-04	-6.0464e-02	2.8388e-01	5.3658e-03	-2.2600e-03	-4.1294e-04	-5.7367e-04	-9.7971e-03	-5.3961e-02	1.6502e-02
6.2678e-03	1.4793e-03	-7.2847e-04	-6.3557e-02	3.0862e-01	-1.5945e-02	-1.1889e-04	-6.3050e-05	1.5528e-04	-3.0929e-03	2.4741e-02	-2.1311e-02
5.9012e-03	1.5404e-03	-5.6904e-04	-5.4061e-02	3.0580e-01	4.3836e-03	-3.6664e-04	6.1050e-05	1.5943e-04	9.4962e-03	-2.8200e-03	2.0328e-02
6.4428e-03	1.3130e-03	-1.3492e-03	-6.0265e-02	2.7757e-01	-1.6570e-02	5.4162e-04	-2.2741e-04	-7.8018e-04	-6.2040e-03	-2.8235e-02	-2.0954e-02
6.1026e-03	1.2362e-03	-1.0526e-03	-7.0159e-02	2.8243e-01	-8.7104e-03	-3.4015e-04	-7.6840e-05	2.9659e-04	-9.8941e-03	4.8690e-03	7.8598e-03
7.6369e-03	1.7682e-03	-5.6666e-04	-5.0714e-02	3.1989e-01	-1.8609e-02	1.5343e-03	5.3203e-04	4.8597e-04	1.9445e-02	3.7454e-02	-9.8986e-03
8.2035e-03	1.2582e-03	-6.5607e-04	-5.0834e-02	3.1576e-01	8.4882e-03	5.6662e-04	-5.0997e-04	-8.9418e-05	-1.2020e-04	-4.1290e-03	2.7097e-02
6.5126e-03	1.1371e-03	-1.0081e-03	-6.7244e-02	2.8313e-01	5.1412e-02	-1.6909e-03	-1.2112e-04	-3.5199e-04	-1.6410e-02	-3.2631e-02	4.2924e-02
7.2016e-03	1.2583e-03	-7.0820e-04	-6.8213e-02	2.5858e-01	3.6858e-02	6.8899e-04	1.2119e-04	2.9987e-04	-9.6960e-04	-2.4547e-02	-1.4554e-02
7.1704e-03	1.4009e-03	-7.2443e-04	-6.0313e-02	2.6666e-01	2.4250e-02	-3.1150e-05	1.4267e-04	-1.6231e-05	7.9006e-03	8.0790e-03	-1.2609e-02
6.2514e-03	1.1548e-03	-8.5881e-04	-5.0806e-02	2.6712e-01	1.5641e-02	-9.1906e-04	-2.4616e-04	-1.3439e-04	9.5064e-03	4.6200e-04	-8.6085e-03
8.3090e-03	6.1225e-04	-2.6799e-04	-5.0855e-02	3.2753e-01	-4.5844e-02	2.0576e-03	-5.4254e-04	5.9082e-04	-4.8700e-05	6.0411e-02	-6.1485e-02
4.6628e-03	9.8080e-04	-8.5256e-04	-5.0968e-02	2.5292e-01	-2.3165e-03	-3.6462e-03	3.6855e-04	-5.8457e-04	-1.1300e-04	-7.4614e-02	4.3528e-02
4.6375e-03	1.1767e-03	-3.5112e-04	-5.0831e-02	2.5077e-01	-1.0741e-02	-2.5280e-05	1.9586e-04	5.0144e-04	1.3730e-04	-2.1510e-03	-8.4247e-03
4.1944e-03	6.2193e-04	-5.0556e-04	-5.0877e-02	2.4190e-01	-8.2684e-03	-4.4308e-04	-5.5473e-04	-1.5443e-04	-4.5800e-05	-8.8690e-03	2.4728e-03
4.0096e-03	7.0929e-04	-3.5112e-04	-5.0857e-02	2.3444e-01	-1.8776e-02	-1.8486e-04	8.7353e-05	1.5443e-04	1.9600e-05	-7.4600e-03	-1.0507e-02
2.4181e-03	7.2361e-04	-5.6826e-04	-5.5142e-02	2.0752e-01	-1.0320e-02	-1.5915e-03	1.4320e-05	-2.1714e-04	-4.2845e-03	-2.6924e-02	8.4554e-03
3.1807e-03	7.6036e-04	-4.9467e-04	-5.0872e-02	2.2311e-01	-3.5750e-02	7.6257e-04	3.6756e-05	7.3591e-05	4.2701e-03	1.5594e-02	-2.5430e-02
3.9590e-03	8.8521e-04	-2.1745e-04	-5.0826e-02	2.1643e-01	-6.3018e-03	7.7836e-04	1.2485e-04	2.7722e-04	4.5500e-05	-6.6790e-03	2.9448e-02
4.9629e-03	8.1003e-04	-2.9950e-04	-4.3136e-02	2.0733e-01	-2.4217e-02	1.0039e-03	-7.5187e-05	-8.2047e-05	7.6897e-03	-9.0950e-03	-1.7915e-02
7.5934e-03	4.9844e-04	-1.0833e-05	-5.0896e-02	2.9578e-01	-8.9241e-02	2.6305e-03	-3.1158e-04	2.8867e-04	-7.7602e-03	8.8440e-02	-6.5025e-02
6.5539e-03	9.4729e-04	7.1788e-04	-5.0624e-02	2.2073e-01	-3.4723e-02	-1.0395e-03	4.4885e-04	7.2872e-04	2.7300e-04	-7.5047e-02	5.4518e-02
6.2968e-03	1.0592e-03	5.2976e-04	-5.0704e-02	2.2565e-01	4.5127e-04	-2.5709e-04	1.1189e-04	-1.8812e-04	-8.0800e-05	4.9200e-03	3.5175e-02
7.3161e-03	1.1903e-03	8.0406e-04	-3.6205e-02	2.3841e-01	8.7799e-03	1.0193e-03	1.3111e-04	2.7430e-04	1.4499e-02	1.2758e-02	8.3286e-03
6.9388e-03	1.0867e-03	9.1534e-04	-4.0330e-02	2.0743e-01	1.7726e-02	-3.7725e-04	-1.0361e-04	1.1128e-04	-4.1244e-03	-3.0977e-02	8.9461e-03
6.7206e-03	8.7419e-04	1.0941e-03	-5.0566e-02	1.9810e-01	2.2578e-02	-2.1816e-04	-2.1249e-04	1.7872e-04	-1.0236e-02	-9.3260e-03	4.8520e-03
6.5094e-03	1.3859e-03	6.7399e-04	-5.0588e-02	1.7561e-01	2.2598e-02	-2.1123e-04	5.1172e-04	-4.2007e-04	-2.1900e-05	-2.2494e-02	2.0400e-05
6.2664e-03	1.2973e-03	6.6269e-04	-2.8073e-02	1.7563e-01	1.0927e-02	-2.4299e-04	-8.8570e-05	-1.1304e-05	2.2514e-02	2.3000e-05	-1.1672e-02
6.4576e-03	1.1201e-03	9.3029e-04	-2.7923e-02	1.7564e-01	5.4754e-03	1.9114e-04	-1.7724e-04	2.6760e-04	1.5020e-04	1.1000e-05	-5.4513e-03
7.0730e-03	1.1667e-03	1.0941e-03	-2.1886e-02	1.7563e-01	-1.3213e-02	6.1540e-04	4.6560e-05	1.6377e-04	6.0371e-03	-1.0000e-05	-1.8688e-02
6.8242e-03	1.3090e-03	9.5542e-04	-2.7530e-02	1.7564e-01	-8.3961e-03	-2.4877e-04	1.4238e-04	-1.3864e-04	-5.6444e-03	7.0000e-06	4.8164e-03
5.1482e-03	1.1926e-03	5.2345e-04	-2.1861e-02	1.6390e-01	1.3228e-02	-1.6760e-03	-1.1647e-04	-4.3196e-04	5.6697e-03	-1.1739e-02	2.1624e-02
7.8293e-03	1.5525e-03	9.3160e-04	-3.4856e-02	2.3534e-01	-1.3397e-02	2.6811e-03	3.5990e-04	4.0815e-04	-1.2996e-02	7.1439e-02	-2.6625e-02
6.8432e-03	1.5567e-03	9.8535e-04	-2.9796e-02	1.8450e-01	1.2939e-02	-9.8606e-04	4.2100e-06	5.3743e-05	5.0603e-03	-5.0841e-02	2.6335e-02
6.7123e-03	1.7851e-03	7.2754e-04	-2.9189e-02	1.4775e-01	7.3650e-03	-1.3093e-04	2.2838e-04	-2.5781e-04	6.0730e-04	-3.6745e-02	-5.5739e-03
6.1445e-03	1.0544e-03	6.9207e-04	-2.1600e-02	1.4777e-01	1.0641e-02	-5.6774e-04	-7.3069e-04	-3.5470e-05	7.5884e-03	1.9000e-05	3.2759e-03
7.5998e-03	7.0807e-04	7.4675e-04	-1.1527e-02	2.0265e-01	-2.8296e-02	1.4552e-03	-3.4630e-04	5.4681e-05	1.0074e-02	5.4877e-02	-3.8937e-02
6.0848e-03	1.1901e-03	5.7311e-04	-1.1493e-02	1.6444e-01	-1.5394e-02	-1.5150e-03	4.8202e-04	-1.7364e-04	3.3800e-05	-3.8212e-02	1.2903e-02
5.3686e-03	9.1313e-04	3.6442e-04	-2.0365e-02	1.5199e-01	-6.1298e-03	-7.1623e-04	-2.7696e-04	-2.0869e-04	-8.8717e-03	-1.2453e-02	9.2638e-03
4.4846e-03	1.1901e-03	3.6916e-04	-1.9131e-02	1.6451e-01	1.1343e-02	-8.8402e-04	2.7696e-04	4.7380e-06	1.2336e-03	1.2521e-02	1.7473e-02
4.6234e-03	1.0609e-03	5.0521e-04	-1.5837e-02	1.3053e-01	8.1457e-03	1.3889e-04	-1.2918e-04	1.3606e-04	3.2937e-03	-3.3980e-02	-3.1978e-03
3.7892e-03	6.9877e-04	2.2578e-04	-1.8331e-02	1.0962e-01	2.4379e-02	-8.3424e-04	-3.6214e-04	-2.7943e-04	-2.4935e-03	-2.0910e-02	1.6234e-02
5.2315e-03	9.1236e-04	3.8215e-04	-1.6819e-02	1.4888e-01	-5.2050e-03	1.4423e-03	2.1359e-04	1.5637e-04	1.5119e-03	3.9261e-02	-2.9584e-02
4.6284e-03	7.9709e-04	2.6180e-04	-2.7471e-02	1.2203e-01	2.5030e-02	-6.0310e-04	-1.1527e-04	-1.2035e-04	-1.0652e-02	-2.6848e-02	3.0235e-02
3.7884e-03	1.1890e-03	3.7347e-04	-2.8331e-02	1.1398e-01	3.1726e-02	-8.4001e-04	3.9188e-04	1.1167e-04	-8.5990e-04	-8.0520e-03	6.6966e-03
3.1236e-03	1.1784e-03	3.8955e-04	-1.9917e-02	1.2658e-01	4.6897e-02	-6.6487e-04	-1.0600e-05	1.6080e-05	8.4139e-03	1.2605e-02	1.5171e-02
7.3448e-03	6.3498e-04	8.5016e-04	-1.1650e-02	1.7258e-01	-3.5394e-02	4.2212e-03	-5.4339e-04	4.6061e-04	8.2669e-03	4.5993e-02	-8.2291e-02
6.1045e-03	6.2097e-04	5.4569e-04	-2.0859e-02	1.7364e-01	-2.2972e-02	-1.2403e-03	-1.4010e-05	-3.0447e-04	-9.2090e-03	1.0700e-03	1.2422e-02
5.2057e-03	6.4407e-04	6.4858e-04	-2.2235e-02	1.2281e-01	-8.8715e-03	-8.9881e-04	2.3102e-05	1.0289e-04	-1.3767e-03	-5.0837e-02	1.4100e-02
4.9986e-03	7.1733e-04	4.9394e-04	-2.0465e-02	1.2286e-01	8.0428e-03	-2.0710e-04	7.3261e-05	-1.5464e-04	1.7709e-03	4.8000e-05	1.6914e-02
4.9304e-03	6.4506e-04	6.0898e-04	-2.2403e-02	1.0470e-01	8.0803e-03	-6.8230e-05	-7.2267e-05	1.1503e-04	-1.9387e-03	-1.8154e-02	3.7550e-05
4.9457e-03	6.7446e-04	6.6433e-04	-2.2037e-02	8.7937e-02	8.0826e-03	1.5250e-05	2.9401e-05	5.5350e-05	3.6600e-04	-1.6765e-02	2.2300e-06
3.8744e-03	6.7446e-04	3.4240e-04	-2.1835e-02	8.3347e-02	2.9862e-02	-1.0713e-03	0.0000e+00	-3.2193e-04	2.0200e-04	-4.5899e-03	2.1779e-02
4.1571e-03	-3.0430e-05	5.4852e-04	1.0584e-03	9.0952e-02	-2.5038e-02	2.8277e-04	-7.0489e-04	2.0612e-04	2.2894e-02	7.6044e-03	-5.4900e-02
2.1421e-03	2.3665e-04	8.2514e-04	-2.2475e-03	7.5399e-02	-6.8079e-03	-2.0150e-03	2.6708e-04	2.7661e-04	-3.3059e-03	-1.5553e-02	1.8230e-02
1.8316e-03	-4.2480e-06	3.5428e-04	-4.1240e-03	5.8373e-02	6.1584e-03	-3.1055e-04	-2.4090e-04	-4.7086e-04	-1.8765e-03	-1.7025e-02	1.2966e-02
4.7921e-03	2.1602e-04	3.5428e-04	-2.4599e-03	1.0251e-01	-4.8234e-02	2.9606e-03	2.2027e-04	0.0000e+00	1.6641e-03	4.4139e-02	-5.4393e-02
2.1553e-03	3.8734e-04	3.3286e-05	-1.1605e-02	5.9759e-02	1.8374e-02	-2.6368e-03	1.7132e-04	-3.2099e-04	-9.1455e-03	-4.2753e-02	6.6609e-02
3.2081e-03	5.9305e-04	3.5428e-04	-1.1513e-02	7.1627e-02	-1.0106e-02	1.0528e-03	2.0571e-04	3.2099e-04	9.2900e-05	1.1868e-02	-2.8480e-02
2.1669e-03	5.6997e-04	-1.0420e-04	-1.7538e-02	5.8575e-02	-1.5274e-02	-1.0412e-03	-2.3077e-05	-4.5848e-04	-6.0255e-03	-1.3052e-02	-5.1682e-03
2.6358e-03	-8.1088e-05	3.5428e-04	1.0483e-02	6.4452e-02	-3.2939e-02	4.6887e-04	-6.5106e-04	4.5848e-04	2.8021e-02	5.8773e-03	-1.7665e-02
6.8222e-04	1.4233e-04	5.4183e-04	2.2399e-02	4.1948e-02	-3.0225e-02	-1.9536e-03	2.2342e-04	1.8755e-04	1.1915e-02	-2.2505e-02	2.7148e-03
1.3607e-03	2.0612e-04	9.0159e-04	2.8228e-04	5.5856e-02	-3.0397e-02	6.7845e-04	6.3791e-05	3.5976e-04	-2.2117e-02	1.3908e-02	-1.7210e-04
2.2716e-03	-0.0000e+00	1.6279e-04	2.0667e-03	5.1481e-02	-3.0535e-02	9.1090e-04	-2.0612e-04	-7.3880e-04	1.7844e-03	-4.3742e-03	-1.3830e-04
1.1827e-03	-0.0000e+00	0.0000e+00	-2.1168e-09	5.0922e-02	-1.6218e-02	-1.0889e-03	0.0000e+00	-1.6279e-04	-2.0667e-03	-5.5980e-04	1.4317e-02
0.0000e+00	-0.0000e+00	0.0000e+00	0.0000e+00	0.0000e+00	0.0000e+00	-1.1827e-03	0.0000e+00	0.0000e+00	2.1168e-09	-5.0922e-02	1.6218e-02
-5.2058e-05	6.2595e-04	0.0000e+00	4.7279e-05	3.9320e-06	-4.4533e-02	-5.2058e-05	6.2595e-04	0.0000e+00	4.7279e-05	3.9320e-06	-4.4533e-02
-3.4879e-04	4.7044e-04	0.0000e+00	1.3103e-02	1.8110e-05	-3.5314e-02	-2.9674e-04	-1.5550e-04	0.0000e+00	1.3056e-02	1.4178e-05	9.2185e-03
4.9028e-04	7.1029e-05	0.0000e+00	-1.5719e-02	-2.8243e-02	-1.9581e-02	8.3908e-04	-3.9942e-04	0.0000e+00	-2.8822e-02	-2.8261e-02	1.5733e-02
1.5053e-03	5.7298e-04	0.0000e+00	5.3471e-05	2.5865e-03	-3.8278e-02	1.0150e-03	5.0195e-04	0.0000e+00	1.5772e-02	3.0829e-02	-1.8697e-02
2.8910e-03	5.6955e-04	3.2490e-04	3.5423e-05	2.8251e-02	-5.7478e-02	1.3857e-03	-3.4320e-06	3.2490e-04	-1.8047e-05	2.5664e-02	-1.9200e-02
2.6827e-03	3.0931e-04	3.3023e-04	-5.9525e-03	2.0997e-02	-3.3289e-02	-2.0828e-04	-2.6024e-04	5.3340e-06	-5.9879e-03	-7.2541e-03	2.4189e-02
2.2594e-03	-2.8505e-04	3.5165e-04	-5.1361e-06	9.8673e-04	-3.3730e-02	-4.2335e-04	-5.9435e-04	2.1422e-05	5.9474e-03	-2.0010e-02	-4.4050e-04
4.5286e-03	-5.0066e-04	7.4816e-04	9.2347e-05	5.0533e-02	-6.3984e-02	2.2692e-03	-2.1561e-04	3.9651e-04	9.7483e-05	4.9547e-02	-3.0254e-02
2.3059e-03	5.1404e-04	7.8386e-04	2.2759e-04	-2.9872e-03	-9.4307e-03	-2.2227e-03	1.0147e-03	3.5697e-05	1.3524e-04	-5.3521e-02	5.4554e-02
1.6986e-03	8.8476e-05	6.5158e-04	-5.4406e-03	-2.4824e-02	-9.9879e-03	-6.0727e-04	-4.2556e-04	-1.3227e-04	-5.6682e-03	-2.1837e-02	-5.5714e-04
1.8557e-03	3.5642e-04	5.8740e-04	-1.2238e-02	-1.7844e-02	-2.6211e-02	1.5710e-04	2.6794e-04	-6.4182e-05	-6.7977e-03	6.9804e-03	-1.6223e-02
3.1823e-03	2.1569e-04	6.9443e-04	2.0407e-04	-1.1703e-02	-1.1938e-02	1.3266e-03	-1.4073e-04	1.0703e-04	1.2442e-02	6.1407e-03	1.4273e-02
3.4071e-03	-4.2000e-05	9.0938e-04	-5.8136e-03	-2.4831e-02	-2.6256e-02	2.2487e-04	-2.5769e-04	2.1495e-04	-6.0177e-03	-1.3128e-02	-1.4318e-02
4.5950e-03	-4.1351e-04	7.0368e-04	-7.7999e-03	2.8875e-02	-2.6487e-02	1.1879e-03	-3.7151e-04	-2.0570e-04	-1.9863e-03	5.3706e-02	-2.3170e-04
1.6369e-03	5.3118e-05	5.1741e-04	-2.3634e-02	-2.6428e-02	2.0204e-02	-2.9581e-03	4.6663e-04	-1.8627e-04	-1.5834e-02	-5.5303e-02	4.6691e-02
6.1884e-03	-2.9148e-04	8.4701e-04	-1.1620e-02	3.5995e-02	-4.6268e-02	4.5515e-03	-3.4460e-04	3.2960e-04	1.2014e-02	6.2424e-02	-6.6472e-02
2.8415e-03	-2.7095e-04	4.5378e-04	-1.5674e-02	-1.9256e-02	3.4005e-03	-3.3470e-03	2.0528e-05	-3.9324e-04	-4.0546e-03	-5.5252e-02	4.9668e-02
2.6829e-03	-1.3454e-04	7.5140e-04	-1.1782e-02	-1.1038e-02	-7.0335e-03	-1.5859e-04	1.3641e-04	2.9762e-04	3.8922e-03	8.2178e-03	-1.0434e-02
2.4138e-03	-1.4220e-04	8.3477e-04	2.1946e-04	-1.3628e-02	-2.6709e-03	-2.6907e-04	-7.6630e-06	8.3372e-05	1.2001e-02	-2.5900e-03	4.3626e-03
2.4856e-03	-6.4184e-05	8.8282e-04	-4.7035e-03	-3.0551e-02	-1.6981e-02	7.1720e-05	7.8017e-05	4.8048e-05	-4.9229e-03	-1.6923e-02	-1.4310e-02
1.4800e-03	-6.4184e-05	7.1466e-04	2.3076e-04	-4.9421e-02	-1.9630e-02	-1.0056e-03	0.0000e+00	-1.6816e-04	4.9342e-03	-1.8870e-02	-2.6484e-03
1.2997e-04	-4.6705e-04	4.9210e-04	3.7560e-02	-6.4735e-02	-5.1596e-02	-1.3500e-03	-4.0286e-04	-2.2256e-04	3.7329e-02	-1.5314e-02	-3.1966e-02
-1.3232e-03	-5.7678e-04	6.4008e-04	3.7532e-02	-7.7652e-02	-8.5156e-02	-1.4532e-03	-1.0973e-04	1.4797e-04	-2.7600e-05	-1.2918e-02	-3.3561e-02
-2.3204e-03	-4.5810e-04	4.7007e-04	4.9735e-02	-7.7531e-02	-9.0745e-02	-9.9719e-04	1.1868e-04	-1.7000e-04	1.2202e-02	1.2170e-04	-5.5880e-03
-1.3655e-03	-3.9627e-04	3.5787e-04	3.7577e-02	-1.0501e-01	-6.7847e-02	9.5491e-04	6.1833e-05	-1.1221e-04	-1.2158e-02	-2.7477e-02	2.2897e-02
5.8586e-04	2.5770e-05	4.7733e-04	1.7370e-02	-7.3629e-02	-1.0964e-01	1.9513e-03	4.2204e-04	1.1946e-04	-2.0207e-02	3.1379e-02	-4.1793e-02
1.6012e-03	-8.6626e-05	6.4008e-04	1.7915e-02	-2.9111e-02	-1.2778e-01	1.0153e-03	-1.1240e-04	1.6275e-04	5.4550e-04	4.4517e-02	-1.8141e-02
4.0072e-03	-1.7414e-04	1.0086e-03	2.0654e-02	-9.5376e-03	-1.3291e-01	2.4060e-03	-8.7517e-05	3.6856e-04	2.7386e-03	1.9574e-02	-5.1260e-03
3.1285e-03	-4.2782e-04	1.4541e-03	1.7153e-02	-7.2012e-02	-1.0674e-01	-8.7869e-04	-2.5368e-04	4.4546e-04	-3.5015e-03	-6.2475e-02	2.6168e-02
3.3786e-03	-4.1805e-04	1.5994e-03	2.8634e-02	-5.5975e-02	-1.0664e-01	2.5005e-04	9.7720e-06	1.4532e-04	1.1481e-02	1.6037e-02	9.9000e-05
3.7584e-03	-2.0038e-04	1.0970e-03	1.4538e-03	-2.7481e-02	-8.5892e-02	3.7980e-04	2.1767e-04	-5.0241e-04	-2.7180e-02	2.8494e-02	2.0748e-02
4.4886e-03	-5.0087e-04	1.8549e-03	1.2366e-02	-5.4079e-02	-1.2899e-01	7.3025e-04	-3.0049e-04	7.5785e-04	1.0912e-02	-2.6598e-02	-4.3099e-02
4.0795e-03	5.1344e-05	2.1109e-03	1.4004e-02	-8.9358e-02	-8.1712e-02	-4.0916e-04	5.5222e-04	2.5604e-04	1.6381e-03	-3.5279e-02	4.7279e-02
2.7222e-03	4.6931e-05	2.1800e-03	5.7155e-03	-1.0796e-01	-4.6428e-02	-1.3573e-03	-4.4131e-06	6.9060e-05	-8.2884e-03	-1.8605e-02	3.5284e-02
3.2742e-03	4.4880e-04	2.2237e-03	7.1331e-03	-1.1035e-01	-3.2863e-02	5.5203e-04	4.0187e-04	4.3690e-05	1.4176e-03	-2.3880e-03	1.3565e-02
3.1830e-03	1.0353e-04	2.0018e-03	4.6450e-03	-1.0750e-01	-5.7062e-02	-9.1190e-05	-3.4527e-04	-2.2184e-04	-2.4881e-03	2.8500e-03	-2.4198e-02
3.6946e-03	3.3561e-04	2.0018e-03	5.4840e-03	-1.0222e-01	-7.4885e-02	5.1165e-04	2.3208e-04	0.0000e+00	8.3897e-04	5.2830e-03	-1.7823e-02
5.2594e-03	-2.3696e-05	2.2037e-03	5.4652e-03	-8.3144e-02	-8.9399e-02	1.5648e-03	-3.5931e-04	2.0192e-04	-1.8720e-05	1.9074e-02	-1.4514e-02
5.2886e-03	2.1061e-04	2.3630e-03	1.0483e-02	-8.8271e-02	-8.7241e-02	2.9190e-05	2.3430e-04	1.5931e-04	5.0174e-03	-5.1272e-03	2.1584e-03
4.5662e-03	2.8158e-05	2.3615e-03	5.3847e-03	-1.0461e-01	-7.1416e-02	-7.2243e-04	-1.8245e-04	-1.5600e-06	-5.0980e-03	-1.6335e-02	1.5824e-02
6.5917e-03	-1.5513e-04	2.1796e-03	-4.4548e-05	-7.0654e-02	-9.4935e-02	2.0255e-03	-1.8329e-04	-1.8187e-04	-5.4292e-03	3.3952e-02	-2.3519e-02
5.3221e-03	4.7314e-04	2.5277e-03	5.1560e-03	-1.2074e-01	-6.3983e-02	-1.2696e-03	6.2827e-04	3.4806e-04	5.2006e-03	-5.0090e-02	3.0953e-02
4.4748e-03	-9.9343e-05	2.1178e-03	5.1411e-03	-1.1650e-01	-3.9140e-02	-8.4729e-04	-5.7249e-04	-4.0984e-04	-1.5000e-05	4.2400e-03	2.4843e-02
4.1487e-03	5.4465e-04	1.7433e-03	-2.5599e-03	-1.2281e-01	-3.4457e-02	-3.2616e-04	6.4400e-04	-3.7455e-04	-7.7009e-03	-6.3090e-03	4.6831e-03
3.9712e-03	4.9352e-04	8.3670e-04	-3.3227e-02	-1.0219e-01	-5.5295e-02	-1.7753e-04	-5.1129e-05	-9.0658e-04	-3.0667e-02	2.0622e-02	-2.0838e-02
4.6256e-03	-5.9160e-04	1.1425e-03	-1.9351e-02	-1.1886e-01	-4.0045e-02	6.5447e-04	-1.0851e-03	3.0577e-04	1.3876e-02	-1.6668e-02	1.5249e-02
5.6407e-03	3.0989e-04	1.7805e-03	-5.6466e-03	-1.1893e-01	-7.5011e-02	1.0150e-03	9.0149e-04	6.3805e-04	1.3704e-02	-7.0000e-05	-3.4965e-02
4.6797e-03	3.8990e-04	1.5228e-03	-1.3990e-02	-1.3671e-01	-4.7947e-02	-9.6092e-04	8.0004e-05	-2.5774e-04	-8.3435e-03	-1.7781e-02	2.7064e-02
4.9523e-03	1.7377e-04	1.6484e-03	-5.6485e-03	-1.1892e-01	-5.5742e-02	2.7252e-04	-2.1613e-04	1.2564e-04	8.3416e-03	1.7790e-02	-7.7947e-03
3.3121e-03	2.4534e-04	1.6100e-03	-5.6152e-03	-1.1893e-01	-4.3568e-02	-1.6402e-03	7.1570e-05	-3.8420e-05	3.3260e-05	-1.3000e-05	1.2174e-02
4.4767e-03	1.4976e-04	1.6100e-03	-5.6373e-03	-1.3501e-01	-4.9161e-02	1.1647e-03	-9.5580e-05	0.0000e+00	-2.2030e-05	-1.6076e-02	-5.5934e-03
3.5142e-03	1.4976e-04	1.3845e-03	-1.1077e-02	-1.4099e-01	-5.1064e-02	-9.6257e-04	0.0000e+00	-2.2548e-04	-5.4399e-03	-5.9810e-03	-1.9033e-03
6.6679e-03	-2.5334e-04	1.6874e-03	-5.6759e-03	-1.1724e-01	-8.8747e-02	3.1537e-03	-4.0310e-04	3.0284e-04	5.4013e-03	2.3750e-02	-3.7682e-02
3.9448e-03	2.8593e-04	1.4428e-03	-5.7167e-03	-1.3370e-01	-1.7063e-02	-2.7231e-03	5.3927e-04	-2.4460e-04	-4.0740e-05	-1.6465e-02	7.1684e-02
5.6449e-03	3.1665e-04	1.8329e-03	2.1507e-03	-1.4105e-01	-5.7037e-02	1.7001e-03	3.0721e-05	3.9016e-04	7.8674e-03	-7.3420e-03	-3.9974e-02
6.1672e-03	-1.4161e-04	1.8721e-03	2.1764e-03	-1.1128e-01	-8.2947e-02	5.2226e-04	-4.5825e-04	3.9170e-05	2.5680e-05	2.9764e-02	-2.5910e-02
4.3461e-03	3.1774e-04	1.8113e-03	-5.5897e-03	-1.3376e-01	-3.7768e-02	-1.8211e-03	4.5935e-04	-6.0780e-05	-7.7661e-03	-2.2482e-02	4.5179e-02
3.9541e-03	1.9169e-04	1.7261e-03	1.0200e-02	-1.5073e-01	-5.2275e-02	-3.9201e-04	-1.2605e-04	-8.5200e-05	1.5790e-02	-1.6967e-02	-1.4507e-02
2.6059e-03	3.0342e-04	2.1639e-03	-5.6555e-03	-1.7747e-01	-5.2458e-02	-1.3482e-03	1.1174e-04	4.3776e-04	-1.5856e-02	-2.6733e-02	-1.8300e-04
3.0212e-03	2.3921e-04	2.1639e-03	9.8055e-03	-1.7883e-01	-6.9571e-02	4.1537e-04	-6.4210e-05	0.0000e+00	1.5461e-02	-1.3700e-03	-1.7113e-02
1.9516e-03	1.6932e-04	1.7511e-03	1.9356e-02	-1.8625e-01	-7.2048e-02	-1.0697e-03	-6.9895e-05	-4.1273e-04	9.5502e-03	-7.4190e-03	-2.4761e-03
3.6953e-03	1.2431e-04	1.7415e-03	4.6305e-03	-1.8646e-01	-1.0738e-01	1.7438e-03	-4.5009e-05	-9.6300e-06	-1.4725e-02	-2.1100e-04	-3.5336e-02
1.9146e-03	1.5771e-04	1.6665e-03	-5.5522e-03	-1.8632e-01	-7.0724e-02	-1.7808e-03	3.3396e-05	-7.5040e-05	-1.0183e-02	1.4000e-04	3.6659e-02
2.0383e-03	1.5771e-04	1.7966e-03	1.9915e-03	-1.8635e-01	-5.4200e-02	1.2375e-04	0.0000e+00	1.3015e-04	7.5437e-03	-2.4000e-05	1.6524e-02
5.6969e-03	-2.1224e-04	2.1639e-03	2.0891e-03	-1.3643e-01	-1.0899e-01	3.6586e-03	-3.6995e-04	3.6725e-04	9.7660e-05	4.9921e-02	-5.4791e-02
3.7185e-03	4.8121e-04	2.1639e-03	5.5007e-04	-2.0949e-01	-4.9715e-02	-1.9785e-03	6.9345e-04	0.0000e+00	-1.5391e-03	-7.3059e-02	5.9276e-02
4.1062e-03	7.9736e-04	2.3099e-03	-5.7110e-03	-2.1877e-01	-4.9383e-02	3.8774e-04	3.1615e-04	1.4599e-04	-6.2611e-03	-9.2820e-03	3.3230e-04
3.1268e-03	4.6284e-04	2.1601e-03	-3.2905e-05	-2.1932e-01	-3.7062e-02	-9.7945e-04	-3.3452e-04	-1.4972e-04	5.6781e-03	-5.5100e-04	1.2321e-02
3.8180e-03	3.7459e-04	2.2958e-03	-5.7265e-03	-2.1591e-01	-6.5999e-02	6.9125e-04	-8.8250e-05	1.3567e-04	-5.6936e-03	3.4060e-03	-2.8937e-02
5.2363e-03	8.4070e-05	2.2962e-03	-5.8055e-03	-1.8997e-01	-9.3247e-02	1.4183e-03	-2.9052e-04	4.0000e-07	-7.9000e-05	2.5942e-02	-2.7248e-02
5.7063e-03	-1.3315e-05	1.9865e-03	-5.7713e-03	-1.8118e-01	-1.0541e-01	4.6998e-04	-9.7385e-05	-3.0967e-04	3.4160e-05	8.7960e-03	-1.2165e-02
4.0679e-03	5.5928e-04	2.1021e-03	-2.9761e-03	-2.0966e-01	-7.5886e-02	-1.6383e-03	5.7260e-04	1.1559e-04	2.7952e-03	-2.8483e-02	2.9526e-02
5.2032e-03	-1.7841e-04	1.5986e-03	-6.2089e-03	-1.6347e-01	-9.1719e-02	1.1353e-03	-7.3769e-04	-5.0352e-04	-3.2328e-03	4.6191e-02	-1.5833e-02
3.1843e-03	1.3463e-04	1.9468e-03	-5.8246e-03	-2.0980e-01	-3.4787e-02	-2.0189e-03	3.1304e-04	3.4816e-04	3.8436e-04	-4.6333e-02	5.6933e-02
5.4604e-03	-1.3351e-04	1.9468e-03	-5.8327e-03	-1.9735e-01	-8.2116e-02	2.2761e-03	-2.6814e-04	0.0000e+00	-8.1600e-06	1.2454e-02	-4.7329e-02
3.3325e-03	-1.3532e-04	1.4948e-03	-5.7656e-03	-2.3627e-01	-4.6804e-02	-2.1279e-03	-1.8080e-06	-4.5194e-04	6.7110e-05	-3.8921e-02	3.5312e-02
3.2122e-03	-1.3532e-04	1.8854e-03	5.1369e-03	-2.5450e-01	-5.9688e-02	-1.2027e-04	0.0000e+00	3.9055e-04	1.0903e-02	-1.8232e-02	-1.2884e-02
2.6210e-03	-1.3532e-04	1.9468e-03	-5.8379e-03	-2.4885e-01	-9.1885e-02	-5.9125e-04	0.0000e+00	6.1390e-05	-1.0975e-02	5.6460e-03	-3.2197e-02
3.5343e-03	2.1180e-05	1.9468e-03	-5.8222e-03	-2.3851e-01	-9.1765e-02	9.1337e-04	1.5650e-04	0.0000e+00	1.5790e-05	1.0348e-02	1.2010e-04
3.7362e-03	-5.3750e-04	1.5354e-03	-5.9223e-03	-2.0050e-01	-1.0699e-01	2.0184e-04	-5.5868e-04	-4.1136e-04	-1.0019e-04	3.8005e-02	-1.5221e-02
3.8381e-03	1.3664e-05	1.5227e-03	-1.4492e-02	-2.4697e-01	-8.5840e-02	1.0195e-04	5.5116e-04	-1.2690e-05	-8.5699e-03	-4.6472e-02	2.1146e-02
3.2222e-03	3.0696e-04	1.2903e-03	-2.5524e-02	-2.4545e-01	-7.2256e-02	-6.1588e-04	2.9330e-04	-2.3245e-04	-1.1032e-02	1.5190e-03	1.3584e-02
4.8253e-03	4.8226e-05	1.6935e-03	-1.3727e-02	-2.3184e-01	-8.2678e-02	1.6031e-03	-2.5874e-04	4.0325e-04	1.1797e-02	1.3610e-02	-1.0423e-02
3.2673e-03	-1.1996e-05	1.4779e-03	-1.8373e-02	-2.5143e-01	-5.3969e-02	-1.5580e-03	-6.0222e-05	-2.1566e-04	-4.6458e-03	-1.9586e-02	2.8709e-02
4.5113e-03	-1.5630e-04	1.5093e-03	-1.4382e-02	-1.9730e-01	-9.2329e-02	1.2440e-03	-1.4430e-04	3.1410e-05	3.9907e-03	5.4132e-02	-3.8360e-02
5.0801e-03	-2.4032e-05	1.8229e-03	-9.4986e-03	-2.3906e-01	-6.2946e-02	5.6881e-04	1.3227e-04	3.1365e-04	4.8836e-03	-4.1766e-02	2.9383e-02
6.0045e-03	1.4653e-04	1.9468e-03	-1.0539e-02	-2.3908e-01	-7.4229e-02	9.2445e-04	1.7056e-04	1.2385e-04	-1.0402e-03	-1.7000e-05	-1.1283e-02
5.4824e-03	-5.4229e-05	1.5718e-03	-6.0101e-03	-1.9838e-01	-9.2107e-02	-5.2215e-04	-2.0076e-04	-3.7502e-04	4.5287e-03	4.0697e-02	-1.7878e-02
4.3701e-03	4.6939e-06	1.9468e-03	-5.9579e-03	-2.5648e-01	-7.3094e-02	-1.1123e-03	5.8923e-05	3.7502e-04	5.2250e-05	-5.8094e-02	1.9013e-02
3.7112e-03	1.1167e-04	1.4479e-03	-5.8817e-03	-2.5643e-01	-5.9180e-02	-6.5888e-04	1.0697e-04	-4.9890e-04	7.6210e-05	5.0000e-05	1.3915e-02
3.5291e-03	-3.1751e-04	1.6355e-03	-5.9485e-03	-2.7265e-01	-6.4736e-02	-1.8205e-04	-4.2918e-04	1.8758e-04	-6.6780e-05	-1.6220e-02	-5.5560e-03
2.5426e-03	-2.3221e-04	1.4621e-03	-1.1326e-02	-2.8796e-01	-5.3132e-02	-9.8656e-04	8.5300e-05	-1.7338e-04	-5.3780e-03	-1.5309e-02	1.1604e-02
4.6726e-03	-3.9715e-05	1.4616e-03	-5.9382e-03	-2.4454e-01	-8.4543e-02	2.1300e-03	1.9250e-04	-4.6000e-07	5.3883e-03	4.3413e-02	-3.1411e-02
2.5734e-03	-4.7315e-04	1.4296e-03	-5.8601e-03	-2.8980e-01	-3.7164e-02	-2.0992e-03	-4.3344e-04	-3.2010e-05	7.8130e-05	-4.5255e-02	4.7379e-02
2.4188e-03	-6.1759e-05	1.5149e-03	-1.4329e-02	-3.1083e-01	-2.2247e-02	-1.5454e-04	4.1140e-04	8.5260e-05	-8.4691e-03	-2.1027e-02	1.4917e-02
4.9105e-03	-4.7315e-04	1.5425e-03	-6.0056e-03	-2.4315e-01	-8.5782e-02	2.4917e-03	-4.1140e-04	2.7620e-05	8.3236e-03	6.7673e-02	-6.3535e-02
4.4145e-03	-5.0185e-04	1.5690e-03	-4.3787e-04	-3.0250e-01	-7.1769e-02	-4.9599e-04	-2.8696e-05	2.6490e-05	5.5677e-03	-5.9342e-02	1.4013e-02
