9.3560e-04	-5.4085e-04	-1.6445e-04	2.5199e-02	2.3899e-01	5.1119e-02	0.0000e+00	0.0000e+00	0.0000e+00	0.0000e+00	0.0000e+00	0.0000e+00
1.6872e-03	-5.4085e-04	-1.6445e-04	9.0665e-03	2.1766e-01	2.9730e-02	7.5157e-04	0.0000e+00	0.0000e+00	-1.6132e-02	-2.1332e-02	-2.1389e-02
1.0347e-03	-5.4085e-04	-1.6445e-04	1.0888e-02	1.9847e-01	4.5442e-02	-6.5247e-04	0.0000e+00	0.0000e+00	1.8219e-03	-1.9189e-02	1.5711e-02
9.4411e-04	-5.4085e-04	-1.6445e-04	-5.9509e-03	2.1083e-01	4.5447e-02	-9.0587e-05	0.0000e+00	0.0000e+00	-1.6839e-02	1.2368e-02	5.3000e-06
8.7432e-04	-1.1509e-04	-1.6445e-04	-5.9442e-03	2.1083e-01	-6.0207e-03	-6.9792e-05	4.2577e-04	0.0000e+00	6.6600e-06	-4.0000e-06	-5.1467e-02
5.7131e-04	-5.7027e-04	-1.1425e-05	-5.9410e-03	1.9677e-01	1.9302e-02	-3.0301e-04	-4.5518e-04	1.5303e-04	3.2900e-06	-1.4059e-02	2.5323e-02
6.7381e-04	-5.8378e-04	-1.6445e-04	-5.9625e-03	2.4241e-01	1.9276e-02	1.0250e-04	-1.3512e-05	-1.5303e-04	-2.1550e-05	4.5635e-02	-2.5600e-05
1.1408e-03	-4.5915e-04	-5.1865e-05	-5.9353e-03	2.1518e-01	-9.0023e-03	4.6701e-04	1.2463e-04	1.1259e-04	2.7200e-05	-2.7228e-02	-2.8279e-02
9.9175e-04	-5.9992e-04	-1.6445e-04	-5.9635e-03	2.1081e-01	1.9665e-02	-1.4907e-04	-1.4077e-04	-1.1259e-04	-2.8160e-05	-4.3660e-03	2.8668e-02
1.2542e-03	-3.8053e-04	-1.6445e-04	-5.9621e-03	2.1081e-01	2.7419e-02	2.6241e-04	2.1939e-04	0.0000e+00	1.3800e-06	-1.0000e-06	7.7534e-03
1.4433e-03	-4.9021e-04	-1.6445e-04	-5.9582e-03	2.1081e-01	9.4468e-04	1.8917e-04	-1.0968e-04	0.0000e+00	3.9100e-06	0.0000e+00	-2.6474e-02
8.8603e-04	-5.9483e-04	-1.6445e-04	6.9853e-03	1.8420e-01	2.8402e-02	-5.5730e-04	-1.0462e-04	0.0000e+00	1.2943e-02	-2.6616e-02	2.7457e-02
1.5580e-03	-7.5974e-04	-1.6445e-04	-5.9751e-03	2.4565e-01	1.0244e-02	6.7192e-04	-1.6491e-04	0.0000e+00	-1.2960e-02	6.1458e-02	-1.8158e-02
1.0599e-03	-5.9483e-04	-1.6445e-04	1.2727e-02	2.4552e-01	1.3060e-02	-4.9801e-04	1.6491e-04	0.0000e+00	1.8703e-02	-1.3700e-04	2.8162e-03
9.7203e-04	-5.9483e-04	-1.6445e-04	1.1166e-02	2.1238e-01	2.8385e-02	-8.7908e-05	0.0000e+00	0.0000e+00	-1.5614e-03	-3.3136e-02	1.5325e-02
1.1784e-03	-3.4739e-04	1.5587e-05	2.4570e-02	2.3802e-01	8.8121e-03	2.0636e-04	2.4744e-04	1.8004e-04	1.3404e-02	2.5642e-02	-1.9573e-02
1.5816e-03	-8.7709e-04	-2.5593e-04	5.1917e-03	2.2604e-01	1.8861e-02	4.0322e-04	-5.2970e-04	-2.7152e-04	-1.9379e-02	-1.1983e-02	1.0049e-02
1.3450e-03	-8.7709e-04	-3.6124e-04	4.5037e-03	2.3533e-01	5.0258e-03	-2.3663e-04	0.0000e+00	-1.0531e-04	-6.8798e-04	9.2900e-03	-1.3835e-02
1.3391e-03	-3.4836e-04	-4.4954e-05	-6.0372e-03	2.1812e-01	-1.6796e-02	-5.8600e-06	5.2874e-04	3.1629e-04	-1.0541e-02	-1.7212e-02	-2.1822e-02
5.4566e-04	-4.4858e-04	-1.9784e-04	-6.0749e-03	1.9047e-01	2.7770e-02	-7.9346e-04	-1.0022e-04	-1.5289e-04	-3.7750e-05	-2.7644e-02	4.4567e-02
1.2003e-03	-1.7320e-04	-3.6124e-04	-6.1250e-03	1.9807e-01	2.7644e-02	6.5465e-04	2.7537e-04	-1.6340e-04	-5.0070e-05	7.5920e-03	-1.2660e-04
1.4206e-03	-1.2513e-04	-3.6124e-04	-2.9681e-02	2.1648e-01	-7.2145e-03	2.2027e-04	4.8074e-05	0.0000e+00	-2.3556e-02	1.8416e-02	-3.4858e-02
8.3426e-04	-2.8502e-04	-3.6124e-04	-2.8131e-02	1.9587e-01	-1.0032e-03	-5.8632e-04	-1.5989e-04	0.0000e+00	1.5504e-03	-2.0609e-02	6.2113e-03
3.7929e-04	-1.2780e-04	-3.6124e-04	-4.6842e-02	2.2118e-01	-9.2323e-04	-4.5497e-04	1.5722e-04	0.0000e+00	-1.8711e-02	2.5304e-02	7.9966e-05
4.2649e-04	-2.1465e-04	-3.6124e-04	-2.8504e-02	1.9867e-01	-9.3366e-04	4.7196e-05	-8.6852e-05	0.0000e+00	1.8338e-02	-2.2509e-02	-1.0430e-05
-1.1960e-04	1.4453e-04	-1.5317e-04	-4.6787e-02	1.8742e-01	-8.4161e-04	-5.4609e-04	3.5918e-04	2.0807e-04	-1.8283e-02	-1.1249e-02	9.2051e-05
2.2749e-04	-2.0186e-04	-3.6124e-04	-4.6817e-02	1.8737e-01	1.7552e-02	3.4710e-04	-3.4639e-04	-2.0807e-04	-2.9500e-05	-5.3000e-05	1.8393e-02
9.6762e-04	-4.0380e-05	-3.6124e-04	-3.2773e-02	1.8739e-01	1.7393e-02	7.4013e-04	1.6148e-04	0.0000e+00	1.4044e-02	2.5000e-05	-1.5870e-04
4.0344e-04	4.3401e-06	-1.8124e-04	-3.7420e-02	1.5373e-01	2.3846e-02	-5.6418e-04	4.4720e-05	1.8000e-04	-4.6468e-03	-3.3664e-02	6.4535e-03
9.3043e-04	-1.0548e-04	-1.2823e-04	-3.6103e-02	1.5924e-01	1.0283e-02	5.2699e-04	-1.0983e-04	5.3013e-05	1.3167e-03	5.5150e-03	-1.3563e-02
2.7401e-04	-2.5847e-04	-1.7121e-04	-4.6767e-02	1.6640e-01	2.6934e-02	-6.5643e-04	-1.5299e-04	-4.2977e-05	-1.0664e-02	7.1620e-03	1.6650e-02
4.9452e-04	3.6046e-05	2.9911e-05	-4.6753e-02	1.5541e-01	7.6966e-03	2.2052e-04	2.9452e-04	2.0112e-04	1.4600e-05	-1.0998e-02	-1.9237e-02
-1.1906e-04	1.4453e-04	1.2665e-04	-4.6752e-02	1.2408e-01	1.7525e-02	-6.1358e-04	1.0849e-04	9.6738e-05	1.3000e-06	-3.1325e-02	9.8281e-03
2.8251e-04	1.4453e-04	-3.4298e-04	-3.7751e-02	1.2406e-01	3.9691e-02	4.0156e-04	0.0000e+00	-4.6963e-04	9.0006e-03	-1.6000e-05	2.2166e-02
5.8603e-04	1.4453e-04	-3.0429e-04	-3.0640e-02	1.2409e-01	1.4366e-02	3.0352e-04	0.0000e+00	3.8689e-05	7.1108e-03	3.0000e-05	-2.5324e-02
2.3130e-04	1.4453e-04	-4.6685e-05	-3.6738e-02	1.1230e-01	3.0770e-02	-3.5472e-04	0.0000e+00	2.5761e-04	-6.0982e-03	-1.1800e-02	1.6403e-02
1.3639e-04	-5.8542e-06	-3.0429e-04	-3.6857e-02	1.0432e-01	2.1639e-02	-9.4912e-05	-1.5039e-04	-2.5761e-04	-1.1860e-04	-7.9710e-03	-9.1307e-03
7.5302e-04	-4.8244e-05	-1.5826e-04	-3.0635e-02	1.4030e-01	1.4370e-02	6.1663e-04	-4.2390e-05	1.4603e-04	6.2223e-03	3.5975e-02	-7.2690e-03
6.4556e-04	1.4051e-04	2.8856e-05	-2.2714e-02	1.2413e-01	1.4356e-02	-1.0746e-04	1.8875e-04	1.8712e-04	7.9202e-03	-1.6168e-02	-1.3800e-05
4.7290e-04	-2.8562e-04	-5.6629e-04	-1.7296e-02	1.2802e-01	1.1214e-02	-1.7267e-04	-4.2613e-04	-5.9514e-04	5.4186e-03	3.8870e-03	-3.1420e-03
4.7290e-04	-2.8562e-04	-4.3910e-04	-2.5410e-02	1.4563e-01	-1.8701e-03	0.0000e+00	0.0000e+00	1.2718e-04	-8.1146e-03	1.7613e-02	-1.3084e-02
1.2061e-03	-2.8562e-04	-7.8580e-04	-2.9409e-02	1.7769e-01	-1.9104e-02	7.3323e-04	0.0000e+00	-3.4669e-04	-3.9990e-03	3.2062e-02	-1.7234e-02
9.5627e-04	-2.8562e-04	-2.8087e-04	-1.1484e-02	1.3986e-01	-1.1829e-02	-2.4986e-04	0.0000e+00	5.0493e-04	1.7926e-02	-3.7828e-02	7.2754e-03
1.6951e-03	-4.0875e-04	2.9080e-05	-1.1489e-02	1.5169e-01	-1.3538e-02	7.3886e-04	-1.2313e-04	3.0995e-04	-5.0000e-06	1.1822e-02	-1.7097e-03
1.6195e-03	-9.0687e-05	1.1393e-04	-1.7506e-02	1.3323e-01	-1.5201e-02	-7.5580e-05	3.1806e-04	8.4852e-05	-6.0168e-03	-1.8457e-02	-1.6627e-03
4.8420e-04	2.6885e-04	2.3524e-04	-1.4048e-02	1.0669e-01	1.5570e-02	-1.1354e-03	3.5954e-04	1.2131e-04	3.4573e-03	-2.6541e-02	3.0771e-02
8.6575e-04	-3.3476e-04	-5.2037e-04	-1.1514e-02	1.3909e-01	-4.1303e-03	3.8155e-04	-6.0361e-04	-7.5562e-04	2.5340e-03	3.2397e-02	-1.9700e-02
3.8488e-04	-3.0732e-06	3.0084e-04	8.0055e-03	1.2113e-01	1.5588e-02	-4.8087e-04	3.3169e-04	8.2121e-04	1.9520e-02	-1.7956e-02	1.9719e-02
3.5325e-04	-1.8322e-04	-9.3180e-05	3.5380e-03	1.1630e-01	2.9935e-03	-3.1629e-05	-1.8014e-04	-3.9402e-04	-4.4675e-03	-4.8320e-03	-1.2595e-02
-3.0487e-04	-3.0732e-06	2.3283e-04	6.4186e-03	7.6425e-02	1.9359e-02	-6.5812e-04	1.8014e-04	3.2601e-04	2.8806e-03	-3.9873e-02	1.6365e-02
1.1124e-03	-3.7792e-05	3.8421e-05	1.0130e-02	1.2048e-01	1.4203e-02	1.4173e-03	-3.4719e-05	-1.9441e-04	3.7112e-03	4.4059e-02	-5.1556e-03
8.2739e-04	-3.8865e-04	2.9766e-04	1.0146e-02	8.3350e-02	-4.8740e-03	-2.8503e-04	-3.5086e-04	2.5924e-04	1.6400e-05	-3.7134e-02	-1.9077e-02
5.7896e-04	2.6281e-05	3.2717e-04	2.1880e-03	6.5766e-02	1.7984e-02	-2.4843e-04	4.1493e-04	2.9510e-05	-7.9582e-03	-1.7584e-02	2.2858e-02
4.7342e-04	2.6281e-05	3.2717e-04	1.4145e-02	8.2023e-02	1.8011e-02	-1.0555e-04	0.0000e+00	0.0000e+00	1.1957e-02	1.6257e-02	2.6900e-05
2.0080e-03	2.6281e-05	3.2717e-04	1.7059e-02	9.0249e-02	-1.5623e-02	1.5345e-03	0.0000e+00	0.0000e+00	2.9146e-03	8.2251e-03	-3.3634e-02
7.7341e-04	2.6281e-05	3.0679e-04	3.1825e-02	6.5931e-02	2.8841e-03	-1.2345e-03	0.0000e+00	-2.0387e-05	1.4765e-02	-2.4317e-02	1.8507e-02
1.3201e-03	-1.5981e-04	5.1777e-06	7.9579e-03	9.8891e-02	-7.0216e-03	5.4672e-04	-1.8609e-04	-3.0161e-04	-2.3867e-02	3.2960e-02	-9.9057e-03
1.3398e-03	2.2635e-04	2.4712e-04	-1.6172e-04	9.0767e-02	-7.0096e-03	1.9680e-05	3.8616e-04	2.4194e-04	-8.1196e-03	-8.1246e-03	1.2050e-05
7.7890e-04	-1.8987e-04	-1.4731e-04	-1.3548e-02	8.2485e-02	-7.0095e-03	-5.6091e-04	-4.1622e-04	-3.9443e-04	-1.3386e-02	-8.2821e-03	6.0000e-08
1.9089e-03	-7.9492e-05	-1.4731e-04	-5.4636e-03	8.6914e-02	-2.1476e-02	1.1300e-03	1.1038e-04	0.0000e+00	8.0845e-03	4.4290e-03	-1.4467e-02
1.4817e-03	5.2073e-05	-1.4731e-04	-1.1045e-02	6.5964e-02	-1.7580e-02	-4.2724e-04	1.3156e-04	0.0000e+00	-5.5813e-03	-2.0950e-02	3.8969e-03
1.1585e-03	1.4608e-04	-1.4731e-04	-1.6945e-02	8.8846e-02	-1.2363e-02	-3.2320e-04	9.4008e-05	0.0000e+00	-5.9003e-03	2.2883e-02	5.2168e-03
1.0767e-03	-1.3905e-04	-1.4731e-04	-1.4578e-02	1.0412e-01	-2.3435e-02	-8.1820e-05	-2.8513e-04	0.0000e+00	2.3674e-03	1.5270e-02	-1.1072e-02
9.6709e-04	-4.2939e-04	-1.4731e-04	-1.6977e-02	1.0695e-01	-5.0278e-02	-1.0958e-04	-2.9035e-04	0.0000e+00	-2.3997e-03	2.8360e-03	-2.6843e-02
9.6187e-04	-1.5067e-04	-2.0137e-04	-1.6952e-02	1.0846e-01	-3.9024e-02	-5.2190e-06	2.7873e-04	-5.4054e-05	2.6000e-05	1.5080e-03	1.1255e-02
1.0823e-03	5.4276e-05	-8.2315e-05	-1.6289e-02	9.6915e-02	-1.9096e-02	1.2047e-04	2.0494e-04	1.1905e-04	6.6270e-04	-1.1545e-02	1.9928e-02
1.1698e-03	5.4276e-05	-1.4731e-04	-1.7442e-02	9.6617e-02	-3.6462e-02	8.7420e-05	0.0000e+00	-6.4998e-05	-1.1537e-03	-2.9870e-04	-1.7366e-02
1.2962e-04	-2.1845e-04	-5.5095e-06	-1.4141e-02	6.5213e-02	-8.0558e-03	-1.0401e-03	-2.7272e-04	1.4180e-04	3.3019e-03	-3.1403e-02	2.8406e-02
3.2845e-04	-5.7392e-07	-1.4731e-04	-1.1753e-02	6.3824e-02	-7.7844e-03	1.9883e-04	2.1787e-04	-1.4180e-04	2.3872e-03	-1.3890e-03	2.7142e-04
8.2560e-04	1.0078e-04	-1.4731e-04	-1.6569e-02	4.9955e-02	-3.1280e-02	4.9715e-04	1.0135e-04	0.0000e+00	-4.8155e-03	-1.3869e-02	-2.3496e-02
2.5782e-04	-4.4262e-05	-2.4685e-04	-9.1892e-03	3.0409e-02	-7.7840e-03	-5.6778e-04	-1.4504e-04	-9.9537e-05	7.3797e-03	-1.9545e-02	2.3496e-02
9.4776e-04	-2.3373e-04	-1.4731e-04	-1.3690e-02	7.3066e-02	-2.8401e-02	6.8994e-04	-1.8946e-04	9.9537e-05	-4.5011e-03	4.2657e-02	-2.0618e-02
6.4883e-04	3.7402e-04	-1.6204e-04	-1.9535e-02	6.2807e-02	-2.5218e-02	-2.9893e-04	6.0774e-04	-1.4729e-05	-5.8450e-03	-1.0259e-02	3.1839e-03
7.7928e-04	-9.9784e-04	-7.1667e-04	-7.7605e-03	1.0220e-01	-4.2569e-02	1.3045e-04	-1.3719e-03	-5.5463e-04	1.1775e-02	3.9391e-02	-1.7351e-02
7.2159e-04	1.7691e-05	-3.6526e-04	-2.5485e-02	8.7289e-02	-3.6830e-02	-5.7695e-05	1.0155e-03	3.5142e-04	-1.7725e-02	-1.4909e-02	5.7382e-03
5.9719e-04	-5.6659e-04	-3.6526e-04	-9.8239e-03	9.9700e-02	-4.0661e-02	-1.2440e-04	-5.8428e-04	0.0000e+00	1.5661e-02	1.2410e-02	-3.8307e-03
3.3573e-04	-2.7276e-04	-1.1158e-04	-5.6351e-05	6.4255e-02	-7.8011e-03	-2.6146e-04	2.9382e-04	2.5368e-04	9.7676e-03	-3.5445e-02	3.2860e-02
8.8418e-04	8.4645e-05	-1.0989e-04	-8.8319e-05	7.7091e-02	-5.4735e-02	5.4845e-04	3.5741e-04	1.6880e-06	-3.1968e-05	1.2836e-02	-4.6934e-02
4.2199e-04	-3.1540e-04	-6.4524e-04	-1.6585e-02	5.6132e-02	-3.0402e-02	-4.6219e-04	-4.0005e-04	-5.3535e-04	-1.6497e-02	-2.0959e-02	2.4334e-02
1.2962e-04	9.6834e-05	1.5156e-04	-1.1609e-04	4.8446e-02	-6.3555e-04	-2.9237e-04	4.1224e-04	7.9680e-04	1.6469e-02	-7.6864e-03	2.9766e-02
8.8703e-04	9.6834e-05	-3.1788e-05	-1.1958e-04	5.6153e-02	-1.8410e-02	7.5741e-04	0.0000e+00	-1.8335e-04	-3.4830e-06	7.7071e-03	-1.7774e-02
3.5723e-04	9.1591e-05	-4.9306e-05	-1.1268e-04	5.6142e-02	-1.1152e-02	-5.2980e-04	-5.2431e-06	-1.7518e-05	6.9010e-06	-1.0200e-05	7.2578e-03
1.2389e-03	3.8053e-04	1.4080e-04	-1.0924e-04	7.7788e-02	1.3072e-02	8.8164e-04	2.8894e-04	1.9011e-04	3.4340e-06	2.1646e-02	2.4224e-02
9.1369e-04	-2.0759e-04	-5.2523e-04	-1.2074e-02	5.6164e-02	4.7867e-03	-3.2518e-04	-5.8812e-04	-6.6603e-04	-1.1965e-02	-2.1624e-02	-8.2851e-03
5.5832e-04	1.9234e-04	-7.3112e-05	-9.8278e-05	5.6144e-02	1.3755e-03	-3.5537e-04	3.9992e-04	4.5211e-04	1.1976e-02	-1.9900e-05	-3.4112e-03
1.1382e-03	-2.0759e-04	-5.2523e-04	-5.0924e-03	7.9017e-02	-1.6063e-02	5.7986e-04	-3.9992e-04	-4.5211e-04	-4.9941e-03	2.2873e-02	-1.7438e-02
1.0166e-03	-7.0770e-04	6.4414e-05	-6.3014e-05	7.8299e-02	5.0077e-03	-1.2156e-04	-5.0011e-04	5.8964e-04	5.0293e-03	-7.1800e-04	2.1070e-02
3.5531e-04	-2.7705e-04	6.4414e-05	-9.2917e-05	5.3710e-02	1.5246e-02	-6.6131e-04	4.3065e-04	0.0000e+00	-2.9904e-05	-2.4589e-02	1.0238e-02
-6.2573e-05	1.2463e-04	1.9513e-04	-8.1657e-05	6.1349e-03	1.0874e-02	-4.1788e-04	4.0168e-04	1.3071e-04	1.1261e-05	-4.7575e-02	-4.3717e-03
4.7643e-04	1.2463e-04	6.4414e-05	6.3800e-03	1.5804e-02	-6.8648e-03	5.3900e-04	0.0000e+00	-1.3071e-04	6.4617e-03	9.6686e-03	-1.7739e-02
3.1904e-04	6.5170e-05	6.4414e-05	1.1114e-02	3.3377e-02	1.0879e-02	-1.5739e-04	-5.9461e-05	0.0000e+00	4.7344e-03	1.7574e-02	1.7744e-02
8.3207e-04	3.6848e-04	1.5996e-04	6.0572e-03	6.7423e-03	-1.7288e-02	5.1304e-04	3.0331e-04	9.5548e-05	-5.0573e-03	-2.6635e-02	-2.8167e-02
2.6346e-04	2.6378e-04	2.3343e-04	-8.2795e-05	1.1206e-02	3.8462e-03	-5.6862e-04	-1.0470e-04	7.3469e-05	-6.1400e-03	4.4636e-03	2.1134e-02
1.4664e-03	4.5615e-06	-5.8449e-04	-3.9938e-05	5.7483e-02	-9.6251e-03	1.2029e-03	-2.5921e-04	-8.1792e-04	4.2857e-05	4.6277e-02	-1.3471e-02
7.2851e-04	2.3857e-04	-1.0726e-04	-4.5276e-05	2.8022e-02	-9.5967e-03	-7.3785e-04	2.3401e-04	4.7722e-04	-5.3386e-06	-2.9461e-02	2.8360e-05
8.3462e-04	-4.2733e-04	-5.2961e-04	-1.7453e-02	5.3656e-02	-2.1211e-02	1.0611e-04	-6.6590e-04	-4.2234e-04	-1.7408e-02	2.5635e-02	-1.1615e-02
5.0921e-05	-0.0000e+00	0.0000e+00	-4.6012e-03	-2.9695e-02	1.7413e-02	-7.8370e-04	4.2733e-04	5.2961e-04	1.2852e-02	-8.3352e-02	3.8624e-02
0.0000e+00	-0.0000e+00	0.0000e+00	0.0000e+00	0.0000e+00	0.0000e+00	-5.0921e-05	0.0000e+00	0.0000e+00	4.6012e-03	2.9695e-02	-1.7413e-02
5.6780e-04	-0.0000e+00	0.0000e+00	0.0000e+00	2.9673e-05	-2.4586e-05	5.6780e-04	0.0000e+00	0.0000e+00	0.0000e+00	2.9673e-05	-2.4586e-05
7.0561e-04	5.3506e-04	0.0000e+00	-2.8112e-05	-2.9041e-03	1.5613e-05	1.3781e-04	5.3506e-04	0.0000e+00	-2.8112e-05	-2.9338e-03	4.0199e-05
1.1525e-03	-0.0000e+00	0.0000e+00	-1.0070e-02	5.0673e-02	-2.8513e-03	4.4688e-04	-5.3506e-04	0.0000e+00	-1.0042e-02	5.3577e-02	-2.8669e-03
1.3156e-04	8.0207e-05	0.0000e+00	-3.5107e-06	-3.9497e-02	8.6458e-03	-1.0209e-03	8.0207e-05	0.0000e+00	1.0066e-02	-9.0169e-02	1.1497e-02
-3.8098e-04	-2.0096e-04	-4.3488e-04	4.4323e-05	-6.7634e-02	1.8386e-02	-5.1254e-04	-2.8117e-04	-4.3488e-04	4.7834e-05	-2.8138e-02	9.7406e-03
2.2179e-04	-1.6422e-04	-4.3488e-04	6.9944e-05	6.6840e-04	1.1361e-02	6.0277e-04	3.6735e-05	0.0000e+00	2.5621e-05	6.8303e-02	-7.0256e-03
4.7816e-04	5.3056e-05	-6.8470e-05	-1.2007e-02	-3.1341e-03	-4.3925e-02	2.5637e-04	2.1728e-04	3.6642e-04	-1.2077e-02	-3.8025e-03	-5.5286e-02
-9.5696e-06	-8.0373e-04	-4.3488e-04	7.3776e-05	1.5631e-02	-2.0842e-02	-4.8772e-04	-8.5678e-04	-3.6642e-04	1.2081e-02	1.8765e-02	2.3083e-02
8.6015e-04	-1.5917e-03	-5.5944e-04	2.1001e-02	3.7197e-02	-1.9687e-02	8.6972e-04	-7.8797e-04	-1.2456e-04	2.0927e-02	2.1566e-02	1.1553e-03
5.1127e-04	-1.7737e-03	-5.3042e-04	1.2487e-02	2.6685e-02	-5.4263e-02	-3.4888e-04	-1.8202e-04	2.9027e-05	-8.5145e-03	-1.0512e-02	-3.4575e-02
-9.5696e-06	-9.6229e-04	-1.6852e-04	1.9870e-02	6.0572e-03	-2.8916e-02	-5.2084e-04	8.1143e-04	3.6189e-04	7.3839e-03	-2.0628e-02	2.5347e-02
5.8858e-04	-5.6506e-04	-3.2734e-05	1.2070e-02	-7.8394e-03	-2.9025e-02	5.9815e-04	3.9724e-04	1.3579e-04	-7.8010e-03	-1.3897e-02	-1.0900e-04
3.1237e-05	-1.4134e-04	-3.2734e-05	1.2991e-04	-4.1133e-02	-8.8104e-03	-5.5734e-04	4.2372e-04	0.0000e+00	-1.1940e-02	-3.3294e-02	2.0214e-02
-3.6270e-04	-1.4134e-04	-3.2734e-05	-1.7452e-02	-4.6394e-02	1.4177e-03	-3.9394e-04	0.0000e+00	0.0000e+00	-1.7582e-02	-5.2610e-03	1.0228e-02
7.8232e-05	-1.4134e-04	-9.6655e-05	-1.7216e-02	-2.4232e-02	-3.6931e-02	4.4093e-04	0.0000e+00	-6.3921e-05	2.3620e-04	2.2162e-02	-3.8348e-02
-1.0558e-04	-1.2464e-03	1.3599e-04	4.7165e-02	-3.3606e-02	-2.4320e-02	-1.8381e-04	-1.1051e-03	2.3264e-04	6.4381e-02	-9.3733e-03	1.2611e-02
5.3045e-04	-1.7349e-03	2.0769e-04	2.8358e-02	2.2330e-02	-1.1158e-02	6.3603e-04	-4.8851e-04	7.1705e-05	-1.8806e-02	5.5936e-02	1.3161e-02
1.9306e-04	-1.8917e-03	1.5139e-04	3.9265e-02	3.5884e-03	-5.3706e-03	-3.3739e-04	-1.5678e-04	-5.6299e-05	1.0906e-02	-1.8742e-02	5.7878e-03
-1.7782e-03	-2.9145e-03	-3.1032e-04	2.8067e-02	-3.5548e-02	8.8627e-03	-1.9713e-03	-1.0227e-03	-4.6172e-04	-1.1198e-02	-3.9136e-02	1.4233e-02
-1.8395e-03	-2.9118e-03	-3.1032e-04	3.9265e-02	-1.5834e-02	-3.1945e-03	-6.1280e-05	2.6700e-06	0.0000e+00	1.1198e-02	1.9714e-02	-1.2057e-02
-1.8395e-03	-1.9811e-03	3.7089e-04	5.7431e-02	-2.7729e-02	-4.4630e-03	0.0000e+00	9.3071e-04	6.8122e-04	1.8166e-02	-1.1896e-02	-1.2685e-03
-1.8395e-03	-2.1260e-03	1.4044e-04	3.9317e-02	-7.0988e-02	2.2222e-02	0.0000e+00	-1.4487e-04	-2.3045e-04	-1.8114e-02	-4.3259e-02	2.6686e-02
-1.2712e-03	-1.9689e-03	1.9728e-04	3.9314e-02	-1.5967e-02	1.6935e-02	5.6829e-04	1.5701e-04	5.6840e-05	-3.4000e-06	5.5021e-02	-5.2870e-03
-1.3592e-03	-1.5186e-03	1.3908e-04	3.9280e-02	-1.0571e-01	3.2368e-02	-8.7990e-05	4.5039e-04	-5.8200e-05	-3.3800e-05	-8.9743e-02	1.5433e-02
-1.8395e-03	-2.1477e-03	-2.1536e-04	6.1358e-02	-9.8340e-02	6.8630e-02	-4.8030e-04	-6.2919e-04	-3.5445e-04	2.2078e-02	7.3696e-03	3.6262e-02
-1.1306e-03	-1.8529e-03	1.1095e-03	6.1856e-02	-5.9098e-02	3.3175e-02	7.0890e-04	2.9484e-04	1.3248e-03	4.9850e-04	3.9243e-02	-3.5455e-02
-1.8395e-03	-2.2964e-03	-9.2643e-05	1.6851e-02	-6.3110e-02	4.6916e-02	-7.0890e-04	-4.4347e-04	-1.2021e-03	-4.5006e-02	-4.0126e-03	1.3741e-02
-1.3317e-03	-2.4286e-03	-9.2643e-05	3.4038e-02	-3.9659e-02	2.0747e-02	5.0779e-04	-1.3219e-04	0.0000e+00	1.7187e-02	2.3452e-02	-2.6170e-02
-1.4169e-03	-2.1113e-03	6.6746e-05	3.2600e-02	-5.8497e-02	2.0775e-02	-8.5200e-05	3.1730e-04	1.5939e-04	-1.4378e-03	-1.8838e-02	2.8600e-05
-1.9717e-03	-1.3181e-03	3.5323e-04	3.7299e-02	-8.2032e-02	2.0766e-02	-5.5479e-04	7.9316e-04	2.8649e-04	4.6986e-03	-2.3535e-02	-9.2000e-06
-7.4028e-04	-1.6415e-03	1.6915e-04	1.6734e-02	-2.8010e-02	-5.0037e-02	1.2314e-03	-3.2340e-04	-1.8408e-04	-2.0565e-02	5.4022e-02	-7.0803e-02
-1.8766e-03	-1.7803e-03	3.5323e-04	1.6827e-02	-9.3542e-02	1.1764e-02	-1.1363e-03	-1.3876e-04	1.8408e-04	9.3300e-05	-6.5533e-02	6.1801e-02
-1.6504e-03	-1.3276e-03	2.3240e-04	3.1924e-02	-7.0250e-02	2.1277e-02	2.2615e-04	4.5263e-04	-1.2083e-04	1.5097e-02	2.3293e-02	9.5129e-03
-9.9867e-04	-1.0732e-03	3.5323e-04	3.9367e-02	-8.1215e-02	-6.1458e-03	6.5175e-04	2.5445e-04	1.2083e-04	7.4430e-03	-1.0966e-02	-2.7423e-02
-1.8030e-03	-1.4207e-03	1.8720e-04	5.1222e-02	-1.3655e-01	2.1211e-02	-8.0429e-04	-3.4749e-04	-1.6603e-04	1.1855e-02	-5.5333e-02	2.7357e-02
-1.9457e-03	-1.4640e-03	-4.9641e-05	2.6969e-02	-9.7699e-02	2.1181e-02	-1.4277e-04	-4.3320e-05	-2.3684e-04	-2.4253e-02	3.8849e-02	-2.9400e-05
-9.9781e-04	-1.2141e-03	-5.7093e-04	-6.7703e-03	-9.7630e-02	-1.1532e-02	9.4792e-04	2.4992e-04	-5.2129e-04	-3.3739e-02	6.9600e-05	-3.2713e-02
-2.1652e-03	-1.3597e-03	-5.7093e-04	-1.7988e-03	-1.2680e-01	3.5156e-03	-1.1674e-03	-1.4567e-04	0.0000e+00	4.9715e-03	-2.9166e-02	1.5047e-02
-1.6026e-03	-1.4559e-03	-5.7093e-04	9.7436e-03	-9.8869e-02	-4.6363e-02	5.6264e-04	-9.6150e-05	0.0000e+00	1.1542e-02	2.7927e-02	-4.9878e-02
-2.1316e-03	-1.4506e-03	-5.7093e-04	4.2813e-03	-9.9836e-02	-4.6168e-03	-5.2901e-04	5.3200e-06	0.0000e+00	-5.4623e-03	-9.6700e-04	4.1746e-02
-2.0769e-03	-1.0295e-03	-1.9911e-04	4.2329e-03	-1.3788e-01	6.1483e-03	5.4690e-05	4.2105e-04	3.7182e-04	-4.8370e-05	-3.8048e-02	1.0765e-02
-1.4804e-03	-1.1248e-03	-5.1535e-04	-3.5961e-03	-1.0490e-01	-5.9336e-02	5.9650e-04	-9.5290e-05	-3.1624e-04	-7.8290e-03	3.2980e-02	-6.5484e-02
-1.5488e-03	-1.3342e-03	-7.6490e-04	2.1951e-03	-1.1062e-01	-1.5740e-02	-6.8410e-05	-2.0940e-04	-2.4956e-04	5.7912e-03	-5.7190e-03	4.3596e-02
-9.2348e-04	-1.6931e-03	-4.1041e-04	4.2138e-03	-6.6680e-02	-3.5003e-02	6.2533e-04	-3.5893e-04	3.5449e-04	2.0187e-03	4.3943e-02	-1.9263e-02
-1.2396e-03	-2.4369e-03	-5.0102e-04	5.6468e-02	-7.1711e-02	-2.5127e-02	-3.1614e-04	-7.4378e-04	-9.0612e-05	5.2254e-02	-5.0315e-03	9.8765e-03
-1.0327e-03	-2.9523e-03	-7.6490e-04	5.6450e-02	-6.6676e-02	-4.7514e-02	2.0692e-04	-5.1536e-04	-2.6388e-04	-1.8200e-05	5.0351e-03	-2.2387e-02
-1.8135e-03	-1.3496e-03	2.4010e-05	2.8586e-02	-1.1782e-01	-2.6951e-02	-7.8084e-04	1.6026e-03	7.8892e-04	-2.7863e-02	-5.1144e-02	2.0562e-02
-1.8574e-03	-9.4726e-04	-5.2438e-04	1.1229e-02	-1.1781e-01	-1.9886e-02	-4.3900e-05	4.0237e-04	-5.4839e-04	-1.7357e-02	1.1000e-05	7.0655e-03
-1.6404e-03	-1.2233e-03	-2.7867e-04	6.9379e-03	-1.1783e-01	-4.4648e-02	2.1707e-04	-2.7606e-04	2.4570e-04	-4.2913e-03	-1.9000e-05	-2.4762e-02
-1.8670e-03	-1.0966e-03	-6.8544e-04	-2.7271e-02	-1.3299e-01	-3.5672e-02	-2.2666e-04	1.2677e-04	-4.0676e-04	-3.4209e-02	-1.5166e-02	8.9759e-03
-1.0827e-03	-1.8846e-03	-6.8544e-04	-1.3063e-02	-8.0807e-02	-2.3321e-02	7.8438e-04	-7.8802e-04	0.0000e+00	1.4209e-02	5.2187e-02	1.2352e-02
-6.6439e-04	-2.1770e-03	-6.8544e-04	3.8140e-02	-8.0749e-02	-1.1097e-02	4.1826e-04	-2.9241e-04	0.0000e+00	5.1202e-02	5.7500e-05	1.2223e-02
-2.3610e-03	-1.6454e-03	-6.8544e-04	3.0990e-02	-1.4999e-01	-4.7840e-03	-1.6966e-03	5.3162e-04	0.0000e+00	-7.1499e-03	-6.9236e-02	6.3134e-03
-1.2732e-03	-1.2657e-03	-6.8544e-04	1.2694e-02	-1.2322e-01	-7.7419e-02	1.0877e-03	3.7965e-04	0.0000e+00	-1.8296e-02	2.6766e-02	-7.2635e-02
-2.0255e-03	-1.2442e-03	-3.3203e-04	9.8303e-03	-1.3527e-01	-2.6747e-02	-7.5226e-04	2.1540e-05	3.5340e-04	-2.8638e-03	-1.2054e-02	5.0672e-02
-1.5752e-03	-1.4083e-03	-3.2144e-04	1.0979e-02	-1.0774e-01	-5.1163e-02	4.5028e-04	-1.6414e-04	1.0590e-05	1.1483e-03	2.7532e-02	-2.4416e-02
-1.2899e-03	-1.7155e-03	-1.6588e-03	-2.9361e-02	-1.2995e-01	-4.6893e-02	2.8536e-04	-3.0717e-04	-1.3373e-03	-4.0340e-02	-2.2212e-02	4.2698e-03
-6.8880e-04	-1.2759e-03	-7.8354e-04	-1.0772e-02	-1.0219e-01	-7.0436e-02	6.0106e-04	4.3957e-04	8.7522e-04	1.8589e-02	2.7766e-02	-2.3543e-02
-1.8208e-03	-1.0202e-03	-3.4435e-04	1.4097e-02	-1.7735e-01	-3.9420e-02	-1.1320e-03	2.5570e-04	4.3918e-04	2.4869e-02	-7.5167e-02	3.1016e-02
-2.1647e-03	-1.0076e-03	-3.3716e-04	8.8501e-03	-1.6288e-01	-3.9415e-02	-3.4390e-04	1.2580e-05	7.1880e-06	-5.2470e-03	1.4474e-02	4.4000e-06
-9.5361e-04	-1.2052e-03	-3.3716e-04	1.1362e-02	-1.3442e-01	-2.0822e-02	1.2111e-03	-1.9758e-04	0.0000e+00	2.5114e-03	2.8463e-02	1.8593e-02
-1.8189e-03	-1.4732e-03	-2.5850e-04	-1.9095e-03	-2.0750e-01	4.0072e-03	-8.6525e-04	-2.6801e-04	7.8660e-05	-1.3271e-02	-7.3083e-02	2.4829e-02
-1.5470e-03	-1.4732e-03	-4.2092e-04	9.2990e-04	-1.2822e-01	-3.9496e-02	2.7186e-04	0.0000e+00	-1.6242e-04	2.8394e-03	7.9277e-02	-4.3503e-02
-1.3300e-03	-1.3917e-03	-6.7309e-04	-2.8495e-02	-1.5888e-01	-4.5879e-02	2.1705e-04	8.1560e-05	-2.5217e-04	-2.9425e-02	-3.0656e-02	-6.3835e-03
-2.0950e-03	-1.0723e-03	-4.8867e-04	-2.2581e-02	-1.9254e-01	-3.2544e-02	-7.6502e-04	3.1934e-04	1.8442e-04	5.9142e-03	-3.3660e-02	1.3335e-02
-1.5142e-03	-1.1328e-03	-5.6107e-04	-2.8575e-02	-1.5311e-01	-4.3276e-02	5.8078e-04	-6.0460e-05	-7.2404e-05	-5.9938e-03	3.9430e-02	-1.0732e-02
-8.2405e-04	-1.0993e-03	-1.8105e-04	-9.3983e-03	-1.5305e-01	-4.8100e-02	6.9014e-04	3.3490e-05	3.8002e-04	1.9177e-02	5.6000e-05	-4.8243e-03
-2.3799e-03	-8.9392e-04	-2.5622e-04	-3.2037e-03	-2.2080e-01	-2.0815e-02	-1.5558e-03	2.0538e-04	-7.5176e-05	6.1945e-03	-6.7749e-02	2.7285e-02
-1.0173e-03	-1.0650e-03	-5.2043e-04	-2.8520e-02	-1.3383e-01	-7.5777e-02	1.3626e-03	-1.7109e-04	-2.6420e-04	-2.5317e-02	8.6975e-02	-5.4962e-02
-7.1386e-04	-8.8733e-04	-7.0038e-04	-2.8506e-02	-1.3385e-01	-6.9318e-02	3.0341e-04	1.7768e-04	-1.7995e-04	1.4800e-05	-2.7000e-05	6.4586e-03
-1.2018e-03	-1.7401e-03	-1.2531e-03	-3.3814e-03	-1.5054e-01	-7.2480e-02	-4.8796e-04	-8.5282e-04	-5.5271e-04	2.5124e-02	-1.6681e-02	-3.1620e-03
-1.5260e-03	-1.9055e-03	-1.2531e-03	-2.8425e-02	-1.9506e-01	-5.8801e-02	-3.2418e-04	-1.6539e-04	0.0000e+00	-2.5043e-02	-4.4530e-02	1.3679e-02
-1.5623e-03	-6.4441e-04	-4.2427e-04	-1.4842e-02	-1.7493e-01	-7.1579e-02	-3.6330e-05	1.2611e-03	8.2882e-04	1.3582e-02	2.0131e-02	-1.2778e-02
-1.8496e-03	-7.9066e-04	-6.2041e-04	-4.7656e-02	-1.5894e-01	-8.2423e-02	-2.8730e-04	-1.4625e-04	-1.9614e-04	-3.2814e-02	1.5990e-02	-1.0844e-02
-1.7688e-03	-8.6310e-04	-6.2041e-04	-4.0005e-02	-1.7495e-01	-4.8369e-02	8.0810e-05	-7.2445e-05	0.0000e+00	7.6515e-03	-1.6010e-02	3.4054e-02
-1.2252e-03	-1.1424e-03	-1.0654e-03	-3.8831e-02	-1.5671e-01	-1.0136e-01	5.4363e-04	-2.7930e-04	-4.4494e-04	1.1735e-03	1.8244e-02	-5.2987e-02
-1.5610e-03	-1.3540e-03	-1.4055e-03	-6.4868e-02	-1.8269e-01	-4.0505e-02	-3.3582e-04	-2.1163e-04	-3.4015e-04	-2.6037e-02	-2.5983e-02	6.0851e-02
-1.8381e-03	-1.3540e-03	-1.0186e-03	-5.5150e-02	-1.9670e-01	-3.5132e-02	-2.7707e-04	0.0000e+00	3.8688e-04	9.7176e-03	-1.4007e-02	5.3733e-03
-2.4146e-03	-9.9104e-04	-1.0186e-03	-5.5172e-02	-2.1034e-01	-1.2471e-02	-5.7648e-04	3.6299e-04	0.0000e+00	-2.1800e-05	-1.3644e-02	2.2660e-02
-2.3482e-03	-1.1026e-03	-1.2946e-03	-3.3611e-02	-2.1771e-01	-2.1396e-03	6.6350e-05	-1.1161e-04	-2.7599e-04	2.1561e-02	-7.3710e-03	1.0332e-02
-1.9862e-03	-9.2795e-04	-1.0186e-03	-3.8402e-02	-2.3044e-01	-3.0684e-02	3.6204e-04	1.7470e-04	2.7599e-04	-4.7909e-03	-1.2726e-02	-2.8544e-02
-2.6585e-03	-1.1446e-03	-1.0186e-03	-4.6667e-02	-2.3403e-01	-2.3879e-02	-6.7234e-04	-2.1661e-04	0.0000e+00	-8.2644e-03	-3.5840e-03	6.8053e-03
-2.7700e-03	-9.0306e-04	-1.0186e-03	-5.5182e-02	-2.1420e-01	-2.6653e-02	-1.1150e-04	2.4150e-04	0.0000e+00	-8.5157e-03	1.9825e-02	-2.7740e-03
-2.2982e-03	-6.8465e-04	-1.3224e-03	-5.7170e-02	-2.3403e-01	-7.1549e-02	4.7183e-04	2.1840e-04	-3.0376e-04	-1.9875e-03	-1.9832e-02	-4.4896e-02
-2.7290e-03	-6.8465e-04	-1.1351e-03	-5.5168e-02	-2.4437e-01	-5.4284e-03	-4.3082e-04	0.0000e+00	1.8728e-04	2.0018e-03	-1.0339e-02	6.6121e-02
-2.0521e-03	-2.1566e-03	-1.5385e-03	-2.1391e-02	-2.0603e-01	-7.3080e-02	6.7694e-04	-1.4719e-03	-4.0342e-04	3.3777e-02	3.8340e-02	-6.7651e-02
-2.8150e-03	-1.9417e-03	-1.4276e-03	-3.6380e-02	-2.5360e-01	-3.5156e-02	-7.6295e-04	2.1484e-04	1.1089e-04	-1.4989e-02	-4.7571e-02	3.7924e-02
-2.7054e-03	-1.5115e-03	-9.6377e-04	-4.8037e-02	-2.2496e-01	-4.3328e-02	1.0966e-04	4.3025e-04	4.6386e-04	-1.1658e-02	2.8644e-02	-8.1722e-03
-2.3066e-03	-2.0188e-03	-6.5451e-04	-2.9453e-02	-2.1038e-01	-6.3528e-02	3.9873e-04	-5.0738e-04	3.0926e-04	1.8584e-02	1.4579e-02	-2.0200e-02
-2.9478e-03	-2.2341e-03	-8.8112e-04	-1.1817e-02	-2.1428e-01	-3.5124e-02	-6.4120e-04	-2.1528e-04	-2.2661e-04	1.7636e-02	-3.9000e-03	2.8405e-02
-2.2418e-03	-1.4468e-03	-5.7604e-04	-2.6935e-02	-2.2501e-01	-8.7753e-02	7.0605e-04	7.8729e-04	3.0508e-04	-1.5118e-02	-1.0733e-02	-5.2629e-02
-3.2058e-03	-1.6030e-03	-8.4467e-04	-5.0994e-02	-2.4178e-01	-1.0962e-02	-9.6403e-04	-1.5615e-04	-2.6863e-04	-2.4059e-02	-1.6770e-02	7.6791e-02
-2.6736e-03	-1.5055e-03	-8.4467e-04	-3.9034e-02	-2.2261e-01	-1.0971e-02	5.3218e-04	9.7520e-05	0.0000e+00	1.1960e-02	1.9170e-02	-9.4000e-06
-2.3766e-03	-1.4896e-03	-8.4467e-04	-3.9100e-02	-2.4173e-01	-6.4253e-02	2.9699e-04	1.5840e-05	1.0000e-09	-6.5900e-05	-1.9117e-02	-5.3282e-02
-3.4425e-03	-1.7802e-03	-1.0202e-03	-5.0981e-02	-2.3122e-01	5.6473e-03	-1.0659e-03	-2.9058e-04	-1.7552e-04	-1.1881e-02	1.0514e-02	6.9901e-02
-2.0421e-03	-1.7249e-03	-1.4215e-03	-3.9058e-02	-1.9945e-01	-4.5751e-02	1.4004e-03	5.5280e-05	-4.0135e-04	1.1923e-02	3.1766e-02	-5.1398e-02
-2.9748e-03	-2.4372e-03	-1.0846e-03	-7.1424e-02	-2.5590e-01	-1.4963e-01	-9.3270e-04	-7.1230e-04	3.3691e-04	-3.2366e-02	-5.6449e-02	-1.0388e-01
