1.5305e-03	1.1121e-03	-5.7785e-04	-7.8185e-02	1.1905e-01	7.3074e-02	0.0000e+00	0.0000e+00	0.0000e+00	0.0000e+00	0.0000e+00	0.0000e+00
1.3352e-03	9.9326e-04	-9.0224e-04	-8.8289e-02	9.4793e-02	6.3934e-02	-1.9537e-04	-1.1880e-04	-3.2439e-04	-1.0104e-02	-2.4262e-02	-9.1401e-03
1.2245e-03	9.9764e-04	-7.7894e-05	-8.2793e-02	8.5975e-02	1.0378e-01	-1.1071e-04	4.3880e-06	8.2435e-04	5.4958e-03	-8.8181e-03	3.9848e-02
1.0195e-03	5.9893e-04	-7.7894e-05	-6.8746e-02	6.8409e-02	6.4927e-02	-2.0495e-04	-3.9871e-04	1.0000e-10	1.4047e-02	-1.7566e-02	-3.8855e-02
8.3612e-04	1.0173e-03	-1.6677e-04	-7.0975e-02	5.7326e-02	1.0655e-01	-1.8339e-04	4.1838e-04	-8.8873e-05	-2.2295e-03	-1.1083e-02	4.1628e-02
1.0175e-03	8.5738e-04	-1.4958e-04	-7.1996e-02	7.3633e-02	9.6410e-02	1.8137e-04	-1.5993e-04	1.7184e-05	-1.0206e-03	1.6307e-02	-1.0145e-02
5.8612e-04	8.9682e-04	-7.7894e-05	-7.4261e-02	3.5945e-02	1.2341e-01	-4.3137e-04	3.9437e-05	7.1689e-05	-2.2652e-03	-3.7688e-02	2.7003e-02
8.3612e-04	9.7765e-04	-7.7894e-05	-7.9297e-02	8.1502e-02	1.3420e-01	2.5000e-04	8.0831e-05	1.0000e-10	-5.0357e-03	4.5557e-02	1.0791e-02
1.1951e-03	1.0385e-03	-1.4095e-04	-7.5754e-02	8.8967e-03	1.3855e-01	3.5902e-04	6.0801e-05	-6.3053e-05	3.5422e-03	-7.2605e-02	4.3450e-03
1.0186e-03	9.5096e-04	-7.7894e-05	-6.6017e-02	7.4217e-02	9.4030e-02	-1.7653e-04	-8.7486e-05	6.3053e-05	9.7372e-03	6.5320e-02	-4.4520e-02
9.4314e-04	8.2618e-04	-7.7894e-05	-5.7002e-02	2.4341e-02	1.0238e-01	-7.5473e-05	-1.2478e-04	0.0000e+00	9.0151e-03	-4.9876e-02	8.3505e-03
1.1302e-03	1.1397e-03	-7.7894e-05	-6.8439e-02	8.2070e-02	8.7556e-02	1.8707e-04	3.1347e-04	0.0000e+00	-1.1437e-02	5.7729e-02	-1.4824e-02
1.1302e-03	7.9825e-04	-4.6496e-04	-6.6479e-02	2.6509e-02	9.5148e-02	0.0000e+00	-3.4140e-04	-3.8707e-04	1.9598e-03	-5.5561e-02	7.5912e-03
9.0804e-04	5.9893e-04	-2.4665e-04	-6.1280e-02	7.4883e-02	7.6363e-02	-2.2217e-04	-1.9932e-04	2.1831e-04	5.1992e-03	4.8375e-02	-1.8785e-02
1.1302e-03	5.9893e-04	-7.7894e-05	-5.4197e-02	3.0371e-02	8.4572e-02	2.2217e-04	0.0000e+00	1.6876e-04	7.0833e-03	-4.4513e-02	8.2093e-03
9.4733e-04	9.9831e-04	-7.7894e-05	-6.2661e-02	7.0333e-02	9.0215e-02	-1.8288e-04	3.9938e-04	0.0000e+00	-8.4644e-03	3.9963e-02	5.6429e-03
8.1332e-04	9.9596e-04	-7.2052e-04	-5.9883e-02	3.1057e-02	9.1571e-02	-1.3401e-04	-2.3470e-06	-6.4263e-04	2.7782e-03	-3.9277e-02	1.3565e-03
8.0376e-04	1.1170e-03	-3.9847e-04	-6.4798e-02	3.1075e-02	1.0237e-01	-9.5520e-06	1.2104e-04	3.2205e-04	-4.9151e-03	1.8800e-05	1.0800e-02
9.2967e-04	9.6770e-04	-4.0430e-04	-6.0846e-02	7.9121e-02	8.2713e-02	1.2591e-04	-1.4930e-04	-5.8280e-06	3.9519e-03	4.8045e-02	-1.9658e-02
9.5083e-04	1.1683e-03	-3.7270e-04	-6.1938e-02	2.1626e-02	9.0214e-02	2.1161e-05	2.0056e-04	3.1606e-05	-1.0919e-03	-5.7495e-02	7.5007e-03
8.6558e-04	5.9893e-04	-1.0490e-03	-7.3144e-02	6.7344e-02	8.2745e-02	-8.5246e-05	-5.6933e-04	-6.7634e-04	-1.1206e-02	4.5719e-02	-7.4688e-03
8.1363e-04	5.9893e-04	-1.1278e-03	-7.8754e-02	2.8929e-02	8.2748e-02	-5.1955e-05	0.0000e+00	-7.8730e-05	-5.6098e-03	-3.8416e-02	2.4000e-06
6.3261e-04	5.9893e-04	-1.1278e-03	-7.9113e-02	5.0116e-02	8.2793e-02	-1.8102e-04	0.0000e+00	0.0000e+00	-3.5910e-04	2.1187e-02	4.5400e-05
6.9303e-04	3.4893e-04	-1.1278e-03	-7.3167e-02	3.3671e-02	6.0716e-02	6.0419e-05	-2.5000e-04	0.0000e+00	5.9464e-03	-1.6444e-02	-2.2077e-02
6.6265e-04	7.1298e-04	-1.1278e-03	-8.7226e-02	2.8931e-02	9.3312e-02	-3.0378e-05	3.6405e-04	0.0000e+00	-1.4060e-02	-4.7402e-03	3.2596e-02
6.5575e-04	5.9893e-04	-1.1278e-03	-9.7626e-02	5.1859e-02	6.4737e-02	-6.8970e-06	-1.1405e-04	0.0000e+00	-1.0399e-02	2.2927e-02	-2.8575e-02
7.0735e-04	8.7138e-04	-1.1278e-03	-8.2028e-02	6.9698e-03	9.8404e-02	5.1597e-05	2.7245e-04	0.0000e+00	1.5598e-02	-4.4889e-02	3.3667e-02
9.9558e-04	5.9127e-04	-1.1278e-03	-9.7633e-02	6.0598e-02	5.5304e-02	2.8823e-04	-2.8011e-04	0.0000e+00	-1.5605e-02	5.3628e-02	-4.3100e-02
6.1723e-04	5.7991e-04	-1.2216e-03	-8.5991e-02	7.2272e-02	6.6991e-02	-3.7835e-04	-1.1354e-05	-9.3780e-05	1.1642e-02	1.1674e-02	1.1688e-02
6.8000e-04	7.6827e-04	-1.1278e-03	-9.7639e-02	3.6657e-02	3.8326e-02	6.2769e-05	1.8836e-04	9.3780e-05	-1.1648e-02	-3.5615e-02	-2.8665e-02
7.7343e-04	1.0086e-03	-1.1278e-03	-9.7626e-02	4.0040e-02	7.4259e-02	9.3429e-05	2.4036e-04	0.0000e+00	1.2900e-05	3.3830e-03	3.5932e-02
7.4848e-04	6.0903e-04	-1.2167e-03	-9.7664e-02	5.2903e-02	3.9496e-02	-2.4945e-05	-3.9960e-04	-8.8910e-05	-3.7800e-05	1.2863e-02	-3.4763e-02
1.0567e-03	6.3182e-04	-1.1278e-03	-9.7648e-02	1.7941e-02	6.6917e-02	3.0820e-04	2.2792e-05	8.8910e-05	1.5600e-05	-3.4961e-02	2.7421e-02
1.1302e-03	1.0086e-03	-1.2009e-03	-9.7638e-02	5.9534e-02	6.0985e-02	7.3530e-05	3.7681e-04	-7.3130e-05	1.0500e-05	4.1593e-02	-5.9315e-03
5.6266e-04	1.0086e-03	-1.1278e-03	-1.0170e-01	5.3698e-03	6.5888e-02	-5.6755e-04	0.0000e+00	7.3130e-05	-4.0663e-03	-5.4164e-02	4.9027e-03
7.4999e-04	1.0086e-03	-1.2173e-03	-9.6766e-02	3.4342e-02	6.2947e-02	1.8733e-04	0.0000e+00	-8.9520e-05	4.9381e-03	2.8972e-02	-2.9415e-03
5.3475e-04	1.3145e-03	-8.4209e-05	-9.1610e-02	-1.3839e-01	1.4728e-01	-2.1524e-04	3.0590e-04	1.1331e-03	5.1559e-03	-1.7273e-01	8.4336e-02
3.5650e-04	1.0086e-03	6.2714e-05	-6.5983e-02	-7.6101e-02	7.7433e-02	-1.7825e-04	-3.0590e-04	1.4692e-04	2.5627e-02	6.2288e-02	-6.9850e-02
-4.2051e-04	1.0086e-03	6.2714e-05	-6.2972e-02	6.9194e-02	2.9225e-02	-7.7702e-04	0.0000e+00	0.0000e+00	3.0109e-03	1.4530e-01	-4.8208e-02
1.0650e-04	1.0086e-03	-1.1296e-04	-6.3015e-02	5.4630e-02	2.4032e-02	5.2702e-04	0.0000e+00	-1.7567e-04	-4.3000e-05	-1.4564e-02	-5.1934e-03
1.0650e-04	7.5863e-04	-2.8902e-04	-6.3085e-02	9.2426e-02	2.0765e-02	0.0000e+00	-2.5000e-04	-1.7606e-04	-7.0300e-05	3.7797e-02	-3.2666e-03
2.5639e-04	1.0831e-03	-3.8575e-04	-7.9958e-02	6.9145e-02	5.3262e-02	1.4988e-04	3.2449e-04	-9.6732e-05	-1.6873e-02	-2.3282e-02	3.2496e-02
-9.4263e-05	4.2019e-04	-1.0111e-03	-7.9317e-02	7.5323e-02	7.3654e-02	-3.5065e-04	-6.6293e-04	-6.2536e-04	6.4140e-04	6.1784e-03	2.0392e-02
2.7669e-04	6.7966e-04	-1.2300e-03	-9.0183e-02	5.4248e-02	5.7856e-02	3.7095e-04	2.5947e-04	-2.1890e-04	-1.0866e-02	-2.1075e-02	-1.5798e-02
-9.6196e-05	8.2741e-04	-3.7570e-04	-6.3135e-02	2.3283e-02	6.9024e-02	-3.7289e-04	1.4775e-04	8.5431e-04	2.7049e-02	-3.0965e-02	1.1168e-02
3.9874e-04	8.2741e-04	-4.6192e-04	-6.3149e-02	5.6543e-02	5.7845e-02	4.9494e-04	0.0000e+00	-8.6221e-05	-1.4200e-05	3.3259e-02	-1.1179e-02
3.4956e-04	5.7741e-04	-4.0593e-04	-6.3164e-02	5.6148e-02	4.1354e-02	-4.9179e-05	-2.5000e-04	5.5990e-05	-1.5400e-05	-3.9460e-04	-1.6491e-02
2.2054e-04	5.7741e-04	-3.2238e-04	-6.8129e-02	7.1115e-02	3.3736e-02	-1.2903e-04	0.0000e+00	8.3553e-05	-4.9646e-03	1.4967e-02	-7.6176e-03
2.5778e-04	8.1891e-04	-5.3299e-04	-7.5951e-02	1.7965e-02	4.8879e-02	3.7244e-05	2.4150e-04	-2.1062e-04	-7.8219e-03	-5.3149e-02	1.5143e-02
1.5095e-04	9.3700e-04	-5.7069e-04	-7.9564e-02	4.2601e-02	5.7898e-02	-1.0683e-04	1.1810e-04	-3.7700e-05	-3.6135e-03	2.4635e-02	9.0188e-03
5.6691e-05	6.6138e-04	-7.0703e-04	-7.8246e-02	1.1516e-02	2.6866e-02	-9.4257e-05	-2.7562e-04	-1.3633e-04	1.3184e-03	-3.1084e-02	-3.1032e-02
-2.8468e-04	9.1793e-04	-4.7311e-04	-6.3149e-02	6.4202e-02	4.4922e-02	-3.4137e-04	2.5655e-04	2.3391e-04	1.5097e-02	5.2685e-02	1.8056e-02
-3.4677e-05	9.7234e-04	-5.4626e-04	-7.1300e-02	3.2033e-02	3.9516e-02	2.5000e-04	5.4410e-05	-7.3143e-05	-8.1505e-03	-3.2169e-02	-5.4061e-03
1.4384e-04	7.6800e-04	-1.0143e-03	-7.4566e-02	7.4591e-02	2.6865e-02	1.7851e-04	-2.0434e-04	-4.6800e-04	-3.2661e-03	4.2558e-02	-1.2650e-02
3.3348e-04	2.7904e-04	-1.2878e-03	-7.6354e-02	3.9263e-02	1.4425e-02	1.8965e-04	-4.8896e-04	-2.7353e-04	-1.7883e-03	-3.5328e-02	-1.2440e-02
1.7766e-04	2.7904e-04	-1.2878e-03	-7.6826e-02	1.2139e-02	2.8919e-02	-1.5582e-04	0.0000e+00	0.0000e+00	-4.7200e-04	-2.7124e-02	1.4494e-02
1.4484e-04	7.0635e-04	-7.0555e-04	-7.9301e-02	2.1977e-02	3.0215e-02	-3.2825e-05	4.2731e-04	5.8224e-04	-2.4747e-03	9.8380e-03	1.2959e-03
-1.5190e-04	9.7976e-04	-6.6960e-04	-7.7266e-02	-4.8063e-02	5.7739e-02	-2.9674e-04	2.7341e-04	3.5949e-05	2.0346e-03	-7.0040e-02	2.7525e-02
-4.5145e-04	8.2802e-04	-9.0438e-04	-6.3276e-02	-2.0918e-02	3.4786e-02	-2.9955e-04	-1.5174e-04	-2.3477e-04	1.3990e-02	2.7145e-02	-2.2953e-02
-1.3944e-03	4.8148e-04	-9.8774e-04	-8.1782e-02	-4.7706e-03	7.3790e-02	-9.4294e-04	-3.4654e-04	-8.3363e-05	-1.8506e-02	1.6147e-02	3.9004e-02
1.3212e-04	4.0972e-04	-7.9573e-04	-8.1785e-02	5.5165e-02	-4.5789e-03	1.5265e-03	-7.1765e-05	1.9201e-04	-3.3000e-06	5.9936e-02	-7.8369e-02
-1.3487e-03	2.7904e-04	-1.7864e-03	-8.2162e-02	-8.0110e-02	8.2419e-02	-1.4808e-03	-1.3068e-04	-9.9065e-04	-3.7650e-04	-1.3527e-01	8.6998e-02
-7.6083e-04	7.5749e-04	-1.2341e-03	-8.2182e-02	-7.0070e-02	5.4304e-02	5.8789e-04	4.7845e-04	5.5229e-04	-2.0300e-05	1.0039e-02	-2.8115e-02
5.8012e-05	5.5646e-04	-1.2341e-03	-7.0669e-02	4.2624e-02	4.0412e-02	8.1885e-04	-2.0103e-04	0.0000e+00	1.1513e-02	1.1269e-01	-1.3893e-02
3.0807e-04	4.8710e-04	-8.7663e-04	-5.9832e-02	3.6268e-02	4.7577e-02	2.5006e-04	-6.9360e-05	3.5746e-04	1.0836e-02	-6.3553e-03	7.1648e-03
3.7022e-04	1.9018e-04	-1.2341e-03	-7.7424e-02	-2.9989e-02	3.8096e-02	6.2144e-05	-2.9692e-04	-3.5746e-04	-1.7592e-02	-6.6258e-02	-9.4805e-03
6.8863e-05	4.8802e-04	-1.2341e-03	-7.3441e-02	2.4829e-02	4.6189e-02	-3.0136e-04	2.9784e-04	0.0000e+00	3.9836e-03	5.4818e-02	8.0928e-03
-7.0257e-05	3.3708e-04	-1.0101e-03	-6.1488e-02	-1.7816e-02	3.8123e-02	-1.3912e-04	-1.5094e-04	2.2400e-04	1.1952e-02	-4.2645e-02	-8.0660e-03
2.0160e-04	1.4787e-04	-1.2341e-03	-6.2253e-02	5.3530e-02	3.8126e-02	2.7185e-04	-1.8921e-04	-2.2400e-04	-7.6470e-04	7.1346e-02	2.6000e-06
2.3578e-04	9.7033e-05	-8.9401e-04	-4.3029e-02	-5.2853e-03	4.4518e-02	3.4187e-05	-5.0839e-05	3.4008e-04	1.9224e-02	-5.8815e-02	6.3927e-03
2.6315e-04	8.9161e-05	-8.2947e-04	-4.3029e-02	2.7563e-02	3.5700e-02	2.7361e-05	-7.8718e-06	6.4547e-05	1.0000e-07	3.2848e-02	-8.8181e-03
-2.6646e-04	6.0002e-05	-1.2961e-03	-4.3024e-02	2.7538e-02	3.8174e-02	-5.2960e-04	-2.9159e-05	-4.6665e-04	4.8000e-06	-2.5100e-05	2.4735e-03
6.5086e-05	-1.6502e-04	-9.5473e-04	-4.3035e-02	6.8880e-02	3.1033e-02	3.3154e-04	-2.2503e-04	3.4139e-04	-1.0400e-05	4.1342e-02	-7.1405e-03
-3.9390e-05	-8.1522e-05	-1.0612e-03	-5.9700e-02	4.3906e-03	3.8220e-02	-1.0448e-04	8.3501e-05	-1.0643e-04	-1.6666e-02	-6.4490e-02	7.1863e-03
8.6901e-05	-1.3986e-04	-8.2947e-04	-5.3629e-02	1.1367e-02	1.7428e-02	1.2629e-04	-5.8337e-05	2.3170e-04	6.0709e-03	6.9765e-03	-2.0792e-02
-3.0132e-04	1.2818e-04	-8.2947e-04	-4.3022e-02	-2.8308e-02	3.8179e-02	-3.8822e-04	2.6804e-04	0.0000e+00	1.0608e-02	-3.9675e-02	2.0751e-02
-6.2516e-04	-3.3432e-04	-8.2947e-04	-2.0463e-02	-2.7409e-02	2.6134e-02	-3.2384e-04	-4.6250e-04	0.0000e+00	2.2559e-02	8.9890e-04	-1.2045e-02
-4.2725e-04	-3.2063e-04	-5.0153e-04	-3.3595e-03	-4.2780e-02	-1.7257e-03	1.9790e-04	1.3691e-05	3.2793e-04	1.7104e-02	-1.5371e-02	-2.7860e-02
-2.3538e-04	-6.8905e-04	-4.8889e-04	-3.3460e-03	1.2643e-02	1.2741e-02	1.9187e-04	-3.6843e-04	1.2640e-05	1.3440e-05	5.5423e-02	1.4466e-02
-4.9849e-04	-6.8905e-04	-6.7514e-04	-5.4095e-03	1.9851e-02	1.2756e-02	-2.6311e-04	0.0000e+00	-1.8625e-04	-2.0635e-03	7.2080e-03	1.5200e-05
-1.0000e-03	-6.8905e-04	-8.2947e-04	-3.3571e-03	-1.6291e-02	2.9302e-02	-5.0152e-04	0.0000e+00	-1.5432e-04	2.0524e-03	-3.6142e-02	1.6546e-02
-8.3523e-04	-6.8905e-04	-8.2947e-04	-6.0305e-03	-2.7969e-02	2.9338e-02	1.6478e-04	1.0000e-09	0.0000e+00	-2.6734e-03	-1.1678e-02	3.6000e-05
-1.2044e-03	-6.8905e-04	-8.2947e-04	-1.9052e-02	-1.5181e-01	4.2512e-02	-3.6922e-04	0.0000e+00	0.0000e+00	-1.3022e-02	-1.2384e-01	1.3173e-02
-1.2249e-03	-7.9330e-04	-9.8990e-04	-1.8226e-02	-7.7310e-02	1.4971e-02	-2.0430e-05	-1.0425e-04	-1.6043e-04	8.2570e-04	7.4499e-02	-2.7540e-02
-7.3131e-04	8.5071e-05	-1.3401e-04	6.3667e-03	-7.7247e-02	3.5734e-02	4.9358e-04	8.7837e-04	8.5588e-04	2.4593e-02	6.2900e-05	2.0763e-02
-1.0616e-03	1.7772e-04	-4.7748e-04	6.3277e-03	-6.4341e-02	2.3776e-02	-3.3032e-04	9.2650e-05	-3.4347e-04	-3.8960e-05	1.2906e-02	-1.1958e-02
-1.2433e-03	5.3197e-05	-4.2179e-04	7.9772e-04	-5.9493e-02	4.8423e-02	-1.8165e-04	-1.2452e-04	5.5697e-05	-5.5300e-03	4.8488e-03	2.4647e-02
-7.2959e-04	-5.0215e-04	-1.1626e-03	-2.0897e-02	-7.7243e-02	1.4757e-02	5.1368e-04	-5.5534e-04	-7.4077e-04	-2.1695e-02	-1.7750e-02	-3.3667e-02
-7.8499e-04	-4.2081e-04	-1.1588e-03	-2.0876e-02	-6.2720e-02	4.1598e-02	-5.5401e-05	8.1335e-05	3.7100e-06	2.1400e-05	1.4523e-02	2.6842e-02
-4.7127e-04	-6.8905e-04	-1.1198e-03	-2.0886e-02	-5.0659e-02	2.7328e-02	3.1372e-04	-2.6824e-04	3.9060e-05	-9.7000e-06	1.2061e-02	-1.4270e-02
-5.2729e-04	-6.8905e-04	-1.2170e-03	-1.2603e-02	-2.9814e-02	5.3613e-02	-5.6022e-05	0.0000e+00	-9.7210e-05	8.2828e-03	2.0844e-02	2.6285e-02
-7.1634e-04	-6.8905e-04	-1.1685e-03	-1.8249e-02	-7.7231e-02	3.7853e-02	-1.8904e-04	0.0000e+00	4.8510e-05	-5.6459e-03	-4.7417e-02	-1.5760e-02
-8.3144e-04	-6.8905e-04	-1.2537e-03	-2.0913e-02	-7.7220e-02	3.6580e-02	-1.1510e-04	0.0000e+00	-8.5220e-05	-2.6647e-03	1.1700e-05	-1.2728e-03
-8.4210e-04	-4.8153e-04	-1.3810e-03	-2.0915e-02	-5.7484e-02	1.5778e-02	-1.0665e-05	2.0752e-04	-1.2732e-04	-1.3000e-06	1.9735e-02	-2.0803e-02
-1.3813e-03	-6.1374e-04	-7.3701e-04	-7.0396e-03	-1.1190e-01	4.7737e-02	-5.3916e-04	-1.3221e-04	6.4402e-04	1.3875e-02	-5.4419e-02	3.1960e-02
-1.2113e-03	-6.8905e-04	-1.4977e-03	-1.6343e-02	-6.5618e-02	2.9333e-02	1.7000e-04	-7.5307e-05	-7.6066e-04	-9.3034e-03	4.6285e-02	-1.8405e-02
-9.3229e-04	-4.7724e-04	-1.0630e-03	-2.0334e-02	-1.1182e-01	2.6989e-02	2.7897e-04	2.1181e-04	4.3470e-04	-3.9914e-03	-4.6207e-02	-2.3433e-03
0.0000e+00	-0.0000e+00	0.0000e+00	0.0000e+00	0.0000e+00	0.0000e+00	9.3229e-04	4.7724e-04	1.0630e-03	2.0334e-02	1.1182e-01	-2.6989e-02
-5.7825e-04	-0.0000e+00	0.0000e+00	-9.3150e-03	-1.0536e-01	-5.6906e-05	-5.7825e-04	0.0000e+00	0.0000e+00	-9.3150e-03	-1.0536e-01	-5.6906e-05
-4.9811e-04	-8.1712e-05	-4.8412e-04	-2.3400e-02	-1.0535e-01	3.0532e-02	8.0146e-05	-8.1712e-05	-4.8412e-04	-1.4085e-02	1.1000e-05	3.0589e-02
-3.3808e-04	-3.8008e-04	-6.2767e-04	-3.0221e-02	-6.7416e-02	-1.3722e-02	1.6002e-04	-2.9836e-04	-1.4354e-04	-6.8207e-03	3.7936e-02	-4.4254e-02
-2.2243e-04	-1.2392e-04	-5.5224e-04	-3.3624e-02	-1.0535e-01	1.8018e-02	1.1565e-04	2.5616e-04	7.5425e-05	-3.4026e-03	-3.7932e-02	3.1740e-02
-1.1765e-04	-9.2515e-05	-7.4116e-04	-3.7357e-02	-7.1854e-02	4.8447e-04	1.0478e-04	3.1403e-05	-1.8892e-04	-3.7328e-03	3.3494e-02	-1.7534e-02
-1.6726e-04	-1.6719e-04	-6.6505e-04	-3.7383e-02	-1.2871e-01	2.2917e-02	-4.9608e-05	-7.4679e-05	7.6109e-05	-2.6600e-05	-5.6858e-02	2.2433e-02
-1.3994e-04	2.3362e-05	-7.0907e-04	-3.7346e-02	-8.0220e-02	-1.8499e-02	2.7323e-05	1.9056e-04	-4.4025e-05	3.6800e-05	4.8492e-02	-4.1417e-02
-1.8520e-04	-7.0079e-05	-9.8106e-04	-4.0069e-02	-1.3380e-01	1.8165e-02	-4.5268e-05	-9.3441e-05	-2.7199e-04	-2.7223e-03	-5.3576e-02	3.6664e-02
-1.0427e-04	-1.6468e-04	-9.8106e-04	-3.7388e-02	-8.8407e-02	6.8843e-03	8.0935e-05	-9.4596e-05	0.0000e+00	2.6809e-03	4.5389e-02	-1.1281e-02
0.0000e+00	-6.0924e-05	-9.8106e-04	-5.0775e-02	-1.2032e-01	2.8274e-02	1.0427e-04	1.0375e-04	0.0000e+00	-1.3387e-02	-3.1914e-02	2.1390e-02
-4.8623e-04	-2.3731e-06	-7.0571e-04	-3.7378e-02	-9.2422e-02	1.9990e-02	-4.8623e-04	5.8550e-05	2.7535e-04	1.3396e-02	2.7899e-02	-8.2841e-03
-1.0881e-04	-1.2884e-05	-8.1821e-04	-4.8270e-02	-1.0762e-01	-1.1402e-02	3.7742e-04	-1.0511e-05	-1.1250e-04	-1.0892e-02	-1.5195e-02	-3.1392e-02
-5.1801e-04	-1.9470e-04	-9.8106e-04	-5.6273e-02	-9.9250e-02	2.7705e-02	-4.0920e-04	-1.8182e-04	-1.6285e-04	-8.0038e-03	8.3672e-03	3.9107e-02
-3.6855e-04	-1.0547e-04	-9.8106e-04	-5.6505e-02	-8.9387e-02	-1.1609e-02	1.4946e-04	8.9234e-05	0.0000e+00	-2.3120e-04	9.8625e-03	-3.9314e-02
-2.4061e-04	-7.0707e-05	-9.1199e-04	-4.8124e-02	-1.2317e-01	6.8908e-03	1.2794e-04	3.4763e-05	6.9070e-05	8.3806e-03	-3.3784e-02	1.8500e-02
-2.5410e-04	-2.7385e-05	-8.7772e-04	-6.0829e-02	-7.9950e-02	-1.8134e-02	-1.3493e-05	4.3322e-05	3.4278e-05	-1.2705e-02	4.3221e-02	-2.5025e-02
-4.0041e-04	-1.6953e-04	-1.1393e-03	-5.9636e-02	-1.2840e-01	6.8841e-03	-1.4631e-04	-1.4215e-04	-2.6156e-04	1.1931e-03	-4.8449e-02	2.5019e-02
-5.3578e-04	-8.7415e-05	-1.2188e-03	-6.1831e-02	-8.8429e-02	6.8944e-03	-1.3536e-04	8.2116e-05	-7.9510e-05	-2.1950e-03	3.9970e-02	1.0250e-05
-4.3169e-04	9.9695e-05	-1.1160e-03	-6.8843e-02	-1.3042e-01	2.0778e-03	1.0408e-04	1.8711e-04	1.0279e-04	-7.0125e-03	-4.1994e-02	-4.8165e-03
-4.3169e-04	-6.4235e-05	-9.7494e-04	-5.7552e-02	-9.2632e-02	-1.0273e-02	0.0000e+00	-1.6393e-04	1.4106e-04	1.1291e-02	3.7791e-02	-1.2351e-02
-4.3169e-04	7.4411e-05	-1.0223e-03	-5.7548e-02	-9.9695e-02	-2.9565e-02	0.0000e+00	1.3865e-04	-4.7375e-05	4.5000e-06	-7.0629e-03	-1.9292e-02
-5.3373e-04	-1.4845e-04	-9.9709e-04	-5.7656e-02	-1.3042e-01	5.3824e-03	-1.0204e-04	-2.2286e-04	2.5225e-05	-1.0810e-04	-3.0723e-02	3.4947e-02
2.1333e-04	-4.3164e-04	-1.3958e-03	-5.7640e-02	-7.0708e-02	-1.8678e-02	7.4706e-04	-2.8319e-04	-3.9871e-04	1.5700e-05	5.9710e-02	-2.4060e-02
-3.6671e-04	-4.3164e-04	-1.3958e-03	-4.4190e-02	-5.3146e-02	-3.5125e-03	-5.8004e-04	0.0000e+00	0.0000e+00	1.3451e-02	1.7562e-02	1.5165e-02
-5.1757e-04	-4.3164e-04	-1.1828e-03	-5.7645e-02	-8.8822e-02	-1.8657e-02	-1.5086e-04	0.0000e+00	2.1296e-04	-1.3455e-02	-3.5676e-02	-1.5144e-02
-3.7720e-04	-4.3164e-04	-1.0884e-03	-3.8087e-02	-1.0013e-01	-5.2620e-03	1.4037e-04	0.0000e+00	9.4440e-05	1.9558e-02	-1.1305e-02	1.3395e-02
-4.0420e-04	-4.3164e-04	-1.1617e-03	-3.8087e-02	-7.8130e-02	-1.8644e-02	-2.7001e-05	0.0000e+00	-7.3260e-05	-2.0000e-07	2.1997e-02	-1.3382e-02
-5.2476e-04	-4.3164e-04	-9.4301e-04	-3.8110e-02	-1.1916e-01	-7.5712e-03	-1.2056e-04	0.0000e+00	2.1865e-04	-2.3000e-05	-4.1028e-02	1.1073e-02
-2.9307e-04	-4.3164e-04	-1.2338e-03	-2.4881e-02	-5.0694e-02	-3.1703e-02	2.3169e-04	0.0000e+00	-2.9077e-04	1.3228e-02	6.8464e-02	-2.4132e-02
-7.0043e-04	-4.9691e-04	-1.0705e-03	-2.0850e-02	-1.5617e-01	-4.3944e-03	-4.0736e-04	-6.5268e-05	1.6327e-04	4.0312e-03	-1.0547e-01	2.7309e-02
-4.4559e-04	-4.3164e-04	-9.5787e-04	-1.5296e-02	-1.3971e-01	-4.6111e-02	2.5484e-04	6.5268e-05	1.1264e-04	5.5541e-03	1.6459e-02	-4.1716e-02
-2.9190e-04	-4.3164e-04	-9.9008e-04	-1.5276e-02	-7.7239e-02	-3.2890e-02	1.5369e-04	0.0000e+00	-3.2218e-05	1.9900e-05	6.2469e-02	1.3221e-02
-2.1676e-04	-4.3164e-04	-1.0565e-03	-2.8248e-02	-1.5393e-01	-3.2871e-02	7.5139e-05	0.0000e+00	-6.6386e-05	-1.2972e-02	-7.6691e-02	1.8400e-05
-2.6861e-04	-4.8451e-04	-9.2479e-04	-1.5278e-02	-4.5567e-02	-3.2887e-02	-5.1845e-05	-5.2871e-05	1.3168e-04	1.2970e-02	1.0836e-01	-1.5700e-05
-5.1405e-04	-5.4321e-04	-1.0483e-03	-3.4344e-02	-1.0804e-01	-1.4048e-03	-2.4544e-04	-5.8698e-05	-1.2349e-04	-1.9066e-02	-6.2473e-02	3.1482e-02
-6.4707e-04	-4.3164e-04	-1.3958e-03	-3.5481e-02	-1.4284e-01	-5.4329e-04	-1.3302e-04	1.1157e-04	-3.4752e-04	-1.1371e-03	-3.4802e-02	8.6155e-04
-1.2561e-03	-4.3164e-04	-8.9725e-04	-2.5929e-02	-1.4074e-01	2.3349e-02	-6.0907e-04	0.0000e+00	4.9855e-04	9.5519e-03	2.1000e-03	2.3893e-02
-7.9806e-04	-4.3164e-04	-1.0289e-03	-3.2917e-02	-1.6824e-01	-3.4452e-03	4.5808e-04	0.0000e+00	-1.3164e-04	-6.9873e-03	-2.7499e-02	-2.6794e-02
-1.2953e-04	-4.3164e-04	-9.4476e-04	-3.2899e-02	-1.0112e-01	-1.3559e-02	6.6854e-04	0.0000e+00	8.4129e-05	1.7700e-05	6.7122e-02	-1.0114e-02
-2.3740e-04	-5.2117e-04	-1.0924e-03	-3.2897e-02	-1.5155e-01	-3.6568e-02	-1.0787e-04	-8.9526e-05	-1.4762e-04	2.3000e-06	-5.0434e-02	-2.3008e-02
-4.4841e-04	-4.3164e-04	-1.0798e-03	-3.2878e-02	-9.1441e-02	-2.0273e-02	-2.1101e-04	8.9526e-05	1.2600e-05	1.8600e-05	6.0112e-02	1.6294e-02
-5.7983e-04	-4.3164e-04	-1.3958e-03	-3.2878e-02	-2.0825e-01	-2.0281e-02	-1.3141e-04	-1.0000e-09	-3.1602e-04	0.0000e+00	-1.1681e-01	-7.3000e-06
-4.4841e-04	-4.3164e-04	-1.3958e-03	-3.2878e-02	-1.5751e-01	-2.0273e-02	1.3141e-04	0.0000e+00	0.0000e+00	1.0000e-07	5.0746e-02	7.3000e-06
-4.4841e-04	-3.3618e-04	-1.3958e-03	-3.6983e-02	-1.1706e-01	-2.0277e-02	0.0000e+00	9.5460e-05	0.0000e+00	-4.1052e-03	4.0446e-02	-3.8000e-06
-5.4042e-04	-5.1957e-06	-4.0366e-04	-3.2895e-02	-1.8591e-01	-3.5220e-03	-9.2013e-05	3.3099e-04	9.9214e-04	4.0885e-03	-6.8853e-02	1.6755e-02
-9.8978e-04	-5.1957e-06	-5.6364e-04	-3.2854e-02	-1.9215e-01	-1.4993e-02	-4.4936e-04	0.0000e+00	-1.5998e-04	4.0600e-05	-6.2400e-03	-1.1471e-02
-1.4025e-03	-4.8287e-04	-8.8290e-04	-2.8811e-02	-1.5788e-01	-3.2130e-03	-4.1276e-04	-4.7767e-04	-3.1926e-04	4.0431e-03	3.4269e-02	1.1780e-02
-4.4841e-04	-4.8287e-04	-1.2946e-03	-3.2829e-02	-2.0339e-01	-6.0887e-03	9.5413e-04	0.0000e+00	-4.1171e-04	-4.0179e-03	-4.5505e-02	-2.8757e-03
-5.4144e-04	-4.8287e-04	-1.2946e-03	-3.2829e-02	-1.3214e-01	-1.2799e-02	-9.3034e-05	0.0000e+00	0.0000e+00	0.0000e+00	7.1252e-02	-6.7101e-03
-1.3127e-03	-4.8287e-04	-1.2946e-03	-3.2829e-02	-1.8145e-01	3.1552e-02	-7.7129e-04	0.0000e+00	0.0000e+00	0.0000e+00	-4.9308e-02	4.4351e-02
-1.1002e-03	-5.5629e-04	-1.2946e-03	-3.2827e-02	-1.5251e-01	2.3798e-02	2.1256e-04	-7.3420e-05	0.0000e+00	1.8000e-06	2.8936e-02	-7.7546e-03
-1.1669e-03	-3.9401e-04	-9.2221e-04	-3.2864e-02	-1.7190e-01	1.3835e-02	-6.6770e-05	1.6228e-04	3.7240e-04	-3.7500e-05	-1.9391e-02	-9.9630e-03
-9.8587e-05	-7.1029e-04	-1.2946e-03	-3.2808e-02	-1.4401e-01	-7.4944e-03	1.0684e-03	-3.1628e-04	-3.7240e-04	5.6400e-05	2.7888e-02	-2.1329e-02
-5.4430e-04	-5.7097e-04	-9.0622e-04	-1.7335e-02	-1.0836e-01	-2.6870e-02	-4.4572e-04	1.3932e-04	3.8839e-04	1.5473e-02	3.5654e-02	-1.9376e-02
-3.8608e-04	-6.6555e-04	-1.0563e-03	-1.2782e-02	-1.6619e-01	-1.6692e-03	1.5823e-04	-9.4577e-05	-1.5013e-04	4.5533e-03	-5.7829e-02	2.5201e-02
-4.5187e-04	-5.5632e-04	-7.7079e-04	-1.5403e-02	-9.6698e-02	-5.2440e-02	-6.5794e-05	1.0923e-04	2.8556e-04	-2.6215e-03	6.9490e-02	-5.0771e-02
-8.3736e-04	-6.6617e-04	-5.7203e-04	-1.2859e-02	-1.2656e-01	-3.8611e-02	-3.8549e-04	-1.0985e-04	1.9875e-04	2.5437e-03	-2.9866e-02	1.3829e-02
-1.5135e-03	-5.5575e-04	-6.0455e-04	-1.2866e-02	-2.9259e-01	2.5984e-02	-6.7618e-04	1.1042e-04	-3.2517e-05	-6.9000e-06	-1.6603e-01	6.4595e-02
-1.1184e-03	-1.2452e-04	-1.5055e-04	-1.2905e-02	-2.6332e-01	1.0089e-02	3.9516e-04	4.3123e-04	4.5400e-04	-3.8600e-05	2.9265e-02	-1.5895e-02
-9.5494e-04	-1.1727e-04	-4.7723e-04	-1.2877e-02	-1.6636e-01	-6.3930e-04	1.6344e-04	7.2460e-06	-3.2668e-04	2.7500e-05	9.6968e-02	-1.0728e-02
-1.5364e-03	-6.8944e-04	-9.4547e-04	-1.2856e-02	-2.2768e-01	3.8989e-02	-5.8143e-04	-5.7216e-04	-4.6824e-04	2.1300e-05	-6.1328e-02	3.9628e-02
-1.1933e-03	-6.8261e-04	-1.0223e-03	-2.3391e-02	-1.9002e-01	3.9260e-03	3.4307e-04	6.8280e-06	-7.6884e-05	-1.0535e-02	3.7660e-02	-3.5063e-02
-6.1008e-04	-5.7302e-04	-1.0223e-03	-1.2822e-02	-2.1621e-01	1.5591e-03	5.8322e-04	1.0959e-04	0.0000e+00	1.0569e-02	-2.6184e-02	-2.3669e-03
-6.1947e-04	8.6147e-06	-3.9564e-04	-6.6981e-03	-1.9575e-01	-5.1354e-02	-9.3850e-06	5.8164e-04	6.2671e-04	6.1243e-03	2.0461e-02	-5.2913e-02
-8.0654e-04	-1.0728e-04	-4.7071e-04	-1.2832e-02	-2.3911e-01	-1.5266e-03	-1.8708e-04	-1.1589e-04	-7.5074e-05	-6.1340e-03	-4.3358e-02	4.9828e-02
-5.9097e-04	-5.4943e-05	-1.0223e-03	-1.2798e-02	-2.0942e-01	-4.0007e-02	2.1557e-04	5.2336e-05	-5.5164e-04	3.3800e-05	2.9687e-02	-3.8481e-02
-7.0494e-04	2.6831e-05	-1.2433e-04	5.0696e-03	-1.8514e-01	-2.4102e-03	-1.1397e-04	8.1773e-05	8.9802e-04	1.7868e-02	2.4283e-02	3.7597e-02
-6.0791e-04	2.6831e-05	1.4495e-04	5.0580e-03	-2.0204e-01	-1.1265e-02	9.7027e-05	0.0000e+00	2.6928e-04	-1.1550e-05	-1.6906e-02	-8.8550e-03
-1.3265e-03	-2.8501e-04	-8.0563e-04	-1.9849e-02	-2.2420e-01	3.5276e-02	-7.1863e-04	-3.1184e-04	-9.5058e-04	-2.4907e-02	-2.2156e-02	4.6541e-02
-5.2820e-04	2.6831e-05	-6.5412e-04	-2.3171e-02	-2.4288e-01	-2.4930e-02	7.9834e-04	3.1184e-04	1.5151e-04	-3.3227e-03	-1.8679e-02	-6.0206e-02
-1.0318e-03	-4.7324e-05	-6.4521e-04	-2.3171e-02	-2.2202e-01	-1.5397e-03	-5.0364e-04	-7.4155e-05	8.9140e-06	1.0000e-07	2.0857e-02	2.3390e-02
-8.9582e-04	-1.0264e-04	-8.0563e-04	-2.3163e-02	-2.7052e-01	-2.0309e-02	1.3602e-04	-5.5315e-05	-1.6042e-04	8.5000e-06	-4.8503e-02	-1.8769e-02
-1.7611e-03	2.6831e-05	-8.0563e-04	-2.3157e-02	-2.2587e-01	6.1945e-03	-8.6530e-04	1.2947e-04	0.0000e+00	5.5000e-06	4.4652e-02	2.6503e-02
-1.3936e-03	2.6831e-05	-8.0563e-04	-3.2709e-02	-2.4285e-01	-3.5217e-02	3.6754e-04	0.0000e+00	0.0000e+00	-9.5520e-03	-1.6978e-02	-4.1412e-02
-1.8746e-03	-4.3270e-04	-8.0563e-04	-2.3179e-02	-2.4284e-01	-7.3132e-04	-4.8102e-04	-4.5953e-04	0.0000e+00	9.5304e-03	7.0000e-06	3.4486e-02
-1.5031e-03	-4.3270e-04	-6.8322e-04	-2.3182e-02	-2.0823e-01	-7.0384e-02	3.7152e-04	0.0000e+00	1.2241e-04	-3.4000e-06	3.4613e-02	-6.9652e-02
-1.9629e-03	-4.3270e-04	-8.0563e-04	-2.3179e-02	-2.3004e-01	-3.9777e-02	-4.5979e-04	0.0000e+00	-1.2241e-04	3.4000e-06	-2.1809e-02	3.0607e-02
-1.8042e-03	-2.3147e-04	-6.2242e-04	-2.3183e-02	-2.4282e-01	-5.5133e-02	1.5863e-04	2.0123e-04	1.8321e-04	-3.9000e-06	-1.2782e-02	-1.5356e-02
-1.1333e-03	-2.9221e-04	-6.9744e-04	-1.8225e-02	-2.0208e-01	-6.4809e-02	6.7097e-04	-6.0741e-05	-7.5022e-05	4.9571e-03	4.0741e-02	-9.6760e-03
-1.1349e-03	-4.3270e-04	-6.1807e-04	-2.3188e-02	-1.8413e-01	-8.4584e-02	-1.5900e-06	-1.4049e-04	7.9365e-05	-4.9628e-03	1.7951e-02	-1.9775e-02
-1.0172e-03	-4.3270e-04	-5.5527e-04	-1.6029e-03	-2.5505e-01	-6.4820e-02	1.1766e-04	0.0000e+00	6.2808e-05	2.1585e-02	-7.0926e-02	1.9764e-02
-8.4541e-04	-1.8206e-04	-3.3082e-04	-4.2980e-03	-2.0228e-01	-1.3209e-01	1.7179e-04	2.5064e-04	2.2445e-04	-2.6950e-03	5.2770e-02	-6.7275e-02
-1.1992e-03	-4.3270e-04	-4.0639e-04	-1.6156e-03	-2.2024e-01	-8.3558e-02	-3.5383e-04	-2.5064e-04	-7.5568e-05	2.6823e-03	-1.7954e-02	4.8537e-02
-7.2920e-04	-2.1302e-04	-3.8841e-04	-2.7261e-02	-2.1211e-01	-5.5837e-02	4.7004e-04	2.1967e-04	1.7982e-05	-2.5645e-02	8.1290e-03	2.7721e-02
-1.0322e-03	-4.3270e-04	-6.7821e-04	-1.4617e-02	-2.6127e-01	-4.6140e-02	-3.0300e-04	-2.1967e-04	-2.8980e-04	1.2644e-02	-4.9159e-02	9.6972e-03
-1.0207e-03	-4.3270e-04	-5.7246e-04	-2.1857e-02	-2.2617e-01	-6.3458e-02	1.1530e-05	0.0000e+00	1.0575e-04	-7.2395e-03	3.5094e-02	-1.7318e-02
-1.3322e-03	-1.1388e-04	-3.4132e-04	-2.7641e-02	-2.8560e-01	-4.6209e-02	-3.1156e-04	3.1882e-04	2.3114e-04	-5.7840e-03	-5.9423e-02	1.7249e-02
-1.3142e-03	-2.3374e-04	-3.6084e-04	-1.4607e-02	-2.6042e-01	-3.5247e-02	1.8030e-05	-1.1986e-04	-1.9520e-05	1.3033e-02	2.5182e-02	1.0962e-02
-9.6937e-04	-5.6848e-05	-4.9265e-04	-3.0793e-02	-2.5148e-01	-7.0427e-02	3.4482e-04	1.7689e-04	-1.3181e-04	-1.6186e-02	8.9320e-03	-3.5180e-02
-1.1424e-03	5.5212e-05	-4.1208e-04	-3.4637e-02	-3.0222e-01	-4.6186e-02	-1.7307e-04	1.1206e-04	8.0572e-05	-3.8441e-03	-5.0738e-02	2.4241e-02
-1.0827e-03	2.0092e-05	-4.2799e-04	-2.5595e-02	-2.5847e-01	-6.2181e-02	5.9740e-05	-3.5119e-05	-1.5911e-05	9.0421e-03	4.3752e-02	-1.5995e-02
-9.6937e-04	1.4192e-04	-4.6766e-04	-3.2817e-02	-2.9063e-01	-5.9799e-02	1.1333e-04	1.2183e-04	-3.9672e-05	-7.2218e-03	-3.2166e-02	2.3819e-03
-1.2989e-03	1.1883e-04	-5.0263e-04	-4.0532e-02	-2.6661e-01	-4.6184e-02	-3.2953e-04	-2.3088e-05	-3.4967e-05	-7.7155e-03	2.4025e-02	1.3615e-02
-1.1393e-03	4.0619e-05	-6.1360e-04	-3.8810e-02	-2.7102e-01	-8.1465e-02	1.5955e-04	-7.8215e-05	-1.1097e-04	1.7223e-03	-4.4120e-03	-3.5281e-02
-1.2161e-03	-1.2796e-04	-8.0563e-04	-4.9160e-02	-3.0223e-01	-3.7955e-02	-7.6730e-05	-1.6858e-04	-1.9203e-04	-1.0349e-02	-3.1208e-02	4.3510e-02
-1.0234e-03	-6.3879e-05	-8.0563e-04	-7.0902e-02	-2.5741e-01	-3.7951e-02	1.9270e-04	6.4082e-05	0.0000e+00	-2.1742e-02	4.4818e-02	4.0000e-06
-1.7810e-03	-1.0241e-04	-8.1604e-04	-5.5998e-02	-2.9475e-01	-3.9624e-03	-7.5758e-04	-3.8532e-05	-1.0416e-05	1.4903e-02	-3.7340e-02	3.3989e-02
