-1.4444e-03	1.7867e-04	-1.5296e-03	1.4114e-02	1.6398e-01	2.3092e-01	0.0000e+00	0.0000e+00	0.0000e+00	0.0000e+00	0.0000e+00	0.0000e+00
-1.1797e-03	6.2024e-04	-1.5296e-03	1.0143e-02	1.7793e-01	2.1529e-01	2.6469e-04	4.4157e-04	0.0000e+00	-3.9708e-03	1.3948e-02	-1.5639e-02
-1.4444e-03	6.2024e-04	-1.5296e-03	3.9184e-03	1.7790e-01	2.0519e-01	-2.6469e-04	0.0000e+00	0.0000e+00	-6.2248e-03	-3.1000e-05	-1.0095e-02
-1.2959e-03	6.2024e-04	-1.5296e-03	5.6578e-04	1.7876e-01	1.9439e-01	1.4852e-04	0.0000e+00	0.0000e+00	-3.3526e-03	8.6100e-04	-1.0802e-02
-9.8017e-04	6.2024e-04	-1.6398e-03	5.4751e-04	1.8944e-01	1.8570e-01	3.1571e-04	0.0000e+00	-1.1022e-04	-1.8270e-05	1.0682e-02	-8.6930e-03
-1.4096e-03	6.2024e-04	-1.5296e-03	5.6578e-04	1.8071e-01	1.8724e-01	-4.2943e-04	0.0000e+00	1.1022e-04	1.8269e-05	-8.7340e-03	1.5460e-03
-1.3104e-03	4.0227e-04	-1.6123e-03	5.4563e-03	1.8072e-01	1.7236e-01	9.9230e-05	-2.1797e-04	-8.2680e-05	4.8905e-03	1.0000e-05	-1.4883e-02
-1.8864e-03	2.5762e-04	-1.5296e-03	9.5364e-03	1.4261e-01	1.9211e-01	-5.7602e-04	-1.4465e-04	8.2680e-05	4.0801e-03	-3.8106e-02	1.9754e-02
-1.8864e-03	8.3362e-04	-1.3737e-03	8.9488e-03	1.4447e-01	1.5245e-01	0.0000e+00	5.7600e-04	1.5589e-04	-5.8766e-04	1.8550e-03	-3.9664e-02
-1.8864e-03	1.4193e-03	-1.3101e-03	1.0299e-02	1.5293e-01	1.7340e-01	0.0000e+00	5.8566e-04	6.3640e-05	1.3498e-03	8.4600e-03	2.0950e-02
-1.8864e-03	9.7473e-04	-1.0414e-03	-3.6132e-03	1.3882e-01	1.4138e-01	0.0000e+00	-4.4455e-04	2.6869e-04	-1.3912e-02	-1.4108e-02	-3.2022e-02
-1.9696e-03	1.1119e-03	-7.9242e-04	6.1436e-03	1.5501e-01	1.2808e-01	-8.3210e-05	1.3721e-04	2.4898e-04	9.7568e-03	1.6190e-02	-1.3299e-02
-1.5258e-03	1.1119e-03	-9.5884e-04	3.9308e-03	1.5504e-01	1.4133e-01	4.4379e-04	0.0000e+00	-1.6641e-04	-2.2128e-03	3.7000e-05	1.3253e-02
-1.6277e-03	1.0382e-03	-9.5884e-04	5.5647e-03	1.3812e-01	1.4135e-01	-1.0192e-04	-7.3700e-05	0.0000e+00	1.6339e-03	-1.6920e-02	2.1000e-05
-1.8864e-03	1.0533e-03	-9.5884e-04	7.4662e-03	1.3073e-01	1.5162e-01	-2.5866e-04	1.5060e-05	0.0000e+00	1.9016e-03	-7.3900e-03	1.0269e-02
-1.8864e-03	1.2239e-03	-9.5884e-04	1.2701e-02	1.3810e-01	1.5055e-01	0.0000e+00	1.7055e-04	0.0000e+00	5.2345e-03	7.3680e-03	-1.0670e-03
-1.4907e-03	1.1816e-03	-1.1310e-03	1.9235e-02	1.3815e-01	1.6696e-01	3.9574e-04	-4.2230e-05	-1.7217e-04	6.5345e-03	4.6000e-05	1.6405e-02
-1.8040e-03	1.5705e-03	-5.7173e-04	1.2638e-02	1.3812e-01	1.3774e-01	-3.1332e-04	3.8889e-04	5.5928e-04	-6.5972e-03	-2.5000e-05	-2.9221e-02
-2.4598e-03	1.4394e-03	-7.0899e-04	1.3500e-02	1.1573e-01	1.3216e-01	-6.5580e-04	-1.3107e-04	-1.3727e-04	8.6170e-04	-2.2396e-02	-5.5790e-03
-1.8632e-03	1.4433e-03	-9.5725e-04	2.8054e-03	1.3864e-01	1.2912e-01	5.9659e-04	3.8400e-06	-2.4826e-04	-1.0694e-02	2.2912e-02	-3.0440e-03
-1.6677e-03	1.1373e-03	-8.7236e-04	-6.8947e-04	1.4373e-01	9.9492e-02	1.9551e-04	-3.0594e-04	8.4893e-05	-3.4949e-03	5.0900e-03	-2.9623e-02
-1.8705e-03	9.2471e-04	-5.7735e-04	2.8711e-03	1.5290e-01	8.4984e-02	-2.0286e-04	-2.1263e-04	2.9502e-04	3.5606e-03	9.1680e-03	-1.4508e-02
-1.7668e-03	8.3244e-04	-8.5356e-04	2.8256e-03	1.5212e-01	1.0200e-01	1.0371e-04	-9.2278e-05	-2.7621e-04	-4.5580e-05	-7.7800e-04	1.7014e-02
-1.2431e-03	8.5204e-04	-7.2910e-04	2.8562e-03	1.6091e-01	6.2348e-02	5.2370e-04	1.9605e-05	1.2446e-04	3.0650e-05	8.7900e-03	-3.9650e-02
-2.0628e-03	4.8614e-04	-7.7906e-04	-1.4152e-03	1.3366e-01	9.1745e-02	-8.1966e-04	-3.6590e-04	-4.9960e-05	-4.2714e-03	-2.7253e-02	2.9397e-02
-1.7032e-03	4.8614e-04	-9.0733e-04	-2.2335e-03	1.4677e-01	9.1687e-02	3.5963e-04	0.0000e+00	-1.2827e-04	-8.1824e-04	1.3115e-02	-5.8000e-05
-1.7727e-03	1.0688e-03	-8.4180e-04	6.2871e-03	1.4047e-01	9.1694e-02	-6.9590e-05	5.8265e-04	6.5524e-05	8.5205e-03	-6.3010e-03	7.6000e-06
-1.9419e-03	7.1464e-04	-6.7792e-04	1.4274e-03	1.3463e-01	7.8205e-02	-1.6917e-04	-3.5415e-04	1.6388e-04	-4.8597e-03	-5.8390e-03	-1.3490e-02
-2.1870e-03	9.1891e-04	-7.4990e-04	-6.4559e-04	1.4045e-01	7.8872e-02	-2.4504e-04	2.0426e-04	-7.1976e-05	-2.0730e-03	5.8230e-03	6.6740e-04
-1.3716e-03	9.1891e-04	-9.4432e-04	8.5959e-04	1.4049e-01	9.1641e-02	8.1531e-04	0.0000e+00	-1.9442e-04	1.5052e-03	3.6000e-05	1.2769e-02
-1.9258e-03	9.1891e-04	-7.6468e-04	4.5250e-03	1.0627e-01	9.1706e-02	-5.5415e-04	0.0000e+00	1.7963e-04	3.6654e-03	-3.4217e-02	6.5800e-05
-1.9902e-03	9.1891e-04	-7.6468e-04	1.2748e-02	1.1471e-01	1.1219e-01	-6.4420e-05	0.0000e+00	0.0000e+00	8.2230e-03	8.4310e-03	2.0480e-02
-2.0945e-03	9.1891e-04	-7.6468e-04	9.9049e-03	1.0344e-01	9.8708e-02	-1.0429e-04	0.0000e+00	0.0000e+00	-2.8431e-03	-1.1268e-02	-1.3479e-02
-1.5711e-03	1.2816e-03	-7.6468e-04	1.5388e-02	1.2534e-01	9.1701e-02	5.2337e-04	3.6268e-04	1.0000e-09	5.4833e-03	2.1907e-02	-7.0073e-03
-1.9619e-03	9.1891e-04	-8.9033e-04	1.2060e-02	1.0354e-01	9.9710e-02	-3.9078e-04	-3.6268e-04	-1.2565e-04	-3.3283e-03	-2.1805e-02	8.0089e-03
-1.1115e-03	9.1891e-04	-7.0294e-04	2.0163e-02	1.2381e-01	9.6551e-02	8.5041e-04	0.0000e+00	1.8739e-04	8.1027e-03	2.0275e-02	-3.1586e-03
-1.1115e-03	2.7221e-04	-2.3891e-04	3.3935e-03	1.1966e-01	9.8216e-03	0.0000e+00	-6.4669e-04	4.6404e-04	-1.6769e-02	-4.1540e-03	-8.6730e-02
-1.1115e-03	-8.7503e-05	-1.2442e-04	1.7455e-03	1.0677e-01	4.5743e-02	0.0000e+00	-3.5972e-04	1.1448e-04	-1.6480e-03	-1.2887e-02	3.5922e-02
-1.1115e-03	5.3962e-04	-2.3891e-04	2.8702e-03	1.2352e-01	5.8804e-02	0.0000e+00	6.2713e-04	-1.1448e-04	1.1247e-03	1.6751e-02	1.3061e-02
-1.1115e-03	4.0646e-04	-2.3891e-04	1.1069e-02	1.0645e-01	5.4560e-02	0.0000e+00	-1.3317e-04	0.0000e+00	8.1983e-03	-1.7076e-02	-4.2437e-03
-1.5290e-03	5.3402e-04	-3.1464e-04	6.8443e-03	8.8675e-02	4.7855e-02	-4.1753e-04	1.2757e-04	-7.5731e-05	-4.2242e-03	-1.7773e-02	-6.7049e-03
-1.1115e-03	6.8119e-04	-2.3891e-04	3.5910e-03	1.1416e-01	3.9140e-02	4.1753e-04	1.4717e-04	7.5731e-05	-3.2533e-03	2.5482e-02	-8.7154e-03
-9.0896e-04	7.6070e-04	-2.3891e-04	6.8623e-03	1.2434e-01	3.8379e-02	2.0254e-04	7.9512e-05	0.0000e+00	3.2713e-03	1.0181e-02	-7.6110e-04
-6.8980e-04	5.8888e-04	-2.3891e-04	1.1463e-02	1.0821e-01	4.5691e-02	2.1916e-04	-1.7182e-04	0.0000e+00	4.6012e-03	-1.6125e-02	7.3121e-03
-9.4662e-04	8.1600e-04	-2.3891e-04	1.1739e-02	1.1662e-01	4.5725e-02	-2.5682e-04	2.2712e-04	0.0000e+00	2.7560e-04	8.4090e-03	3.4000e-05
6.5763e-05	-8.7503e-05	3.0524e-04	3.1966e-02	1.2435e-01	4.0986e-02	1.0124e-03	-9.0350e-04	5.4414e-04	2.0227e-02	7.7330e-03	-4.7391e-03
-7.0644e-04	-8.7503e-05	5.7530e-04	4.9616e-02	9.5099e-02	2.0790e-02	-7.7221e-04	0.0000e+00	2.7006e-04	1.7650e-02	-2.9256e-02	-2.0196e-02
-7.7175e-04	-8.7503e-05	6.7067e-04	4.3950e-02	8.9849e-02	4.5667e-02	-6.5304e-05	0.0000e+00	9.5370e-05	-5.6659e-03	-5.2495e-03	2.4877e-02
-1.1363e-03	-8.7503e-05	4.6943e-04	4.1613e-02	8.2772e-02	3.8677e-02	-3.6457e-04	0.0000e+00	-2.0124e-04	-2.3374e-03	-7.0773e-03	-6.9900e-03
-4.7284e-04	1.7199e-04	4.0170e-04	4.9598e-02	8.6629e-02	4.1557e-02	6.6348e-04	2.5950e-04	-6.7730e-05	7.9853e-03	3.8571e-03	2.8792e-03
-7.7175e-04	4.7747e-05	2.8854e-04	3.3701e-02	8.6638e-02	4.6188e-02	-2.9891e-04	-1.2425e-04	-1.1316e-04	-1.5897e-02	9.4000e-06	4.6315e-03
-7.7175e-04	-3.1305e-05	2.2725e-04	3.3773e-02	8.6641e-02	3.7725e-02	0.0000e+00	-7.9051e-05	-6.1292e-05	7.2400e-05	3.1000e-06	-8.4632e-03
-6.9736e-04	2.3909e-04	2.2725e-04	3.4542e-02	9.5160e-02	3.6092e-02	7.4384e-05	2.7040e-04	0.0000e+00	7.6900e-04	8.5183e-03	-1.6326e-03
-4.5765e-04	-2.4036e-04	8.6205e-04	5.7890e-02	8.6597e-02	9.9832e-03	2.3971e-04	-4.7945e-04	6.3480e-04	2.3347e-02	-8.5625e-03	-2.6109e-02
-6.1705e-04	-2.5688e-04	6.4271e-04	4.9645e-02	8.6624e-02	4.0529e-02	-1.5940e-04	-1.6515e-05	-2.1934e-04	-8.2449e-03	2.6700e-05	3.0546e-02
-5.6425e-04	-8.7503e-05	6.4271e-04	3.8765e-02	8.6624e-02	5.3977e-02	5.2799e-05	1.6938e-04	0.0000e+00	-1.0880e-02	-2.0000e-07	1.3448e-02
-9.4017e-04	-8.7503e-05	4.1365e-04	3.8594e-02	6.0507e-02	5.2134e-02	-3.7592e-04	-1.0000e-10	-2.2906e-04	-1.7120e-04	-2.6117e-02	-1.8431e-03
-1.2335e-03	1.1678e-04	3.9402e-04	2.7874e-02	4.8371e-02	4.0560e-02	-2.9332e-04	2.0428e-04	-1.9637e-05	-1.0720e-02	-1.2136e-02	-1.1573e-02
-7.2620e-04	4.7031e-04	2.6225e-04	2.7854e-02	7.3299e-02	5.2316e-02	5.0729e-04	3.5354e-04	-1.3177e-04	-1.9500e-05	2.4927e-02	1.1756e-02
-7.2620e-04	4.5739e-04	3.4039e-04	2.7868e-02	5.5326e-02	5.5129e-02	0.0000e+00	-1.2928e-05	7.8138e-05	1.3400e-05	-1.7973e-02	2.8131e-03
-8.8797e-04	1.1477e-04	4.8869e-04	2.7905e-02	4.4846e-02	6.0281e-02	-1.6177e-04	-3.4261e-04	1.4830e-04	3.7600e-05	-1.0479e-02	5.1512e-03
-1.7681e-04	-8.7503e-05	3.3602e-04	3.4671e-02	8.0328e-02	3.5122e-02	7.1116e-04	-2.0228e-04	-1.5266e-04	6.7656e-03	3.5482e-02	-2.5158e-02
-3.8853e-04	-3.2694e-04	5.5916e-04	2.7904e-02	5.6195e-02	1.0974e-02	-2.1172e-04	-2.3944e-04	2.2314e-04	-6.7665e-03	-2.4134e-02	-2.4148e-02
-5.9335e-04	-7.0175e-04	2.7477e-04	1.4190e-02	6.4599e-02	4.4491e-02	-2.0482e-04	-3.7481e-04	-2.8439e-04	-1.3714e-02	8.4046e-03	3.3517e-02
-1.4621e-04	-7.7504e-04	5.5916e-04	1.4188e-02	6.5898e-02	3.1892e-02	4.4714e-04	-7.3298e-05	2.8439e-04	-1.9000e-06	1.2987e-03	-1.2599e-02
-8.4695e-04	-5.3742e-04	5.5916e-04	1.5583e-02	3.1769e-02	2.9698e-02	-7.0074e-04	2.3762e-04	1.0000e-09	1.3947e-03	-3.4129e-02	-2.1937e-03
-5.3890e-04	-4.0359e-04	5.5916e-04	2.3894e-02	5.1025e-02	1.1628e-02	3.0805e-04	1.3383e-04	0.0000e+00	8.3109e-03	1.9256e-02	-1.8070e-02
-1.0141e-03	-3.8065e-04	5.5916e-04	1.5868e-02	2.8831e-02	-1.0446e-03	-4.7516e-04	2.2943e-05	0.0000e+00	-8.0257e-03	-2.2194e-02	-1.2673e-02
3.0587e-05	-3.5441e-04	6.7937e-04	1.8068e-02	7.0875e-02	9.5664e-03	1.0446e-03	2.6241e-05	1.2021e-04	2.1997e-03	4.2044e-02	1.0611e-02
3.5543e-04	-2.9702e-04	9.4915e-04	2.2936e-02	7.7064e-02	-1.6469e-02	3.2484e-04	5.7389e-05	2.6978e-04	4.8679e-03	6.1887e-03	-2.6036e-02
-1.2908e-04	-6.3539e-04	8.4522e-04	1.7978e-02	7.0869e-02	-1.6408e-02	-4.8451e-04	-3.3837e-04	-1.0393e-04	-4.9582e-03	-6.1952e-03	6.1700e-05
4.7262e-04	-1.1182e-03	7.8543e-04	2.0564e-03	8.2403e-02	-1.3632e-02	6.0170e-04	-4.8283e-04	-5.9794e-05	-1.5921e-02	1.1534e-02	2.7756e-03
-3.0407e-04	-9.4746e-04	8.9041e-04	1.2591e-02	4.8373e-02	-1.6394e-02	-7.7669e-04	1.7076e-04	1.0499e-04	1.0534e-02	-3.4030e-02	-2.7621e-03
-4.4966e-04	-8.7262e-04	8.1671e-04	2.1778e-02	4.6386e-02	-1.6382e-02	-1.4559e-04	7.4844e-05	-7.3700e-05	9.1871e-03	-1.9867e-03	1.1900e-05
1.4143e-04	-4.9929e-04	8.1746e-04	2.3628e-02	7.0266e-02	8.3111e-03	5.9109e-04	3.7333e-04	7.5000e-07	1.8505e-03	2.3880e-02	2.4693e-02
-2.1160e-04	-4.9929e-04	5.5916e-04	2.0110e-02	7.0289e-02	1.6176e-02	-3.5302e-04	0.0000e+00	-2.5830e-04	-3.5182e-03	2.3300e-05	7.8651e-03
-3.8532e-04	-4.9929e-04	7.7487e-04	1.3764e-02	2.7642e-02	3.1896e-03	-1.7372e-04	0.0000e+00	2.1571e-04	-6.3458e-03	-4.2647e-02	-1.2987e-02
-1.0932e-04	-4.9929e-04	5.5916e-04	2.0110e-02	3.2246e-02	3.0559e-03	2.7600e-04	0.0000e+00	-2.1571e-04	6.3458e-03	4.6042e-03	-1.3365e-04
-5.9207e-05	-4.9929e-04	7.6190e-04	2.5811e-02	4.6488e-02	-3.1721e-03	5.0110e-05	0.0000e+00	2.0274e-04	5.7014e-03	1.4242e-02	-6.2280e-03
-1.2861e-04	-4.9929e-04	9.6064e-04	1.9346e-02	4.6486e-02	-6.0905e-03	-6.9404e-05	0.0000e+00	1.9874e-04	-6.4658e-03	-2.0000e-06	-2.9184e-03
-4.4164e-04	-4.9929e-04	5.5916e-04	7.4473e-03	4.6495e-02	2.9229e-03	-3.1303e-04	0.0000e+00	-4.0148e-04	-1.1898e-02	8.6000e-06	9.0134e-03
-4.4164e-04	-4.9929e-04	5.5916e-04	7.7742e-03	4.0464e-02	-4.9575e-03	0.0000e+00	0.0000e+00	0.0000e+00	3.2693e-04	-6.0304e-03	-7.8804e-03
-5.8570e-04	-5.6136e-04	5.5916e-04	1.9322e-02	1.7593e-02	3.7683e-03	-1.4407e-04	-6.2066e-05	0.0000e+00	1.1548e-02	-2.2871e-02	8.7259e-03
-4.4164e-04	-4.9929e-04	6.4775e-04	1.9324e-02	1.7594e-02	-1.8165e-03	1.4407e-04	6.2066e-05	8.8592e-05	1.3000e-06	5.0000e-07	-5.5848e-03
-7.8105e-04	-4.9929e-04	7.0032e-04	1.9334e-02	2.9763e-02	-2.7753e-03	-3.3941e-04	0.0000e+00	5.2568e-05	1.0600e-05	1.2169e-02	-9.5878e-04
-3.0555e-04	-1.7555e-04	4.5738e-04	2.2263e-03	-1.0433e-02	-6.9019e-04	4.7550e-04	3.2375e-04	-2.4294e-04	-1.7108e-02	-4.0195e-02	2.0851e-03
-4.2324e-04	-2.7677e-04	2.3514e-04	-9.1015e-03	1.1616e-02	-1.0470e-02	-1.1769e-04	-1.0122e-04	-2.2224e-04	-1.1328e-02	2.2048e-02	-9.7795e-03
-3.3399e-04	-7.7809e-05	2.3514e-04	4.0115e-06	2.9830e-02	-1.7897e-03	8.9248e-05	1.9896e-04	0.0000e+00	9.1055e-03	1.8215e-02	8.6800e-03
-2.7372e-04	-7.7809e-05	2.3514e-04	4.0115e-06	-6.8169e-03	-1.6364e-02	6.0268e-05	0.0000e+00	0.0000e+00	0.0000e+00	-3.6647e-02	-1.4574e-02
-6.2045e-04	-3.1229e-04	2.3514e-04	-7.6872e-03	-1.5425e-02	-3.1775e-03	-3.4673e-04	-2.3448e-04	0.0000e+00	-7.6912e-03	-8.6081e-03	1.3187e-02
-3.7369e-04	-2.4411e-04	9.3689e-05	-8.7150e-03	-1.8749e-02	-1.6640e-02	2.4676e-04	6.8186e-05	-1.4145e-04	-1.0278e-03	-3.3238e-03	-1.3462e-02
-4.0116e-04	-7.7809e-05	2.3514e-04	-1.0641e-02	-1.8835e-02	-2.0760e-05	-2.7466e-05	1.6630e-04	1.4145e-04	-1.9258e-03	-8.5800e-05	1.6619e-02
-3.5157e-04	-7.7809e-05	2.3514e-04	4.0115e-06	-3.3922e-02	-2.0448e-05	4.9587e-05	0.0000e+00	0.0000e+00	1.0645e-02	-1.5088e-02	3.1190e-07
-2.8954e-04	2.3843e-04	2.3514e-04	1.6247e-02	-2.6698e-02	-4.0979e-03	6.2031e-05	3.1624e-04	0.0000e+00	1.6243e-02	7.2240e-03	-4.0774e-03
0.0000e+00	-0.0000e+00	2.3514e-04	-1.7812e-06	-4.5437e-07	1.7210e-02	2.8954e-04	-2.3843e-04	0.0000e+00	-1.6249e-02	2.6698e-02	2.1308e-02
0.0000e+00	-3.9737e-04	3.2964e-04	-1.3611e-05	-1.5553e-02	2.0436e-09	0.0000e+00	-3.9737e-04	9.4504e-05	-1.1830e-05	-1.5553e-02	-1.7210e-02
-2.4569e-04	-0.0000e+00	0.0000e+00	-2.8340e-03	1.5989e-06	1.0045e-02	-2.4569e-04	3.9737e-04	-3.2964e-04	-2.8204e-03	1.5555e-02	1.0045e-02
0.0000e+00	-0.0000e+00	0.0000e+00	0.0000e+00	0.0000e+00	0.0000e+00	2.4569e-04	0.0000e+00	0.0000e+00	2.8340e-03	-1.5989e-06	-1.0045e-02
3.8249e-04	-0.0000e+00	0.0000e+00	-7.3544e-10	3.1136e-03	-1.0567e-02	3.8249e-04	0.0000e+00	0.0000e+00	-7.3544e-10	3.1136e-03	-1.0567e-02
2.4568e-04	-0.0000e+00	0.0000e+00	-1.7036e-02	1.6006e-02	-9.9644e-03	-1.3681e-04	0.0000e+00	0.0000e+00	-1.7036e-02	1.2893e-02	6.0296e-04
-3.2868e-04	-0.0000e+00	2.3693e-04	-3.0018e-05	-2.2188e-02	2.6348e-05	-5.7436e-04	0.0000e+00	2.3693e-04	1.7006e-02	-3.8194e-02	9.9908e-03
-4.3171e-06	-0.0000e+00	0.0000e+00	7.8075e-03	1.4006e-02	4.8736e-03	3.2436e-04	0.0000e+00	-2.3693e-04	7.8375e-03	3.6194e-02	4.8472e-03
-4.3171e-06	-0.0000e+00	3.7310e-04	1.0201e-02	-8.9063e-06	2.3367e-05	0.0000e+00	0.0000e+00	3.7310e-04	2.3937e-03	-1.4015e-02	-4.8502e-03
-5.9279e-04	-0.0000e+00	3.3933e-04	-1.5533e-03	-1.7935e-02	-1.8470e-02	-5.8847e-04	0.0000e+00	-3.3767e-05	-1.1754e-02	-1.7926e-02	-1.8494e-02
-1.8483e-04	3.5996e-04	0.0000e+00	-6.7003e-03	-3.9855e-03	-3.0428e-02	4.0796e-04	3.5996e-04	-3.3933e-04	-5.1471e-03	1.3950e-02	-1.1958e-02
-4.3171e-06	-0.0000e+00	2.0249e-04	2.8798e-03	-2.4440e-02	-3.5518e-02	1.8051e-04	-3.5996e-04	2.0249e-04	9.5802e-03	-2.0454e-02	-5.0897e-03
-4.7558e-04	1.0770e-04	0.0000e+00	-5.9012e-03	-2.7419e-02	-1.8088e-02	-4.7126e-04	1.0770e-04	-2.0249e-04	-8.7810e-03	-2.9793e-03	1.7430e-02
1.7642e-04	2.5270e-04	-3.2446e-04	-2.5953e-02	1.6284e-02	-7.1200e-03	6.5200e-04	1.4500e-04	-3.2446e-04	-2.0052e-02	4.3703e-02	1.0968e-02
2.8945e-04	-0.0000e+00	-1.2238e-04	-1.6954e-02	-1.0995e-02	3.5885e-03	1.1303e-04	-2.5270e-04	2.0208e-04	8.9994e-03	-2.7279e-02	1.0709e-02
-3.0549e-04	1.5505e-04	1.8106e-04	-1.6341e-02	-3.0888e-02	-9.2719e-03	-5.9494e-04	1.5505e-04	3.0344e-04	6.1240e-04	-1.9893e-02	-1.2860e-02
1.8151e-04	4.7330e-04	1.7721e-04	-9.9036e-03	-8.9195e-03	-9.2596e-03	4.8700e-04	3.1825e-04	-3.8470e-06	6.4376e-03	2.1968e-02	1.2310e-05
2.8945e-04	3.5371e-04	1.1351e-04	-1.8543e-02	-1.0631e-02	-2.5188e-02	1.0794e-04	-1.1960e-04	-6.3696e-05	-8.6393e-03	-1.7112e-03	-1.5929e-02
2.8945e-04	-0.0000e+00	1.9267e-05	-1.4686e-02	-2.0043e-02	-9.2583e-03	0.0000e+00	-3.5371e-04	-9.4248e-05	3.8564e-03	-9.4124e-03	1.5930e-02
1.7483e-04	-1.7029e-04	5.4546e-04	5.0719e-03	-4.1097e-03	-5.7861e-02	-1.1462e-04	-1.7029e-04	5.2619e-04	1.9758e-02	1.5933e-02	-4.8602e-02
6.2395e-04	1.0851e-04	1.5679e-04	-8.4903e-04	-4.0889e-03	-2.0505e-03	4.4912e-04	2.7880e-04	-3.8867e-04	-5.9210e-03	2.0740e-05	5.5810e-02
2.8945e-04	-0.0000e+00	-2.1946e-04	-1.8052e-02	-7.3084e-03	-5.2666e-02	-3.3450e-04	-1.0851e-04	-3.7625e-04	-1.7203e-02	-3.2195e-03	-5.0615e-02
5.9799e-04	-1.0497e-22	-4.7986e-04	-4.4897e-02	1.7988e-02	-4.8768e-02	3.0854e-04	-1.0497e-22	-2.6040e-04	-2.6845e-02	2.5296e-02	3.8976e-03
-1.3813e-04	9.4118e-05	-2.4439e-04	-4.2370e-02	-2.7819e-02	-4.5258e-02	-7.3612e-04	9.4118e-05	2.3546e-04	2.5273e-03	-4.5807e-02	3.5100e-03
-2.2032e-04	9.8066e-24	-3.6180e-04	-3.5494e-02	-2.8654e-02	-5.7218e-02	-8.2194e-05	-9.4118e-05	-1.1741e-04	6.8763e-03	-8.3500e-04	-1.1960e-02
3.9531e-04	7.3725e-05	-2.7456e-04	-3.6587e-02	-2.0238e-02	-5.0600e-02	6.1563e-04	7.3725e-05	8.7238e-05	-1.0935e-03	8.4157e-03	6.6184e-03
7.7072e-05	4.1359e-25	-4.4877e-05	-2.3780e-02	-3.5544e-02	-3.8437e-02	-3.1824e-04	-7.3725e-05	2.2969e-04	1.2807e-02	-1.5306e-02	1.2162e-02
7.2784e-05	-0.0000e+00	-2.2986e-04	-2.3803e-02	-1.4477e-02	-2.8608e-02	-4.2879e-06	-4.1359e-25	-1.8498e-04	-2.3500e-05	2.1068e-02	9.8288e-03
7.9197e-04	6.5311e-05	-2.4833e-04	-3.3100e-02	-1.4743e-03	-2.5666e-02	7.1919e-04	6.5311e-05	-1.8471e-05	-9.2966e-03	1.3002e-02	2.9421e-03
7.9197e-04	-3.7500e-04	2.5434e-04	-1.4326e-02	-1.4455e-02	-1.7835e-02	0.0000e+00	-4.4031e-04	5.0267e-04	1.8774e-02	-1.2980e-02	7.8314e-03
3.5545e-04	-0.0000e+00	2.5671e-04	-2.2527e-02	-2.9033e-02	-5.4464e-02	-4.3652e-04	3.7500e-04	2.3660e-06	-8.2013e-03	-1.4578e-02	-3.6629e-02
7.9197e-04	-2.7833e-23	2.5671e-04	-1.5037e-02	-3.0633e-02	-3.8453e-02	4.3652e-04	-2.7833e-23	0.0000e+00	7.4907e-03	-1.5998e-03	1.6011e-02
3.8358e-04	-5.2606e-05	2.5671e-04	-1.6958e-02	-2.8712e-02	-1.7792e-02	-4.0839e-04	-5.2606e-05	0.0000e+00	-1.9208e-03	1.9208e-03	2.0662e-02
3.8358e-04	1.2058e-04	5.7416e-05	-1.9425e-02	-3.7898e-02	-3.8451e-02	0.0000e+00	1.7319e-04	-1.9929e-04	-2.4672e-03	-9.1866e-03	-2.0659e-02
7.2457e-04	2.7833e-23	2.5671e-04	-1.1317e-02	-3.2584e-02	-3.5579e-02	3.4099e-04	-1.2058e-04	1.9929e-04	8.1080e-03	5.3143e-03	2.8718e-03
3.8358e-04	-0.0000e+00	2.5671e-04	-2.0734e-02	-5.9350e-02	-8.0310e-02	-3.4099e-04	-2.7833e-23	0.0000e+00	-9.4178e-03	-2.6766e-02	-4.4730e-02
1.9678e-05	-5.0943e-04	5.2693e-04	-1.4724e-02	-3.9783e-02	-5.4111e-02	-3.6390e-04	-5.0943e-04	2.7022e-04	6.0102e-03	1.9567e-02	2.6198e-02
7.3320e-04	-4.1206e-04	-2.6952e-04	-3.1013e-02	-1.5610e-02	-4.1270e-02	7.1352e-04	9.7377e-05	-7.9645e-04	-1.6289e-02	2.4172e-02	1.2842e-02
3.8358e-04	-4.1206e-04	3.4095e-04	-2.8479e-02	-5.7140e-02	-2.9418e-02	-3.4962e-04	0.0000e+00	6.1047e-04	2.5339e-03	-4.1530e-02	1.1851e-02
2.4995e-04	-3.2624e-04	2.5832e-04	-2.9456e-02	-5.4060e-02	-5.3977e-02	-1.3362e-04	8.5816e-05	-8.2633e-05	-9.7690e-04	3.0801e-03	-2.4559e-02
9.7231e-04	-1.5427e-04	1.8991e-04	-2.3388e-02	-4.0089e-02	-5.7550e-02	7.2236e-04	1.7197e-04	-6.8407e-05	6.0676e-03	1.3971e-02	-3.5727e-03
1.0253e-03	-1.3924e-03	2.3415e-03	4.4571e-02	-4.8126e-02	-4.0887e-02	5.2979e-05	-1.2381e-03	2.1516e-03	6.7960e-02	-8.0372e-03	1.6663e-02
9.8501e-04	-2.4814e-04	9.6244e-04	5.4302e-03	-3.3456e-02	-3.2388e-02	-4.0279e-05	1.1442e-03	-1.3791e-03	-3.9141e-02	1.4670e-02	8.4984e-03
6.9096e-04	-2.4814e-04	7.3822e-04	-4.9420e-03	-9.8130e-02	-3.2378e-02	-2.9405e-04	0.0000e+00	-2.2422e-04	-1.0372e-02	-6.4674e-02	1.0500e-05
1.1908e-03	-8.1602e-05	4.6835e-04	-4.9268e-03	-3.0437e-02	-7.5598e-02	4.9988e-04	1.6654e-04	-2.6987e-04	1.5260e-05	6.7693e-02	-4.3220e-02
3.2284e-03	9.1995e-04	1.2597e-03	-5.8165e-02	-8.3552e-02	-5.3745e-02	2.0375e-03	1.0016e-03	7.9134e-04	-5.3238e-02	-5.3115e-02	2.1853e-02
2.7176e-03	1.2047e-03	1.2597e-03	-1.5101e-02	-4.2435e-02	-4.8938e-02	-5.1075e-04	2.8474e-04	0.0000e+00	4.3064e-02	4.1116e-02	4.8064e-03
2.6379e-03	4.2448e-04	1.2597e-03	1.9016e-02	-8.2001e-02	-4.5963e-02	-7.9680e-05	-7.8022e-04	0.0000e+00	3.4117e-02	-3.9566e-02	2.9746e-03
1.9676e-03	5.1255e-04	1.1847e-03	1.0070e-03	-8.0636e-02	-5.3956e-02	-6.7038e-04	8.8070e-05	-7.4970e-05	-1.8009e-02	1.3649e-03	-7.9924e-03
2.0694e-03	6.0921e-04	6.9299e-04	-3.5469e-03	-7.2372e-02	-9.1447e-03	1.0182e-04	9.6656e-05	-4.9173e-04	-4.5540e-03	8.2639e-03	4.4811e-02
2.1262e-03	8.5414e-04	6.9299e-04	7.0647e-04	-7.6478e-02	-5.1008e-02	5.6830e-05	2.4493e-04	0.0000e+00	4.2534e-03	-4.1054e-03	-4.1864e-02
1.7000e-03	5.0037e-04	7.8208e-04	-3.5452e-03	-1.0411e-01	-3.7772e-02	-4.2619e-04	-3.5377e-04	8.9093e-05	-4.2517e-03	-2.7632e-02	1.3237e-02
1.7829e-03	8.1987e-04	6.9299e-04	-1.0621e-02	-9.8271e-02	-3.7749e-02	8.2870e-05	3.1950e-04	-8.9093e-05	-7.0757e-03	5.8393e-03	2.2900e-05
2.7681e-03	5.0037e-04	1.7818e-04	-1.8197e-02	-6.3573e-02	-3.9682e-02	9.8525e-04	-3.1950e-04	-5.1481e-04	-7.5760e-03	3.4697e-02	-1.9337e-03
2.6831e-03	7.2177e-05	7.6041e-04	-3.5487e-03	-7.8035e-02	-3.7652e-02	-8.5070e-05	-4.2819e-04	5.8223e-04	1.4648e-02	-1.4462e-02	2.0306e-03
2.3616e-03	7.2177e-05	7.7636e-04	-4.4169e-03	-8.3998e-02	-5.4782e-02	-3.2146e-04	0.0000e+00	1.5952e-05	-8.6816e-04	-5.9632e-03	-1.7131e-02
2.3004e-03	3.2543e-04	5.3631e-04	-8.8424e-03	-7.2458e-02	-3.7689e-02	-6.1180e-05	2.5325e-04	-2.4005e-04	-4.4255e-03	1.1540e-02	1.7094e-02
2.1292e-03	2.5235e-04	7.6561e-04	-3.9857e-03	-8.7494e-02	-3.7695e-02	-1.7123e-04	-7.3079e-05	2.2930e-04	4.8567e-03	-1.5035e-02	-6.0000e-06
2.1083e-03	2.8028e-04	5.7309e-04	-3.9568e-03	-7.4943e-02	-7.9741e-02	-2.0870e-05	2.7933e-05	-1.9252e-04	2.8980e-05	1.2550e-02	-4.2046e-02
2.3616e-03	5.3028e-04	3.8462e-04	-3.9413e-03	-6.3552e-02	-6.8341e-02	2.5328e-04	2.5000e-04	-1.8847e-04	1.5500e-05	1.1391e-02	1.1400e-02
2.4680e-03	5.3028e-04	5.1602e-04	-1.4546e-02	-7.2822e-02	-6.3323e-02	1.0638e-04	0.0000e+00	1.3139e-04	-1.0604e-02	-9.2700e-03	5.0184e-03
2.1874e-03	5.3028e-04	4.3262e-04	-2.6644e-02	-7.5431e-02	-6.6825e-02	-2.8057e-04	0.0000e+00	-8.3400e-05	-1.2098e-02	-2.6092e-03	-3.5022e-03
2.4131e-03	3.9991e-04	4.3306e-04	-1.2146e-02	-6.9332e-02	-4.8803e-02	2.2569e-04	-1.3037e-04	4.4800e-07	1.4498e-02	6.0993e-03	1.8021e-02
2.5045e-03	2.1390e-04	5.7624e-04	5.7684e-03	-6.3561e-02	-7.3896e-02	9.1350e-05	-1.8600e-04	1.4317e-04	1.7915e-02	5.7711e-03	-2.5093e-02
2.3616e-03	4.6175e-05	6.8207e-04	1.5204e-03	-8.5604e-02	-3.6269e-02	-1.4285e-04	-1.6773e-04	1.0583e-04	-4.2480e-03	-2.2043e-02	3.7628e-02
1.9701e-03	2.2398e-04	7.7893e-04	-1.1205e-03	-9.5711e-02	-5.7619e-02	-3.9155e-04	1.7780e-04	9.6864e-05	-2.6409e-03	-1.0107e-02	-2.1351e-02
2.2304e-03	5.1428e-04	4.6865e-04	-4.9642e-04	-9.0655e-02	-6.8822e-02	2.6032e-04	2.9030e-04	-3.1028e-04	6.2410e-04	5.0551e-03	-1.1203e-02
2.0854e-03	2.7963e-04	6.5011e-04	-5.1660e-04	-9.5156e-02	-7.2295e-02	-1.4503e-04	-2.3466e-04	1.8146e-04	-2.0178e-05	-4.5006e-03	-3.4733e-03
2.1605e-03	3.0997e-04	4.5392e-04	-9.1773e-03	-9.2512e-02	-8.9728e-02	7.5180e-05	3.0344e-05	-1.9619e-04	-8.6607e-03	2.6436e-03	-1.7432e-02
2.1650e-03	2.0636e-04	3.9892e-04	-9.6422e-03	-8.1006e-02	-7.9766e-02	4.4700e-06	-1.0361e-04	-5.4999e-05	-4.6491e-04	1.1506e-02	9.9615e-03
2.3616e-03	2.3981e-04	2.9758e-04	-5.3077e-04	-1.0038e-01	-3.5031e-02	1.9661e-04	3.3443e-05	-1.0134e-04	9.1115e-03	-1.9377e-02	4.4735e-02
1.9712e-03	4.6175e-05	2.8269e-04	-2.2111e-02	-1.0979e-01	-7.7903e-02	-3.9040e-04	-1.9363e-04	-1.4883e-05	-2.1581e-02	-9.4090e-03	-4.2871e-02
1.7957e-03	2.2254e-04	3.7635e-04	-1.6407e-02	-1.0978e-01	-7.7917e-02	-1.7553e-04	1.7637e-04	9.3654e-05	5.7044e-03	8.0000e-06	-1.4200e-05
2.3309e-03	3.7419e-04	3.7370e-04	-1.2063e-02	-9.8043e-02	-6.1026e-02	5.3518e-04	1.5165e-04	-2.6440e-06	4.3436e-03	1.1741e-02	1.6891e-02
2.3309e-03	3.2953e-04	2.4339e-04	-1.0212e-02	-1.0409e-01	-7.7901e-02	0.0000e+00	-4.4664e-05	-1.3032e-04	1.8513e-03	-6.0507e-03	-1.6876e-02
1.8710e-03	3.5368e-04	5.2089e-04	-3.9455e-03	-1.2223e-01	-3.2424e-02	-4.5986e-04	2.4153e-05	2.7751e-04	6.2666e-03	-1.8141e-02	4.5477e-02
2.5633e-03	-1.8710e-04	1.0598e-03	-1.3431e-03	-8.5052e-02	-1.2044e-01	6.9230e-04	-5.4078e-04	5.3891e-04	2.6024e-03	3.7183e-02	-8.8020e-02
2.2180e-03	4.3362e-05	7.6483e-04	-3.8589e-03	-1.1167e-01	-9.5298e-02	-3.4526e-04	2.3046e-04	-2.9497e-04	-2.5158e-03	-2.6619e-02	2.5146e-02
2.2180e-03	1.2791e-04	6.2245e-04	-7.9768e-03	-1.1822e-01	-8.2216e-02	0.0000e+00	8.4552e-05	-1.4238e-04	-4.1179e-03	-6.5460e-03	1.3082e-02
2.8528e-03	-2.4515e-04	8.6428e-04	1.9291e-03	-1.0421e-01	-9.2873e-02	6.3475e-04	-3.7307e-04	2.4183e-04	9.9059e-03	1.4004e-02	-1.0657e-02
2.4097e-03	-2.4515e-04	1.0903e-03	1.9222e-03	-1.0417e-01	-9.2884e-02	-4.4307e-04	0.0000e+00	2.2601e-04	-6.9700e-06	4.3000e-05	-1.0600e-05
2.3119e-03	-7.1804e-04	1.2926e-03	2.0427e-02	-1.0417e-01	-8.3821e-02	-9.7850e-05	-4.7289e-04	2.0227e-04	1.8504e-02	2.0000e-06	9.0624e-03
2.9959e-03	-2.4515e-04	1.6901e-03	3.3446e-02	-9.8793e-02	-9.1692e-02	6.8405e-04	4.7289e-04	3.9757e-04	1.3020e-02	5.3748e-03	-7.8709e-03
2.2723e-03	-2.4515e-04	1.6226e-03	3.3151e-02	-1.4222e-01	-9.4901e-02	-7.2359e-04	0.0000e+00	-6.7560e-05	-2.9540e-04	-4.3424e-02	-3.2087e-03
2.1163e-03	-2.4515e-04	1.3549e-03	1.5774e-02	-1.2482e-01	-1.0163e-01	-1.5607e-04	0.0000e+00	-2.6768e-04	-1.7377e-02	1.7396e-02	-6.7290e-03
2.2180e-03	9.6569e-05	1.1877e-03	1.6614e-02	-1.3084e-01	-9.7239e-02	1.0178e-04	3.4172e-04	-1.6717e-04	8.4030e-04	-6.0140e-03	4.3912e-03
1.4309e-03	-2.3022e-03	2.2573e-03	3.3163e-02	-3.6492e-01	1.5450e-01	-7.8715e-04	-2.3988e-03	1.0696e-03	1.6549e-02	-2.3408e-01	2.5174e-01
3.0671e-03	-1.6603e-03	1.7732e-03	3.3129e-02	-2.5661e-01	2.0913e-01	1.6362e-03	6.4194e-04	-4.8414e-04	-3.4500e-05	1.0830e-01	5.4627e-02
3.6355e-03	-4.4893e-04	1.7732e-03	4.4225e-02	-1.4870e-01	5.0603e-02	5.6837e-04	1.2114e-03	0.0000e+00	1.1096e-02	1.0791e-01	-1.5852e-01
2.6296e-03	-4.6351e-04	1.7732e-03	3.3257e-02	-1.7440e-01	2.4029e-03	-1.0058e-03	-1.4583e-05	0.0000e+00	-1.0968e-02	-2.5698e-02	-4.8200e-02
2.9639e-03	-5.7967e-04	1.5750e-03	4.1640e-02	-1.5247e-01	1.1744e-02	3.3429e-04	-1.1616e-04	-1.9815e-04	8.3825e-03	2.1925e-02	9.3410e-03
2.8295e-03	-5.2466e-04	1.6566e-03	4.9822e-02	-1.6635e-01	2.8606e-02	-1.3444e-04	5.5006e-05	8.1600e-05	8.1818e-03	-1.3878e-02	1.6863e-02
2.7462e-03	-7.9933e-04	1.7732e-03	4.9834e-02	-1.7880e-01	3.8391e-02	-8.3300e-05	-2.7467e-04	1.1655e-04	1.2400e-05	-1.2445e-02	9.7840e-03
3.1733e-03	-3.2752e-04	1.7732e-03	4.9812e-02	-1.5970e-01	3.0963e-02	4.2711e-04	4.7181e-04	0.0000e+00	-2.2100e-05	1.9101e-02	-7.4277e-03
3.0143e-03	-3.2752e-04	1.7732e-03	4.9812e-02	-1.6864e-01	1.1765e-02	-1.5894e-04	0.0000e+00	0.0000e+00	0.0000e+00	-8.9400e-03	-1.9198e-02
2.8045e-03	-6.6516e-04	1.7732e-03	5.5790e-02	-1.8314e-01	1.1693e-02	-2.0980e-04	-3.3764e-04	0.0000e+00	5.9782e-03	-1.4502e-02	-7.2400e-05
3.1632e-03	-3.2752e-04	1.7732e-03	5.7904e-02	-1.7378e-01	1.1800e-02	3.5867e-04	3.3764e-04	0.0000e+00	2.1143e-03	9.3620e-03	1.0720e-04
3.0361e-03	-6.2320e-04	2.1148e-03	4.9744e-02	-1.7540e-01	1.1769e-02	-1.2714e-04	-2.9568e-04	3.4168e-04	-8.1601e-03	-1.6230e-03	-3.1400e-05
2.8785e-03	-3.2752e-04	2.1825e-03	5.4918e-02	-1.8329e-01	1.1774e-02	-1.5753e-04	2.9568e-04	6.7710e-05	5.1740e-03	-7.8920e-03	5.2000e-06
2.8785e-03	-5.8246e-04	2.0178e-03	4.9795e-02	-1.7332e-01	-8.1117e-03	0.0000e+00	-2.5494e-04	-1.6478e-04	-5.1231e-03	9.9690e-03	-1.9885e-02
3.9707e-03	-8.6585e-04	2.5254e-03	7.6128e-02	-1.3909e-01	-2.1105e-02	1.0922e-03	-2.8339e-04	5.0768e-04	2.6332e-02	3.4228e-02	-1.2994e-02
