2.7204e-03	2.9087e-03	-5.0875e-04	5.9513e-03	2.3722e-01	2.3176e-02	0.0000e+00	0.0000e+00	0.0000e+00	0.0000e+00	0.0000e+00	0.0000e+00
2.6322e-03	2.6516e-03	-6.8592e-04	5.1100e-03	1.9625e-01	4.0152e-02	-8.8210e-05	-2.5704e-04	-1.7718e-04	-8.4127e-04	-4.0972e-02	1.6976e-02
2.7565e-03	2.6516e-03	-4.5284e-04	6.0987e-03	2.0362e-01	3.7878e-02	1.2431e-04	0.0000e+00	2.3309e-04	9.8873e-04	7.3720e-03	-2.2741e-03
2.2897e-03	3.1295e-03	-5.3854e-04	4.0895e-03	2.1862e-01	4.7557e-02	-4.6679e-04	4.7783e-04	-8.5703e-05	-2.0092e-03	1.5005e-02	9.6785e-03
1.9080e-03	2.7802e-03	-4.4178e-04	-2.0001e-02	2.1861e-01	-7.5991e-03	-3.8169e-04	-3.4931e-04	9.6763e-05	-2.4090e-02	-1.5000e-05	-5.5156e-02
2.2217e-03	2.6521e-03	-7.9725e-04	-3.3664e-02	2.3255e-01	-2.8067e-02	3.1372e-04	-1.2807e-04	-3.5547e-04	-1.3663e-02	1.3940e-02	-2.0468e-02
1.3192e-03	2.7103e-03	-1.4113e-04	-2.8035e-02	2.1870e-01	6.6453e-03	-9.0248e-04	5.8220e-05	6.5612e-04	5.6291e-03	-1.3844e-02	3.4712e-02
2.7285e-03	2.5678e-03	-7.3045e-04	-3.7371e-02	2.5987e-01	-4.6336e-02	1.4093e-03	-1.4248e-04	-5.8933e-04	-9.3365e-03	4.1166e-02	-5.2981e-02
2.1821e-03	2.4088e-03	-5.8250e-04	-2.5275e-02	2.1337e-01	-1.6369e-02	-5.4641e-04	-1.5900e-04	1.4796e-04	1.2096e-02	-4.6496e-02	2.9967e-02
2.5000e-03	2.2798e-03	-4.7824e-04	-2.5274e-02	2.4534e-01	-2.5614e-02	3.1787e-04	-1.2907e-04	1.0426e-04	1.4000e-06	3.1968e-02	-9.2449e-03
2.2927e-03	2.4856e-03	-8.8504e-05	-1.8410e-02	2.2478e-01	-2.6514e-02	-2.0727e-04	2.0584e-04	3.8973e-04	6.8636e-03	-2.0562e-02	-9.0030e-04
1.3648e-03	2.5059e-03	-2.6859e-04	-1.2953e-02	1.8021e-01	1.1030e-02	-9.2794e-04	2.0310e-05	-1.8008e-04	5.4568e-03	-4.4573e-02	3.7545e-02
1.9890e-03	2.6636e-03	-2.9426e-04	-2.5164e-02	2.1823e-01	2.3536e-02	6.2417e-04	1.5771e-04	-2.5673e-05	-1.2211e-02	3.8022e-02	1.2506e-02
1.7280e-03	2.7276e-03	-3.9388e-04	-2.5190e-02	2.1369e-01	-2.9253e-02	-2.6095e-04	6.3960e-05	-9.9624e-05	-2.6000e-05	-4.5370e-03	-5.2788e-02
1.3648e-03	2.2583e-03	-1.2123e-04	-9.5217e-03	1.9769e-01	1.2627e-02	-3.6322e-04	-4.6925e-04	2.7266e-04	1.5669e-02	-1.6000e-02	4.1879e-02
2.0809e-03	2.2014e-03	-5.6417e-04	-2.5244e-02	2.5509e-01	-2.8871e-02	7.1613e-04	-5.6890e-05	-4.4294e-04	-1.5722e-02	5.7401e-02	-4.1497e-02
1.2487e-03	2.7276e-03	-3.9388e-04	-6.9838e-03	1.6711e-01	-9.1737e-03	-8.3223e-04	5.2614e-04	1.7029e-04	1.8260e-02	-8.7981e-02	1.9697e-02
1.7170e-03	2.3990e-03	-3.9388e-04	-1.4238e-02	2.0422e-01	-2.4060e-03	4.6837e-04	-3.2855e-04	0.0000e+00	-7.2546e-03	3.7104e-02	6.7677e-03
2.9423e-03	2.7276e-03	-3.9388e-04	-1.5583e-02	2.1863e-01	-2.2197e-02	1.2253e-03	3.2855e-04	0.0000e+00	-1.3442e-03	1.4412e-02	-1.9791e-02
1.5702e-03	2.7276e-03	-2.4770e-04	-2.8028e-03	1.9493e-01	-8.9892e-03	-1.3721e-03	0.0000e+00	1.4618e-04	1.2780e-02	-2.3698e-02	1.3207e-02
2.0968e-03	2.7276e-03	-3.1213e-04	-2.8127e-03	1.5589e-01	-9.0729e-03	5.2658e-04	0.0000e+00	-6.4423e-05	-9.9100e-06	-3.9035e-02	-8.3720e-05
1.9086e-03	2.5017e-03	-3.1213e-04	-2.8215e-03	1.6617e-01	-2.1246e-02	-1.8820e-04	-2.2589e-04	0.0000e+00	-8.8200e-06	1.0276e-02	-1.2173e-02
2.4074e-03	2.7276e-03	-2.8708e-04	-2.7947e-03	1.5833e-01	-3.6274e-02	4.9886e-04	2.2589e-04	2.5046e-05	2.6850e-05	-7.8430e-03	-1.5028e-02
1.7123e-03	2.3025e-03	1.2125e-04	-2.7693e-03	1.3074e-01	-9.8387e-03	-6.9518e-04	-4.2513e-04	4.0833e-04	2.5300e-05	-2.7589e-02	2.6435e-02
2.5508e-03	2.2582e-03	-2.1912e-04	7.0484e-03	1.7725e-01	-9.9972e-03	8.3856e-04	-4.4210e-05	-3.4037e-04	9.8177e-03	4.6509e-02	-1.5854e-04
2.3388e-03	2.5503e-03	-1.0902e-04	6.5013e-05	1.5785e-01	-2.4605e-02	-2.1200e-04	2.9203e-04	1.1010e-04	-6.9834e-03	-1.9396e-02	-1.4608e-02
1.9689e-03	2.4323e-03	1.6631e-05	-2.7533e-03	1.3311e-01	1.6402e-03	-3.6989e-04	-1.1794e-04	1.2565e-04	-2.8183e-03	-2.4738e-02	2.6245e-02
1.9086e-03	2.5013e-03	-1.4449e-04	3.7414e-03	1.4363e-01	8.2564e-03	-6.0350e-05	6.9010e-05	-1.6112e-04	6.4947e-03	1.0521e-02	6.6162e-03
2.3201e-03	2.7276e-03	1.2125e-04	-9.3186e-03	1.5663e-01	-2.6362e-02	4.1155e-04	2.2624e-04	2.6574e-04	-1.3060e-02	1.2998e-02	-3.4618e-02
1.3385e-03	2.7276e-03	3.7555e-05	-7.3101e-03	1.2550e-01	1.1133e-02	-9.8161e-04	0.0000e+00	-8.3697e-05	2.0085e-03	-3.1133e-02	3.7494e-02
1.8799e-03	2.4354e-03	-1.5856e-04	-2.1920e-02	1.7599e-01	-1.6076e-02	5.4138e-04	-2.9218e-04	-1.9612e-04	-1.4610e-02	5.0486e-02	-2.7209e-02
2.4869e-03	2.3406e-03	-1.5856e-04	-2.6389e-02	1.7594e-01	-7.0371e-02	6.0699e-04	-9.4780e-05	0.0000e+00	-4.4694e-03	-4.5000e-05	-5.4295e-02
2.0864e-03	1.9687e-03	-1.5856e-04	-5.2620e-03	1.5708e-01	-5.2259e-02	-4.0048e-04	-3.7190e-04	0.0000e+00	2.1127e-02	-1.8863e-02	1.8113e-02
2.1931e-03	2.1417e-03	-1.1157e-05	-1.4079e-02	1.8426e-01	-4.8905e-02	1.0669e-04	1.7302e-04	1.4741e-04	-8.8165e-03	2.7178e-02	3.3539e-03
1.5326e-03	2.4288e-03	-9.9498e-05	-1.4070e-02	1.7292e-01	-6.6938e-02	-6.6050e-04	2.8707e-04	-8.8342e-05	8.3000e-06	-1.1337e-02	-1.8033e-02
1.4868e-03	2.2250e-03	-4.3748e-04	-1.4130e-02	1.7665e-01	-4.4418e-02	-4.5820e-05	-2.0385e-04	-3.3799e-04	-6.0200e-05	3.7330e-03	2.2520e-02
2.0466e-03	2.3642e-03	-2.8856e-04	-1.4098e-02	1.6795e-01	-6.8023e-02	5.5978e-04	1.3925e-04	1.4893e-04	3.2500e-05	-8.6980e-03	-2.3605e-02
1.5561e-03	2.7276e-03	-6.0038e-05	-4.0323e-02	1.4621e-01	-6.3673e-02	-4.9043e-04	3.6337e-04	2.2852e-04	-2.6226e-02	-2.1741e-02	4.3499e-03
1.5561e-03	2.6595e-03	-2.3976e-04	-3.2336e-02	1.5476e-01	-2.1083e-02	-1.0000e-08	-6.8100e-05	-1.7972e-04	7.9870e-03	8.5490e-03	4.2590e-02
1.9373e-03	2.7276e-03	-1.4272e-04	-4.2431e-02	1.4209e-01	-6.3023e-02	3.8116e-04	6.8110e-05	9.7041e-05	-1.0094e-02	-1.2672e-02	-4.1940e-02
1.1966e-03	2.3258e-03	-1.4388e-04	-2.7674e-02	1.2150e-01	-2.4869e-02	-7.4068e-04	-4.0177e-04	-1.1630e-06	1.4757e-02	-2.0587e-02	3.8154e-02
1.3854e-03	2.3234e-03	-4.9256e-04	-3.5773e-02	1.6002e-01	-4.8865e-02	1.8877e-04	-2.4500e-06	-3.4868e-04	-8.0991e-03	3.8516e-02	-2.3996e-02
1.8357e-03	2.5127e-03	-2.9116e-04	-3.9897e-02	1.4640e-01	-6.5030e-02	4.5035e-04	1.8931e-04	2.0140e-04	-4.1236e-03	-1.3616e-02	-1.6165e-02
2.0284e-03	2.5386e-03	-2.9116e-04	-4.2255e-02	1.3226e-01	-4.8871e-02	1.9271e-04	2.5950e-05	0.0000e+00	-2.3585e-03	-1.4139e-02	1.6159e-02
2.6342e-03	2.7349e-03	-4.6942e-04	-4.7187e-02	1.5963e-01	-4.8967e-02	6.0579e-04	1.9631e-04	-1.7826e-04	-4.9317e-03	2.7367e-02	-9.5600e-05
2.5225e-03	2.6077e-03	-5.4618e-04	-4.4606e-02	1.4140e-01	-7.0030e-02	-1.1171e-04	-1.2727e-04	-7.6761e-05	2.5806e-03	-1.8227e-02	-2.1063e-02
1.7054e-03	1.9755e-03	-2.9116e-04	-5.0358e-02	1.0451e-01	-4.8814e-02	-8.1709e-04	-6.3219e-04	2.5502e-04	-5.7517e-03	-3.6890e-02	2.1216e-02
1.9472e-03	1.3563e-03	-2.7980e-04	-2.2458e-02	1.4696e-01	-4.8813e-02	2.4179e-04	-6.1917e-04	1.1365e-05	2.7900e-02	4.2444e-02	1.4000e-06
2.3407e-03	1.1803e-03	1.2195e-04	-2.0477e-02	1.5892e-01	-3.0684e-02	3.9354e-04	-1.7597e-04	4.0174e-04	1.9810e-03	1.1959e-02	1.8129e-02
1.5972e-03	1.0592e-03	-7.8134e-05	-3.6655e-02	1.5424e-01	-5.9063e-02	-7.4357e-04	-1.2116e-04	-2.0008e-04	-1.6178e-02	-4.6740e-03	-2.8379e-02
1.2991e-03	1.3092e-03	-9.1974e-05	-2.8894e-02	1.4701e-01	-6.6234e-02	-2.9807e-04	2.5004e-04	-1.3840e-05	7.7614e-03	-7.2280e-03	-7.1711e-03
1.1640e-03	1.1304e-03	-3.1562e-04	-3.6689e-02	1.4702e-01	-6.6223e-02	-1.3507e-04	-1.7883e-04	-2.2365e-04	-7.7956e-03	9.0000e-06	1.0600e-05
1.5597e-03	1.4198e-03	-2.8791e-04	-3.4379e-02	1.3278e-01	-1.0298e-01	3.9564e-04	2.8936e-04	2.7709e-05	2.3098e-03	-1.4241e-02	-3.6758e-02
9.8432e-04	9.6608e-04	1.2195e-04	-3.6639e-02	1.0972e-01	-1.7059e-02	-5.7536e-04	-4.5367e-04	4.0986e-04	-2.2593e-03	-2.3061e-02	8.5922e-02
1.5618e-03	1.6199e-03	1.2195e-04	-2.2781e-02	1.4777e-01	-5.1787e-02	5.7749e-04	6.5382e-04	0.0000e+00	1.3858e-02	3.8048e-02	-3.4727e-02
1.4211e-03	1.6354e-03	1.2195e-04	-2.5879e-02	1.1121e-01	-7.8613e-02	-1.4067e-04	1.5480e-05	0.0000e+00	-3.0986e-03	-3.6556e-02	-2.6826e-02
9.6117e-04	1.5101e-03	1.2195e-04	-3.6638e-02	8.6971e-02	-5.4608e-02	-4.5997e-04	-1.2526e-04	0.0000e+00	-1.0759e-02	-2.4242e-02	2.4005e-02
1.3526e-03	1.0268e-03	-3.6257e-05	-1.5959e-02	1.3059e-01	-3.5411e-02	3.9148e-04	-4.8327e-04	-1.5821e-04	2.0679e-02	4.3620e-02	1.9196e-02
1.4275e-03	2.4027e-04	-5.7827e-04	-1.7058e-02	1.2822e-01	-2.0262e-02	7.4860e-05	-7.8658e-04	-5.4201e-04	-1.0983e-03	-2.3720e-03	1.5149e-02
7.3209e-04	2.4027e-04	-4.1116e-05	-3.3576e-02	1.1155e-01	-8.9678e-03	-6.9542e-04	0.0000e+00	5.3716e-04	-1.6518e-02	-1.6667e-02	1.1294e-02
1.4827e-03	8.6620e-04	1.5602e-04	-1.3595e-02	1.1149e-01	-4.2648e-02	7.5066e-04	6.2593e-04	1.9713e-04	1.9980e-02	-6.6000e-05	-3.3680e-02
1.5655e-03	9.9080e-04	1.5602e-04	-9.7994e-03	1.0472e-01	-4.8985e-02	8.2750e-05	1.2460e-04	0.0000e+00	3.7958e-03	-6.7710e-03	-6.3372e-03
1.2657e-03	1.1131e-03	1.5602e-04	-1.3532e-02	9.8298e-02	-3.5995e-02	-2.9980e-04	1.2226e-04	0.0000e+00	-3.7325e-03	-6.4170e-03	1.2990e-02
1.7599e-03	1.2609e-03	1.5602e-04	-7.3582e-04	1.0599e-01	-3.4827e-02	4.9424e-04	1.4788e-04	0.0000e+00	1.2796e-02	7.6900e-03	1.1689e-03
1.1632e-03	1.2501e-03	1.6649e-04	-1.3478e-02	6.7304e-02	-2.4973e-02	-5.9675e-04	-1.0850e-05	1.0473e-05	-1.2742e-02	-3.8684e-02	9.8531e-03
1.5841e-03	1.2333e-03	-3.8737e-05	-1.3450e-02	8.5118e-02	2.0228e-02	4.2092e-04	-1.6750e-05	-2.0523e-04	2.8500e-05	1.7814e-02	4.5202e-02
1.8534e-03	1.3590e-03	2.2003e-04	5.9038e-03	9.6145e-02	-9.2047e-03	2.6931e-04	1.2569e-04	2.5876e-04	1.9353e-02	1.1027e-02	-2.9433e-02
1.6908e-03	1.3882e-04	-7.9553e-05	8.5341e-03	8.6893e-02	-3.2198e-02	-1.6258e-04	-1.2202e-03	-2.9958e-04	2.6303e-03	-9.2517e-03	-2.2994e-02
1.4899e-03	-3.1870e-04	-5.3312e-04	-2.1655e-03	1.2826e-01	-6.6404e-02	-2.0092e-04	-4.5752e-04	-4.5356e-04	-1.0700e-02	4.1363e-02	-3.4206e-02
1.1552e-03	6.3893e-04	6.7153e-05	8.6126e-03	6.8992e-02	-3.2196e-02	-3.3474e-04	9.5763e-04	6.0027e-04	1.0778e-02	-5.9264e-02	3.4208e-02
1.0491e-03	6.8987e-04	1.6648e-04	1.0483e-02	8.2829e-02	-3.4290e-02	-1.0609e-04	5.0942e-05	9.9324e-05	1.8702e-03	1.3837e-02	-2.0940e-03
1.2479e-03	1.0586e-03	2.0253e-04	-8.5562e-03	9.0655e-02	-6.9090e-02	1.9880e-04	3.6870e-04	3.6049e-05	-1.9039e-02	7.8260e-03	-3.4800e-02
1.0493e-03	2.3648e-04	-1.3840e-05	1.1592e-02	9.0697e-02	-3.2916e-02	-1.9859e-04	-8.2209e-04	-2.1637e-04	2.0148e-02	4.1900e-05	3.6174e-02
1.3527e-03	7.8507e-05	-4.1239e-04	1.1567e-02	1.1433e-01	-1.5972e-02	3.0344e-04	-1.5798e-04	-3.9855e-04	-2.4800e-05	2.3634e-02	1.6943e-02
1.0568e-03	8.2357e-04	5.1986e-05	1.1607e-02	9.1156e-02	-4.7568e-02	-2.9590e-04	7.4506e-04	4.6437e-04	3.9600e-05	-2.3175e-02	-3.1596e-02
3.3902e-04	6.2611e-04	5.6133e-05	-4.7940e-02	5.1351e-02	-3.4352e-02	-7.1782e-04	-1.9746e-04	4.1475e-06	-5.9547e-02	-3.9805e-02	1.3216e-02
1.4499e-03	-5.0998e-04	-7.1657e-05	9.7307e-03	1.0918e-01	-9.5336e-02	1.1109e-03	-1.1361e-03	-1.2779e-04	5.7671e-02	5.7828e-02	-6.0985e-02
3.3902e-04	-2.0588e-05	5.3267e-04	3.3732e-03	5.6782e-02	-5.6740e-02	-1.1109e-03	4.8939e-04	6.0432e-04	-6.3575e-03	-5.2397e-02	3.8596e-02
1.8829e-04	-7.0043e-04	5.3267e-04	3.0657e-02	9.1929e-02	-5.1367e-02	-1.5073e-04	-6.7984e-04	0.0000e+00	2.7283e-02	3.5147e-02	5.3735e-03
1.1281e-03	-2.8128e-04	5.3267e-04	9.2908e-03	1.2004e-01	-5.6435e-02	9.3979e-04	4.1915e-04	0.0000e+00	-2.1366e-02	2.8112e-02	-5.0683e-03
1.1281e-03	-1.3031e-03	1.1998e-04	3.0630e-02	7.9105e-02	4.1910e-02	0.0000e+00	-1.0219e-03	-4.1269e-04	2.1339e-02	-4.0936e-02	9.8345e-02
3.9297e-04	-9.7436e-04	3.8250e-04	4.7654e-02	7.0907e-02	7.7264e-03	-7.3511e-04	3.2877e-04	2.6252e-04	1.7023e-02	-8.1976e-03	-3.4183e-02
9.2398e-04	-4.7766e-04	-6.5015e-05	3.1270e-02	7.0909e-02	-1.6930e-02	5.3102e-04	4.9669e-04	-4.4752e-04	-1.6383e-02	2.0000e-06	-2.4656e-02
2.8144e-04	-9.4127e-04	-1.8116e-04	1.7237e-02	7.0963e-02	3.9168e-03	-6.4255e-04	-4.6361e-04	-1.1615e-04	-1.4033e-02	5.3400e-05	2.0847e-02
7.2285e-04	-9.6438e-04	-1.8116e-04	4.4125e-03	7.0965e-02	-3.5046e-02	4.4141e-04	-2.3106e-05	0.0000e+00	-1.2824e-02	2.5000e-06	-3.8963e-02
2.8508e-04	-8.1606e-04	-1.2989e-04	4.4203e-03	6.8997e-02	-8.4310e-03	-4.3777e-04	1.4832e-04	5.1265e-05	7.8000e-06	-1.9679e-03	2.6615e-02
9.8542e-04	-1.5451e-04	3.5277e-04	2.7806e-02	5.3630e-02	-2.7279e-02	7.0034e-04	6.6155e-04	4.8267e-04	2.3386e-02	-1.5367e-02	-1.8848e-02
-6.1953e-05	-1.0830e-05	5.0717e-04	1.9566e-02	6.1487e-03	-1.2397e-02	-1.0474e-03	1.4368e-04	1.5440e-04	-8.2400e-03	-4.7481e-02	1.4882e-02
3.8052e-05	7.4118e-05	5.0717e-04	1.5930e-02	3.3006e-02	4.8105e-03	1.0001e-04	8.4948e-05	0.0000e+00	-3.6366e-03	2.6857e-02	1.7207e-02
8.6639e-04	2.2858e-04	-1.8725e-05	4.4932e-03	4.7381e-02	-1.6422e-02	8.2833e-04	1.5446e-04	-5.2589e-04	-1.1436e-02	1.4375e-02	-2.1232e-02
1.0588e-04	-7.5055e-04	-1.2301e-04	-3.0989e-03	-4.4513e-04	1.2845e-02	-7.6051e-04	-9.7913e-04	-1.0429e-04	-7.5921e-03	-4.7826e-02	2.9267e-02
2.5802e-04	-7.5055e-04	-2.2569e-04	-1.2005e-02	4.3561e-02	-2.5418e-02	1.5215e-04	0.0000e+00	-1.0268e-04	-8.9064e-03	4.4006e-02	-3.8263e-02
2.5802e-04	-4.7937e-04	-1.9532e-04	2.1097e-02	1.0023e-02	-1.6946e-03	0.0000e+00	2.7118e-04	3.0372e-05	3.3102e-02	-3.3538e-02	2.3723e-02
7.0876e-04	-8.9485e-04	-5.2297e-04	-2.5218e-03	5.0336e-02	-2.3220e-02	4.5074e-04	-4.1547e-04	-3.2765e-04	-2.3618e-02	4.0313e-02	-2.1526e-02
4.0103e-04	-1.5359e-04	1.5138e-04	1.1505e-02	2.0609e-02	-3.7025e-02	-3.0773e-04	7.4126e-04	6.7435e-04	1.4027e-02	-2.9727e-02	-1.3805e-02
-1.7844e-04	-4.3320e-04	-2.8377e-04	-4.4183e-02	3.5360e-02	4.1436e-02	-5.7947e-04	-2.7961e-04	-4.3515e-04	-5.5688e-02	1.4751e-02	7.8461e-02
2.7400e-04	-2.7154e-04	-3.4858e-04	4.4855e-03	4.6184e-02	1.5983e-02	4.5244e-04	1.6165e-04	-6.4807e-05	4.8668e-02	1.0824e-02	-2.5453e-02
0.0000e+00	-0.0000e+00	0.0000e+00	0.0000e+00	0.0000e+00	0.0000e+00	-2.7400e-04	2.7154e-04	3.4858e-04	-4.4855e-03	-4.6184e-02	-1.5983e-02
8.1117e-04	2.1812e-04	-3.5090e-04	-3.5045e-02	4.9134e-02	-3.0102e-02	8.1117e-04	2.1812e-04	-3.5090e-04	-3.5045e-02	4.9134e-02	-3.0102e-02
6.1724e-04	5.9036e-04	-5.7905e-04	-6.2264e-02	3.7984e-02	-2.4374e-03	-1.9393e-04	3.7224e-04	-2.2815e-04	-2.7219e-02	-1.1149e-02	2.7665e-02
6.6062e-04	-3.2958e-04	-3.3099e-04	-3.3554e-02	4.1877e-02	1.1875e-02	4.3382e-05	-9.1994e-04	2.4805e-04	2.8710e-02	3.8925e-03	1.4312e-02
4.1493e-04	-3.3255e-04	-3.5279e-04	-3.3573e-02	4.0711e-02	-4.5168e-03	-2.4570e-04	-2.9670e-06	-2.1801e-05	-1.8600e-05	-1.1661e-03	-1.6391e-02
9.8093e-04	-1.0147e-04	-4.2830e-04	-2.6020e-02	2.9552e-02	-1.4577e-02	5.6600e-04	2.3108e-04	-7.5503e-05	7.5530e-03	-1.1159e-02	-1.0060e-02
5.5974e-04	9.9370e-05	-2.6869e-04	-3.3581e-02	1.9332e-02	-4.0138e-02	-4.2119e-04	2.0084e-04	1.5960e-04	-7.5612e-03	-1.0219e-02	-2.5561e-02
-4.0041e-04	2.1431e-05	-3.2160e-04	-5.4150e-02	1.2619e-02	2.4624e-02	-9.6014e-04	-7.7940e-05	-5.2903e-05	-2.0569e-02	-6.7137e-03	6.4762e-02
4.6015e-04	2.2664e-04	-6.5872e-04	-2.2378e-02	1.2598e-02	-3.3178e-02	8.6056e-04	2.0521e-04	-3.3713e-04	3.1772e-02	-2.1200e-05	-5.7802e-02
1.9362e-04	2.9616e-04	-3.2160e-04	-1.3234e-02	-6.1236e-03	-3.3686e-02	-2.6653e-04	6.9522e-05	3.3713e-04	9.1444e-03	-1.8721e-02	-5.0810e-04
4.3880e-04	2.1273e-04	-3.2160e-04	-2.0999e-02	2.9905e-02	-6.6812e-03	2.4518e-04	-8.3425e-05	0.0000e+00	-7.7651e-03	3.6028e-02	2.7005e-02
1.7891e-03	-6.1643e-05	-7.6419e-04	-2.1859e-02	4.7289e-02	-2.6992e-02	1.3503e-03	-2.7438e-04	-4.4259e-04	-8.5980e-04	1.7385e-02	-2.0311e-02
1.1466e-03	-3.8212e-04	-8.1999e-04	-2.9786e-02	3.2851e-02	-6.2274e-02	-6.4245e-04	-3.2048e-04	-5.5802e-05	-7.9269e-03	-1.4438e-02	-3.5283e-02
8.6131e-04	-9.7031e-04	-8.7663e-04	-4.9685e-03	6.4559e-02	-5.8206e-02	-2.8532e-04	-5.8819e-04	-5.6644e-05	2.4817e-02	3.1708e-02	4.0682e-03
5.6485e-04	1.0672e-04	-5.5840e-04	5.6542e-03	1.0241e-02	-3.5510e-02	-2.9646e-04	1.0770e-03	3.1823e-04	1.0623e-02	-5.4318e-02	2.2696e-02
-2.8849e-04	1.0672e-04	-3.7017e-04	-3.4209e-02	-1.7492e-02	-2.7923e-02	-8.5333e-04	0.0000e+00	1.8823e-04	-3.9863e-02	-2.7733e-02	7.5870e-03
4.1658e-04	-1.9018e-04	-5.9277e-04	-2.9802e-02	2.4641e-02	-3.9457e-02	7.0506e-04	-2.9690e-04	-2.2260e-04	4.4071e-03	4.2133e-02	-1.1534e-02
1.9769e-04	3.9819e-04	-1.0988e-04	-9.5410e-04	1.8554e-02	-1.9996e-02	-2.1889e-04	5.8837e-04	4.8289e-04	2.8848e-02	-6.0874e-03	1.9461e-02
3.9530e-04	8.2013e-04	-2.4658e-04	-3.4136e-02	5.5237e-02	-6.8905e-03	1.9760e-04	4.2194e-04	-1.3669e-04	-3.3182e-02	3.6684e-02	1.3105e-02
2.0578e-03	-1.3104e-04	-9.4041e-04	-7.8261e-02	7.0254e-02	-8.5558e-02	1.6625e-03	-9.5117e-04	-6.9384e-04	-4.4124e-02	1.5017e-02	-7.8668e-02
1.2744e-03	-6.4779e-04	-8.7086e-04	-7.3435e-02	4.4584e-02	-1.7131e-02	-7.8346e-04	-5.1674e-04	6.9548e-05	4.8253e-03	-2.5670e-02	6.8428e-02
1.9505e-03	-4.3103e-04	-5.4526e-04	-5.1653e-02	7.0216e-02	-5.5895e-02	6.7613e-04	2.1675e-04	3.2561e-04	2.1782e-02	2.5632e-02	-3.8764e-02
-2.4246e-04	-1.4022e-04	-3.0076e-04	-3.5240e-02	-2.5082e-02	-3.9157e-02	-2.1930e-03	2.9081e-04	2.4450e-04	1.6413e-02	-9.5298e-02	1.6738e-02
5.7238e-05	-2.1907e-04	-5.4526e-04	-2.1076e-02	1.7819e-02	-4.7186e-02	2.9970e-04	-7.8855e-05	-2.4450e-04	1.4164e-02	4.2901e-02	-8.0293e-03
4.4433e-04	8.6660e-05	-3.4242e-04	-3.5201e-02	8.4374e-03	-6.9055e-02	3.8709e-04	3.0573e-04	2.0284e-04	-1.4124e-02	-9.3815e-03	-2.1869e-02
-8.0919e-05	3.8339e-04	-4.4872e-04	-5.4313e-02	-3.0535e-02	-1.5383e-02	-5.2525e-04	2.9673e-04	-1.0630e-04	-1.9112e-02	-3.8972e-02	5.3672e-02
4.4768e-04	1.9650e-04	-1.0206e-03	-7.8794e-02	-7.5898e-03	7.6519e-04	5.2860e-04	-1.8689e-04	-5.7183e-04	-2.4481e-02	2.2945e-02	1.6148e-02
5.7760e-04	-1.3198e-05	-8.1007e-04	-5.2403e-02	-9.9153e-03	7.7805e-04	1.2992e-04	-2.0970e-04	2.1048e-04	2.6391e-02	-2.3255e-03	1.2857e-05
1.1867e-04	-2.2354e-04	-7.4452e-04	-7.8861e-02	-2.6302e-02	-1.4819e-02	-4.5893e-04	-2.1034e-04	6.5555e-05	-2.6459e-02	-1.6387e-02	-1.5597e-02
1.7829e-04	-2.2354e-04	-6.6398e-04	-6.0156e-02	-1.1894e-02	-3.4776e-02	5.9624e-05	0.0000e+00	8.0533e-05	1.8705e-02	1.4408e-02	-1.9957e-02
5.9481e-04	-7.9416e-06	-2.3747e-04	-3.8690e-02	-3.0536e-02	-5.7690e-02	4.1652e-04	2.1560e-04	4.2651e-04	2.1466e-02	-1.8642e-02	-2.2913e-02
-6.7706e-04	8.7378e-05	-2.9785e-04	-3.6995e-02	-8.0525e-02	-3.7066e-02	-1.2719e-03	9.5319e-05	-6.0379e-05	1.6949e-03	-4.9989e-02	2.0623e-02
-4.6454e-06	2.6991e-04	-7.0164e-04	-4.0029e-02	-3.2404e-02	-4.7984e-02	6.7241e-04	1.8254e-04	-4.0379e-04	-3.0340e-03	4.8121e-02	-1.0917e-02
3.8122e-04	4.0912e-04	-2.9785e-04	-3.6635e-02	-3.8637e-02	-6.4332e-02	3.8586e-04	1.3921e-04	4.0379e-04	3.3943e-03	-6.2328e-03	-1.6348e-02
-2.9941e-04	-1.9096e-04	-3.6003e-04	-8.5456e-03	-5.4992e-02	-2.7265e-02	-6.8063e-04	-6.0008e-04	-6.2178e-05	2.8089e-02	-1.6355e-02	3.7067e-02
2.9242e-04	1.0116e-04	-5.3113e-04	-1.0735e-02	-3.8613e-02	1.5718e-03	5.9183e-04	2.9212e-04	-1.7110e-04	-2.1890e-03	1.6379e-02	2.8837e-02
8.0202e-04	-5.4389e-04	-8.0811e-04	-3.2960e-02	-1.7159e-02	-1.0084e-01	5.0960e-04	-6.4506e-04	-2.7698e-04	-2.2225e-02	2.1454e-02	-1.0241e-01
1.3042e-04	-7.0550e-04	-8.0811e-04	-5.1886e-02	-3.5894e-02	-5.7928e-03	-6.7159e-04	-1.6160e-04	0.0000e+00	-1.8926e-02	-1.8735e-02	9.5048e-02
8.3666e-04	-3.1046e-04	-8.0811e-04	-4.4550e-02	-1.5902e-02	-7.3170e-02	7.0624e-04	3.9504e-04	0.0000e+00	7.3354e-03	1.9992e-02	-6.7377e-02
-2.7395e-04	1.1002e-04	-4.7111e-04	-3.7880e-02	-6.8171e-02	-3.6794e-02	-1.1106e-03	4.2048e-04	3.3699e-04	6.6705e-03	-5.2269e-02	3.6376e-02
-2.8819e-04	3.8143e-04	-3.7931e-04	-3.3931e-02	-5.0712e-02	-4.3545e-02	-1.4232e-05	2.7141e-04	9.1806e-05	3.9486e-03	1.7459e-02	-6.7510e-03
7.8117e-05	2.0148e-04	-4.5141e-04	-4.5628e-02	-6.5085e-02	-3.6806e-02	3.6630e-04	-1.7995e-04	-7.2106e-05	-1.1697e-02	-1.4373e-02	6.7389e-03
-6.2509e-05	4.5271e-04	-6.0487e-04	-6.3308e-02	-6.5103e-02	-2.1861e-02	-1.4063e-04	2.5124e-04	-1.5345e-04	-1.7680e-02	-1.8000e-05	1.4945e-02
1.0565e-03	-6.7383e-05	-8.5277e-04	-6.7823e-02	-2.7001e-02	-1.0443e-02	1.1190e-03	-5.2009e-04	-2.4790e-04	-4.5156e-03	3.8102e-02	1.1418e-02
3.1484e-04	-4.3875e-04	-8.8934e-04	-5.5374e-02	-6.0768e-02	1.3423e-02	-7.4163e-04	-3.7136e-04	-3.6572e-05	1.2449e-02	-3.3767e-02	2.3866e-02
-3.0126e-04	-4.3875e-04	-5.4229e-04	-3.3467e-02	-5.1318e-02	4.3711e-03	-6.1609e-04	0.0000e+00	3.4705e-04	2.1907e-02	9.4500e-03	-9.0515e-03
9.0330e-05	-4.3875e-04	-9.0481e-04	-3.2625e-02	-6.3609e-02	-5.3513e-02	3.9158e-04	0.0000e+00	-3.6252e-04	8.4200e-04	-1.2291e-02	-5.7884e-02
-4.5779e-04	1.9139e-05	-6.0753e-04	-3.2636e-02	-8.2906e-02	-2.4942e-02	-5.4812e-04	4.5789e-04	2.9728e-04	-1.1000e-05	-1.9297e-02	2.8571e-02
4.4328e-05	-4.8520e-04	-2.4385e-04	8.4200e-05	-4.9000e-02	-7.1509e-02	5.0212e-04	-5.0434e-04	3.6368e-04	3.2720e-02	3.3907e-02	-4.6568e-02
-5.5143e-04	-4.8520e-04	-3.7867e-04	-3.2626e-02	-8.8673e-02	-2.5934e-02	-5.9575e-04	0.0000e+00	-1.3482e-04	-3.2710e-02	-3.9674e-02	4.5576e-02
-8.7221e-05	-4.8520e-04	-5.4282e-04	-3.2630e-02	-3.6774e-02	-4.5533e-02	4.6421e-04	0.0000e+00	-1.6415e-04	-3.5000e-06	5.1899e-02	-1.9599e-02
1.0831e-04	-5.9064e-04	-9.0193e-04	-3.2629e-02	-6.3544e-02	-5.6992e-02	1.9553e-04	-1.0544e-04	-3.5911e-04	9.0000e-07	-2.6769e-02	-1.1459e-02
6.1534e-04	-8.6463e-04	-9.0193e-04	-4.0552e-03	-3.9200e-02	-4.2451e-02	5.0703e-04	-2.7399e-04	1.0000e-09	2.8574e-02	2.4344e-02	1.4541e-02
8.0766e-04	-4.7975e-04	-1.0080e-03	-2.3586e-03	-3.9259e-02	-1.0469e-01	1.9233e-04	3.8488e-04	-1.0605e-04	1.6966e-03	-5.9500e-05	-6.2234e-02
7.3149e-04	-1.1466e-03	-9.0193e-04	8.0272e-03	-3.9263e-02	-4.5962e-02	-7.6174e-05	-6.6686e-04	1.0605e-04	1.0386e-02	-4.1000e-06	5.8723e-02
5.8897e-04	-6.1894e-04	-9.0193e-04	-2.3083e-03	-5.3848e-02	-7.5910e-02	-1.4252e-04	5.2766e-04	1.0000e-09	-1.0336e-02	-1.4584e-02	-2.9948e-02
-9.9411e-04	-4.9311e-04	-7.0550e-04	-1.8800e-02	-1.2150e-01	-2.2458e-02	-1.5831e-03	1.2584e-04	1.9642e-04	-1.6492e-02	-6.7648e-02	5.3452e-02
9.8752e-04	-7.2033e-05	-1.3466e-03	-3.9328e-02	-6.2323e-02	9.0282e-03	1.9816e-03	4.2107e-04	-6.4106e-04	-2.0528e-02	5.9173e-02	3.1487e-02
-7.9602e-04	1.4776e-04	-6.0856e-04	-2.8621e-02	-1.3643e-01	2.0827e-02	-1.7835e-03	2.1980e-04	7.3800e-04	1.0707e-02	-7.4104e-02	1.1799e-02
-3.1335e-04	2.7131e-05	-3.6745e-04	-2.0566e-02	-1.1127e-01	-7.4655e-04	4.8267e-04	-1.2063e-04	2.4111e-04	8.0552e-03	2.5154e-02	-2.1574e-02
4.9094e-04	4.0536e-05	-2.8752e-04	-3.1480e-02	-9.5194e-02	-5.6369e-03	8.0429e-04	1.3405e-05	7.9937e-05	-1.0914e-02	1.6079e-02	-4.8903e-03
2.8627e-05	-2.4942e-04	-7.5269e-04	-2.0204e-02	-1.2909e-01	2.0869e-02	-4.6231e-04	-2.8996e-04	-4.6517e-04	1.1276e-02	-3.3896e-02	2.6506e-02
3.3714e-04	-5.9423e-04	-8.8206e-04	-3.9354e-02	-9.1112e-02	8.7662e-03	3.0852e-04	-3.4481e-04	-1.2937e-04	-1.9149e-02	3.7977e-02	-1.2102e-02
-1.5507e-04	-2.1530e-04	-7.5895e-04	-2.5007e-02	-1.2535e-01	2.8974e-03	-4.9221e-04	3.7894e-04	1.2311e-04	1.4346e-02	-3.4242e-02	-5.8688e-03
-1.5507e-04	8.2386e-05	-7.5184e-04	-2.2231e-02	-1.2535e-01	7.9890e-03	0.0000e+00	2.9768e-04	7.1090e-06	2.7762e-03	4.0000e-06	5.0916e-03
-7.0482e-05	8.2386e-05	-7.8692e-04	-5.8817e-02	-1.2538e-01	-3.4953e-02	8.4590e-05	0.0000e+00	-3.5081e-05	-3.6586e-02	-3.2000e-05	-4.2942e-02
-4.2689e-04	8.2386e-05	-7.8692e-04	-7.2609e-02	-1.2541e-01	-1.1903e-02	-3.5641e-04	0.0000e+00	1.0000e-09	-1.3791e-02	-2.8000e-05	2.3050e-02
3.5868e-04	-1.8823e-04	-6.7423e-04	-3.9222e-02	-9.0512e-02	-5.6031e-02	7.8557e-04	-2.7061e-04	1.1269e-04	3.3386e-02	3.4898e-02	-4.4129e-02
1.7572e-04	-9.0293e-04	-5.6874e-04	-2.0130e-02	-9.1129e-02	-6.2518e-02	-1.8296e-04	-7.1470e-04	1.0548e-04	1.9092e-02	-6.1680e-04	-6.4864e-03
-3.6885e-04	-5.2855e-04	-1.0236e-04	-1.2509e-02	-1.1341e-01	1.9499e-02	-5.4457e-04	3.7437e-04	4.6638e-04	7.6208e-03	-2.2283e-02	8.2016e-02
-5.9493e-04	-4.7431e-04	-2.6533e-04	-1.5175e-02	-1.5749e-01	1.2928e-02	-2.2608e-04	5.4249e-05	-1.6297e-04	-2.6659e-03	-4.4079e-02	-6.5710e-03
-4.7900e-04	-2.3917e-04	-5.6831e-04	-5.1154e-02	-1.3499e-01	4.4186e-02	1.1592e-04	2.3514e-04	-3.0298e-04	-3.5979e-02	2.2499e-02	3.1258e-02
4.7623e-04	-5.9857e-04	-8.1180e-04	-2.8265e-02	-9.5371e-02	-1.5168e-02	9.5523e-04	-3.5940e-04	-2.4349e-04	2.2888e-02	3.9621e-02	-5.9355e-02
-2.3727e-04	-4.7431e-04	-8.3164e-04	-6.5481e-02	-1.1850e-01	2.8333e-02	-7.1350e-04	1.2426e-04	-1.9839e-05	-3.7215e-02	-2.3131e-02	4.3501e-02
9.0626e-04	-9.9297e-04	-1.0335e-03	-5.7273e-02	-7.2885e-02	-2.5590e-02	1.1435e-03	-5.1866e-04	-2.0183e-04	8.2078e-03	4.5617e-02	-5.3923e-02
-4.5190e-04	-8.0287e-04	-4.7306e-04	-6.0617e-02	-1.4329e-01	5.0427e-04	-1.3582e-03	1.9009e-04	5.6041e-04	-3.3445e-03	-7.0401e-02	2.6094e-02
-9.4982e-04	-5.3935e-04	-5.2153e-04	-5.0720e-02	-1.4557e-01	5.2283e-02	-4.9792e-04	2.6352e-04	-4.8472e-05	9.8975e-03	-2.2820e-03	5.1779e-02
-1.8304e-04	-5.3935e-04	-8.1338e-04	-5.6605e-02	-1.2835e-01	-4.2107e-02	7.6678e-04	0.0000e+00	-2.9185e-04	-5.8853e-03	1.7219e-02	-9.4389e-02
-1.0143e-03	-9.5768e-04	-6.2714e-04	-9.4394e-02	-1.5155e-01	4.4596e-02	-8.3124e-04	-4.1833e-04	1.8624e-04	-3.7789e-02	-2.3200e-02	8.6703e-02
-2.7962e-04	-8.6568e-04	-8.1338e-04	-1.2276e-01	-1.1434e-01	-2.7988e-02	7.3466e-04	9.1996e-05	-1.8624e-04	-2.8370e-02	3.7213e-02	-7.2585e-02
-2.7962e-04	-1.1262e-03	-5.9453e-04	-1.0383e-01	-1.2491e-01	-2.7950e-02	0.0000e+00	-2.6053e-04	2.1885e-04	1.8939e-02	-1.0576e-02	3.7800e-05
-8.6165e-04	-1.3453e-03	-6.0405e-04	-1.2544e-01	-1.2426e-01	1.2656e-02	-5.8202e-04	-2.1905e-04	-9.5200e-06	-2.1612e-02	6.5700e-04	4.0606e-02
-8.2748e-05	-1.5755e-03	-8.1338e-04	-7.2408e-02	-1.2115e-01	-2.5965e-02	7.7890e-04	-2.3025e-04	-2.0933e-04	5.3029e-02	3.1030e-03	-3.8620e-02
-8.7721e-04	-1.2335e-03	-4.7293e-04	-7.2394e-02	-1.5049e-01	3.5616e-02	-7.9446e-04	3.4200e-04	3.4045e-04	1.4000e-05	-2.9339e-02	6.1580e-02
-5.4263e-04	-9.0668e-04	-5.1472e-04	-7.2388e-02	-1.4798e-01	-6.4376e-02	3.3458e-04	3.2683e-04	-4.1791e-05	5.7000e-06	2.5080e-03	-9.9991e-02
-9.1079e-04	-1.6848e-03	-7.3721e-04	-8.9273e-02	-1.5539e-01	3.3180e-02	-3.6816e-04	-7.7807e-04	-2.2250e-04	-1.6885e-02	-7.4110e-03	9.7555e-02
-5.9994e-04	-1.3113e-03	-6.1908e-04	-6.7323e-02	-1.0670e-01	-5.5931e-02	3.1085e-04	3.7341e-04	1.1813e-04	2.1951e-02	4.8698e-02	-8.9111e-02
-8.9435e-04	-1.4341e-03	-7.0867e-04	-5.2045e-02	-1.6099e-01	-1.3981e-02	-2.9441e-04	-1.2271e-04	-8.9588e-05	1.5278e-02	-5.4299e-02	4.1949e-02
-4.1247e-04	-1.1908e-03	-7.0867e-04	-3.8306e-02	-1.0856e-01	-9.4360e-02	4.8188e-04	2.4325e-04	0.0000e+00	1.3739e-02	5.2434e-02	-8.0378e-02
-5.8281e-04	-1.6394e-03	-1.3148e-03	-6.5701e-02	-1.4703e-01	-4.1000e-02	-1.7034e-04	-4.4857e-04	-6.0617e-04	-2.7395e-02	-3.8473e-02	5.3360e-02
-7.4718e-04	-1.7969e-03	-1.0575e-03	-6.5710e-02	-1.3312e-01	-2.4125e-02	-1.6437e-04	-1.5755e-04	2.5731e-04	-8.7000e-06	1.3910e-02	1.6875e-02
-4.1372e-04	-1.7322e-03	-1.0761e-03	-6.5726e-02	-1.3982e-01	-5.5108e-02	3.3346e-04	6.4740e-05	-1.8550e-05	-1.6000e-05	-6.6970e-03	-3.0983e-02
-4.9899e-04	-1.3250e-03	-3.8269e-04	-6.5692e-02	-1.6165e-01	3.9507e-02	-8.5269e-05	4.0720e-04	6.9339e-04	3.4000e-05	-2.1832e-02	9.4615e-02
-7.6859e-06	-1.2246e-03	-3.8269e-04	-6.5698e-02	-1.6176e-01	-8.0465e-02	4.9130e-04	1.0035e-04	0.0000e+00	-6.5000e-06	-1.0400e-04	-1.1997e-01
-5.1000e-04	-1.7286e-03	-3.8269e-04	-8.2523e-02	-1.6670e-01	3.0971e-02	-5.0232e-04	-5.0398e-04	0.0000e+00	-1.6825e-02	-4.9420e-03	1.1144e-01
1.2415e-03	-1.2246e-03	-6.6821e-04	-6.6492e-02	-1.1172e-01	-4.6897e-02	1.7515e-03	5.0398e-04	-2.8552e-04	1.6031e-02	5.4978e-02	-7.7868e-02
-6.9998e-04	-1.7043e-03	-3.8269e-04	-4.9572e-02	-1.9558e-01	-6.3270e-03	-1.9415e-03	-4.7967e-04	2.8552e-04	1.6920e-02	-8.3863e-02	4.0570e-02
-1.3831e-03	-1.2064e-03	-1.0853e-03	-6.4397e-02	-1.7968e-01	-8.8064e-03	-6.8315e-04	4.9789e-04	-7.0256e-04	-1.4826e-02	1.5900e-02	-2.4794e-03
