-1.0338e-02	5.1057e-04	1.3862e-03	9.0917e-02	6.1736e-02	2.6952e-01	0.0000e+00	0.0000e+00	0.0000e+00	0.0000e+00	0.0000e+00	0.0000e+00
-1.0686e-02	3.2094e-05	1.3197e-03	8.6518e-02	4.6888e-02	3.0591e-01	-3.4810e-04	-4.7848e-04	-6.6490e-05	-4.3992e-03	-1.4847e-02	3.6397e-02
-1.0992e-02	6.2990e-04	1.8248e-03	1.0153e-01	2.1552e-02	3.3153e-01	-3.0590e-04	5.9781e-04	5.0510e-04	1.5010e-02	-2.5337e-02	2.5618e-02
-1.0919e-02	2.1850e-04	1.6020e-03	8.4614e-02	1.2745e-02	3.7212e-01	7.2800e-05	-4.1140e-04	-2.2281e-04	-1.6914e-02	-8.8066e-03	4.0589e-02
-1.1063e-02	3.3080e-04	1.5426e-03	8.6071e-02	1.2460e-02	3.2941e-01	-1.4350e-04	1.1231e-04	-5.9430e-05	1.4569e-03	-2.8460e-04	-4.2715e-02
-1.1696e-02	3.3461e-04	1.7477e-03	8.5389e-02	1.2370e-02	3.9045e-01	-6.3370e-04	3.8020e-06	2.0514e-04	-6.8180e-04	-9.0200e-05	6.1045e-02
-1.1792e-02	3.2094e-05	1.7889e-03	8.8293e-02	1.4976e-03	3.8357e-01	-9.5800e-05	-3.0251e-04	4.1200e-05	2.9039e-03	-1.0873e-02	-6.8790e-03
-1.2053e-02	3.2094e-05	1.7584e-03	8.4261e-02	-3.6079e-03	3.8168e-01	-2.6100e-04	0.0000e+00	-3.0520e-05	-4.0324e-03	-5.1055e-03	-1.8940e-03
-1.1838e-02	1.6945e-04	1.8183e-03	8.9017e-02	1.5491e-02	3.5827e-01	2.1510e-04	1.3736e-04	5.9870e-05	4.7567e-03	1.9099e-02	-2.3408e-02
-1.1087e-02	2.9395e-04	1.8277e-03	8.2064e-02	6.8039e-03	3.3374e-01	7.5130e-04	1.2450e-04	9.4300e-06	-6.9532e-03	-8.6871e-03	-2.4533e-02
-1.1581e-02	3.2094e-05	1.7039e-03	7.2476e-02	3.3994e-02	3.1109e-01	-4.9410e-04	-2.6186e-04	-1.2380e-04	-9.5879e-03	2.7190e-02	-2.2645e-02
-1.1733e-02	5.0851e-04	1.7784e-03	6.3497e-02	9.9771e-03	2.7114e-01	-1.5170e-04	4.7641e-04	7.4530e-05	-8.9793e-03	-2.4017e-02	-3.9952e-02
-1.2451e-02	2.2185e-04	1.4420e-03	6.3645e-02	1.2665e-02	2.8472e-01	-7.1800e-04	-2.8665e-04	-3.3642e-04	1.4810e-04	2.6876e-03	1.3582e-02
-1.2612e-02	2.2185e-04	1.6016e-03	8.0160e-02	7.1855e-03	3.4809e-01	-1.6170e-04	0.0000e+00	1.5958e-04	1.6515e-02	-5.4792e-03	6.3364e-02
-1.2719e-02	3.7312e-04	1.7051e-03	9.4948e-02	-1.0163e-02	3.4318e-01	-1.0700e-04	1.5126e-04	1.0357e-04	1.4787e-02	-1.7349e-02	-4.9120e-03
-1.2437e-02	3.1921e-04	1.6016e-03	9.2250e-02	-1.4162e-02	3.3839e-01	2.8210e-04	-5.3904e-05	-1.0357e-04	-2.6977e-03	-3.9986e-03	-4.7870e-03
-1.2699e-02	1.9602e-04	1.6016e-03	9.2593e-02	-1.3737e-02	3.4458e-01	-2.6220e-04	-1.2320e-04	0.0000e+00	3.4330e-04	4.2500e-04	6.1900e-03
-1.2576e-02	3.4312e-05	1.7322e-03	9.9365e-02	-1.7634e-02	3.2701e-01	1.2300e-04	-1.6171e-04	1.3061e-04	6.7718e-03	-3.8977e-03	-1.7568e-02
-9.6558e-03	-2.0647e-04	2.3094e-03	9.5270e-02	2.3047e-02	3.2835e-01	2.9206e-03	-2.4079e-04	5.7726e-04	-4.0952e-03	4.0681e-02	1.3370e-03
-1.2283e-02	2.8074e-04	1.9167e-03	1.0071e-01	-3.9098e-02	3.2955e-01	-2.6269e-03	4.8722e-04	-3.9273e-04	5.4430e-03	-6.2145e-02	1.2010e-03
-1.2459e-02	1.2330e-04	1.8992e-03	9.4944e-02	-2.5218e-02	3.2401e-01	-1.7660e-04	-1.5744e-04	-1.7510e-05	-5.7692e-03	1.3881e-02	-5.5380e-03
-1.2569e-02	3.4312e-05	1.9503e-03	9.5868e-02	-1.3750e-02	3.3136e-01	-1.0990e-04	-8.8989e-05	5.1050e-05	9.2440e-04	1.1467e-02	7.3520e-03
-1.3333e-02	4.5409e-04	2.0709e-03	9.7551e-02	-3.7456e-02	3.8506e-01	-7.6360e-04	4.1977e-04	1.2063e-04	1.6825e-03	-2.3706e-02	5.3703e-02
-1.2540e-02	-1.1599e-05	1.5954e-03	9.5742e-02	-1.2912e-02	3.4517e-01	7.9300e-04	-4.6568e-04	-4.7549e-04	-1.8090e-03	2.4544e-02	-3.9891e-02
-1.3588e-02	4.0130e-04	1.8596e-03	9.6175e-02	-4.9990e-02	3.5920e-01	-1.0479e-03	4.1289e-04	2.6423e-04	4.3300e-04	-3.7077e-02	1.4027e-02
-1.3710e-02	3.2389e-04	1.8905e-03	9.1132e-02	-4.6908e-02	3.6045e-01	-1.2240e-04	-7.7401e-05	3.0840e-05	-5.0428e-03	3.0812e-03	1.2470e-03
-1.3130e-02	1.8667e-04	1.4420e-03	6.6681e-02	-5.3222e-02	3.8528e-01	5.7990e-04	-1.3723e-04	-4.4846e-04	-2.4451e-02	-6.3137e-03	2.4828e-02
-1.2650e-02	1.8667e-04	1.4420e-03	9.1770e-02	-1.7722e-02	3.1572e-01	4.8010e-04	0.0000e+00	0.0000e+00	2.5089e-02	3.5500e-02	-6.9557e-02
-1.3253e-02	1.8667e-04	1.5481e-03	9.0456e-02	-3.6872e-02	3.3780e-01	-6.0320e-04	0.0000e+00	1.0609e-04	-1.3134e-03	-1.9150e-02	2.2077e-02
-1.3636e-02	2.4028e-04	1.8177e-03	9.7120e-02	-7.2312e-02	3.9926e-01	-3.8300e-04	5.3613e-05	2.6958e-04	6.6631e-03	-3.5440e-02	6.1466e-02
-1.2762e-02	2.2315e-04	1.7904e-03	9.4698e-02	-4.4528e-02	3.5063e-01	8.7450e-04	-1.7131e-05	-2.7250e-05	-2.4218e-03	2.7784e-02	-4.8635e-02
-1.3039e-02	2.1592e-04	1.8623e-03	9.8352e-02	-4.2744e-02	3.2232e-01	-2.7700e-04	-7.2260e-06	7.1860e-05	3.6539e-03	1.7836e-03	-2.8312e-02
-1.3852e-02	1.3215e-04	1.8331e-03	9.7892e-02	-7.3839e-02	4.1152e-01	-8.1310e-04	-8.3777e-05	-2.9210e-05	-4.5930e-04	-3.1094e-02	8.9207e-02
-1.3456e-02	3.6839e-04	1.8806e-03	9.9571e-02	-6.8944e-02	3.5412e-01	3.9550e-04	2.3625e-04	4.7480e-05	1.6790e-03	4.8946e-03	-5.7402e-02
-1.3767e-02	3.3121e-04	1.8972e-03	9.0061e-02	-8.9064e-02	4.0916e-01	-3.1070e-04	-3.7181e-05	1.6670e-05	-9.5108e-03	-2.0120e-02	5.5042e-02
-1.2833e-02	5.0522e-04	1.4420e-03	1.0142e-01	-8.6710e-02	3.5590e-01	9.3360e-04	1.7401e-04	-4.5522e-04	1.1358e-02	2.3541e-03	-5.3267e-02
-8.3299e-03	-4.1454e-04	1.4420e-03	9.9673e-02	1.0972e-02	2.2751e-01	4.5036e-03	-9.1976e-04	0.0000e+00	-1.7458e-03	9.7683e-02	-1.2838e-01
-1.3219e-02	1.3998e-04	1.8477e-03	9.0414e-02	-8.2500e-02	3.3715e-01	-4.8888e-03	5.5452e-04	4.0566e-04	-9.2587e-03	-9.3472e-02	1.0964e-01
-1.3830e-02	1.0574e-04	1.7950e-03	8.7508e-02	-7.3975e-02	3.5581e-01	-6.1170e-04	-3.4239e-05	-5.2670e-05	-2.9061e-03	8.5249e-03	1.8653e-02
-1.3732e-02	3.2430e-04	1.8273e-03	9.5588e-02	-8.9436e-02	3.5180e-01	9.7900e-05	2.1856e-04	3.2320e-05	8.0798e-03	-1.5462e-02	-4.0030e-03
-1.3552e-02	-4.7651e-05	1.5831e-03	9.8062e-02	-8.9190e-02	3.6834e-01	1.8010e-04	-3.7196e-04	-2.4417e-04	2.4734e-03	2.4570e-04	1.6541e-02
-1.3695e-02	-4.7651e-05	1.8900e-03	9.8413e-02	-8.2368e-02	4.1819e-01	-1.4240e-04	0.0000e+00	3.0689e-04	3.5120e-04	6.8225e-03	4.9848e-02
-1.3521e-02	-2.2217e-04	1.8049e-03	9.2163e-02	-8.7214e-02	3.8863e-01	1.7410e-04	-1.7452e-04	-8.5110e-05	-6.2502e-03	-4.8462e-03	-2.9564e-02
-1.0944e-02	3.4410e-04	2.1638e-03	6.3124e-02	-5.5078e-02	3.9299e-01	2.5768e-03	5.6627e-04	3.5886e-04	-2.9039e-02	3.2136e-02	4.3640e-03
-1.2662e-02	4.1755e-04	1.8538e-03	8.4811e-02	-1.2292e-01	2.9165e-01	-1.7180e-03	7.3452e-05	-3.0994e-04	2.1688e-02	-6.7842e-02	-1.0134e-01
-2.8872e-03	-1.8340e-04	9.9908e-04	4.3650e-02	2.2969e-01	-5.9182e-02	9.7747e-03	-6.0095e-04	-8.5477e-04	-4.1161e-02	3.5261e-01	-3.5084e-01
3.8976e-03	-1.0279e-04	3.2561e-04	2.6411e-02	2.1445e-01	-4.9564e-02	6.7848e-03	8.0603e-05	-6.7347e-04	-1.7239e-02	-1.5238e-02	9.6178e-03
-6.0140e-04	-2.2909e-05	9.2308e-04	2.7342e-02	1.7063e-01	4.1115e-03	-4.4990e-03	7.9885e-05	5.9747e-04	9.3100e-04	-4.3822e-02	5.3676e-02
-2.4407e-03	1.7948e-04	1.1571e-03	4.1944e-02	1.1515e-01	1.0498e-01	-1.8393e-03	2.0239e-04	2.3404e-04	1.4601e-02	-5.5484e-02	1.0087e-01
-2.4838e-03	3.5991e-04	7.2784e-04	4.7923e-02	1.1532e-01	1.1513e-01	-4.3080e-05	1.8044e-04	-4.2928e-04	5.9794e-03	1.7700e-04	1.0142e-02
-3.6249e-03	-1.3293e-04	7.2784e-04	3.2812e-02	8.2393e-02	1.1667e-01	-1.1412e-03	-4.9284e-04	0.0000e+00	-1.5111e-02	-3.2931e-02	1.5450e-03
-3.0313e-03	1.9308e-04	1.0918e-03	3.6683e-02	7.7948e-02	1.9513e-01	5.9366e-04	3.2601e-04	3.6394e-04	3.8711e-03	-4.4444e-03	7.8457e-02
-3.5322e-03	2.5277e-06	9.2067e-04	2.7905e-02	4.2304e-02	1.1221e-01	-5.0095e-04	-1.9056e-04	-1.7111e-04	-8.7779e-03	-3.5645e-02	-8.2917e-02
-4.5768e-03	-3.2723e-04	5.6527e-04	2.8808e-02	3.7314e-02	1.2847e-01	-1.0446e-03	-3.2976e-04	-3.5540e-04	9.0300e-04	-4.9897e-03	1.6255e-02
-5.0406e-03	3.5312e-04	1.3978e-03	4.7410e-02	1.8795e-02	2.1730e-01	-4.6378e-04	6.8035e-04	8.3255e-04	1.8602e-02	-1.8519e-02	8.8839e-02
-4.5553e-03	-9.9582e-05	1.0503e-03	4.9889e-02	4.0228e-02	1.6484e-01	4.8535e-04	-4.5270e-04	-3.4751e-04	2.4791e-03	2.1433e-02	-5.2461e-02
-5.5442e-03	1.5851e-04	1.3260e-03	5.8593e-02	7.2251e-03	2.4483e-01	-9.8895e-04	2.5809e-04	2.7572e-04	8.7038e-03	-3.3003e-02	7.9991e-02
-4.9863e-03	-3.4211e-04	1.4040e-03	6.1356e-02	2.4411e-03	2.0384e-01	5.5786e-04	-5.0062e-04	7.7950e-05	2.7627e-03	-4.7839e-03	-4.0990e-02
-5.1170e-03	-8.0867e-05	1.1778e-03	5.6711e-02	1.3299e-02	1.9652e-01	-1.3071e-04	2.6124e-04	-2.2614e-04	-4.6452e-03	1.0858e-02	-7.3220e-03
-5.7117e-03	-2.6881e-05	1.3116e-03	5.3709e-02	2.2271e-03	1.9750e-01	-5.9465e-04	5.3986e-05	1.3372e-04	-3.0020e-03	-1.1072e-02	9.7500e-04
-4.9885e-03	-2.6302e-04	7.9794e-04	3.0409e-02	5.9350e-02	1.5275e-01	7.2325e-04	-2.3614e-04	-5.1362e-04	-2.3300e-02	5.7123e-02	-4.4751e-02
-6.4069e-03	-8.8933e-05	1.3116e-03	4.2853e-02	-1.9791e-02	2.3245e-01	-1.4185e-03	1.7409e-04	5.1362e-04	1.2444e-02	-7.9141e-02	7.9698e-02
-6.2560e-03	7.4249e-05	1.0861e-03	2.8870e-02	-7.1833e-03	2.1447e-01	1.5097e-04	1.6318e-04	-2.2543e-04	-1.3983e-02	1.2608e-02	-1.7976e-02
-7.7603e-03	1.3936e-04	5.8226e-04	2.0400e-02	-1.3508e-02	2.2230e-01	-1.5043e-03	6.5114e-05	-5.0387e-04	-8.4708e-03	-6.3247e-03	7.8320e-03
-1.1384e-02	7.6379e-04	5.8226e-04	2.0184e-02	-1.0291e-01	3.0309e-01	-3.6233e-03	6.2443e-04	0.0000e+00	-2.1600e-04	-8.9404e-02	8.0787e-02
-1.1403e-02	9.2988e-04	6.9470e-04	2.0118e-02	-9.9604e-02	2.9173e-01	-1.9300e-05	1.6609e-04	1.1244e-04	-6.5700e-05	3.3082e-03	-1.1357e-02
-1.1772e-02	1.1755e-03	1.1032e-03	1.9944e-02	-1.0508e-01	2.9117e-01	-3.6870e-04	2.4558e-04	4.0850e-04	-1.7360e-04	-5.4772e-03	-5.6300e-04
-1.1764e-02	1.0806e-03	9.9439e-04	2.0054e-02	-9.3341e-02	2.1041e-01	7.7000e-06	-9.4860e-05	-1.0881e-04	1.0950e-04	1.1740e-02	-8.0763e-02
-7.9095e-03	3.1315e-04	5.8226e-04	1.1872e-02	-3.5544e-02	1.7653e-01	3.8544e-03	-7.6745e-04	-4.1213e-04	-8.1818e-03	5.7797e-02	-3.3872e-02
-7.3105e-03	7.4249e-05	5.8226e-04	2.0420e-02	-2.5291e-02	1.4694e-01	5.9900e-04	-2.3890e-04	0.0000e+00	8.5483e-03	1.0253e-02	-2.9592e-02
-7.3325e-03	7.4249e-05	1.2790e-04	2.3144e-03	-1.1715e-02	1.6720e-01	-2.2040e-05	0.0000e+00	-4.5437e-04	-1.8106e-02	1.3576e-02	2.0263e-02
-7.8774e-03	2.0049e-04	5.8226e-04	2.0421e-02	-4.4307e-02	1.8985e-01	-5.4493e-04	1.2624e-04	4.5437e-04	1.8107e-02	-3.2592e-02	2.2649e-02
-7.2855e-03	5.1866e-05	4.3073e-04	2.0464e-02	-4.0720e-02	1.6690e-01	5.9193e-04	-1.4862e-04	-1.5153e-04	4.3200e-05	3.5870e-03	-2.2952e-02
-7.5723e-03	3.5014e-04	6.3470e-04	2.6404e-02	-5.1435e-02	2.3738e-01	-2.8682e-04	2.9827e-04	2.0397e-04	5.9395e-03	-1.0715e-02	7.0475e-02
-7.2622e-03	1.0968e-04	3.3459e-04	2.0465e-02	-4.4159e-02	1.7872e-01	3.1010e-04	-2.4046e-04	-3.0011e-04	-5.9393e-03	7.2764e-03	-5.8655e-02
-7.2120e-03	1.2127e-04	4.2330e-04	2.0455e-02	-5.7439e-02	1.9028e-01	5.0250e-05	1.1594e-05	8.8703e-05	-9.6000e-06	-1.3281e-02	1.1556e-02
-6.6116e-03	1.4974e-03	6.1419e-04	2.0087e-02	-8.9617e-02	4.0182e-01	6.0038e-04	1.3761e-03	1.9090e-04	-3.6760e-04	-3.2177e-02	2.1155e-01
-3.5636e-03	1.8864e-03	-1.2919e-04	6.3777e-02	-4.3844e-02	1.6059e-01	3.0480e-03	3.8899e-04	-7.4338e-04	4.3689e-02	4.5773e-02	-2.4123e-01
-3.7401e-03	1.7697e-04	-1.2919e-04	3.7334e-02	5.0261e-03	5.6358e-02	-1.7655e-04	-1.7094e-03	0.0000e+00	-2.6443e-02	4.8870e-02	-1.0424e-01
-3.5020e-03	1.3389e-05	-4.2279e-05	2.0160e-02	2.6331e-02	3.6590e-02	2.3809e-04	-1.6358e-04	8.6913e-05	-1.7175e-02	2.1305e-02	-1.9768e-02
1.5625e-03	6.9381e-05	7.1850e-04	2.7087e-02	5.7767e-02	1.6001e-02	5.0645e-03	5.5992e-05	7.6078e-04	6.9271e-03	3.1436e-02	-2.0589e-02
-2.0001e-03	1.3389e-05	5.3754e-04	3.0384e-02	-3.2921e-03	5.4718e-02	-3.5626e-03	-5.5992e-05	-1.8096e-04	3.2973e-03	-6.1059e-02	3.8717e-02
-2.2962e-03	3.7046e-07	3.4834e-04	3.7236e-02	-3.2695e-03	7.5531e-02	-2.9608e-04	-1.3019e-05	-1.8921e-04	6.8517e-03	2.2540e-05	2.0814e-02
-2.1836e-03	-1.6564e-04	2.9334e-04	3.7269e-02	-3.2824e-03	8.7337e-02	1.1258e-04	-1.6601e-04	-5.4996e-05	3.3500e-05	-1.2900e-05	1.1805e-02
-2.1183e-03	2.8987e-22	6.6840e-04	3.7182e-02	-2.3086e-02	1.1101e-01	6.5320e-05	1.6564e-04	3.7506e-04	-8.6900e-05	-1.9804e-02	2.3669e-02
2.0533e-03	-2.4788e-04	3.4834e-04	3.0745e-02	6.7252e-03	-6.1699e-03	4.1716e-03	-2.4788e-04	-3.2006e-04	-6.4372e-03	2.9811e-02	-1.1718e-01
6.8163e-04	-4.2907e-04	7.7614e-05	2.4637e-02	-1.3609e-04	1.1702e-02	-1.3717e-03	-1.8119e-04	-2.7072e-04	-6.1078e-03	-6.8612e-03	1.7872e-02
-2.9791e-05	-1.6323e-04	3.4834e-04	2.6337e-02	-1.3679e-03	7.4009e-02	-7.1143e-04	2.6583e-04	2.7072e-04	1.6993e-03	-1.2318e-03	6.2308e-02
1.0980e-04	-1.1004e-04	3.4834e-04	1.7711e-02	2.1644e-03	4.0091e-02	1.3959e-04	5.3196e-05	0.0000e+00	-8.6256e-03	3.5322e-03	-3.3919e-02
-2.4097e-04	-9.4417e-24	3.4834e-04	1.7705e-02	-1.9921e-03	3.8014e-02	-3.5077e-04	1.1004e-04	0.0000e+00	-6.1000e-06	-4.1565e-03	-2.0760e-03
-4.2372e-04	-1.7584e-04	1.1059e-04	2.3311e-02	-2.8098e-03	2.3860e-02	-1.8275e-04	-1.7584e-04	-2.3774e-04	5.6060e-03	-8.1769e-04	-1.4154e-02
-1.0705e-03	7.5533e-23	3.4834e-04	2.0209e-02	-1.9129e-02	5.6689e-02	-6.4680e-04	1.7584e-04	2.3774e-04	-3.1015e-03	-1.6319e-02	3.2829e-02
-1.3488e-03	-1.2625e-22	3.9436e-04	2.3385e-02	-3.3226e-02	2.0810e-02	-2.7832e-04	-2.0178e-22	4.6019e-05	3.1754e-03	-1.4098e-02	-3.5880e-02
-1.0849e-03	-0.0000e+00	0.0000e+00	0.0000e+00	-2.5103e-02	1.7061e-02	2.6394e-04	1.2625e-22	-3.9436e-04	-2.3385e-02	8.1234e-03	-3.7483e-03
1.3426e-04	-0.0000e+00	0.0000e+00	1.4603e-02	-3.5066e-06	-2.2102e-02	1.2192e-03	0.0000e+00	0.0000e+00	1.4603e-02	2.5100e-02	-3.9164e-02
4.8597e-04	-0.0000e+00	6.0385e-05	-2.3153e-07	-2.3534e-05	1.7735e-02	3.5171e-04	0.0000e+00	6.0385e-05	-1.4603e-02	-2.0028e-05	3.9837e-02
3.1726e-04	-0.0000e+00	0.0000e+00	0.0000e+00	7.2686e-03	-1.2039e-02	-1.6872e-04	0.0000e+00	-6.0385e-05	2.3153e-07	7.2921e-03	-2.9774e-02
0.0000e+00	-0.0000e+00	0.0000e+00	0.0000e+00	0.0000e+00	0.0000e+00	-3.1726e-04	0.0000e+00	0.0000e+00	0.0000e+00	-7.2686e-03	1.2039e-02
0.0000e+00	-1.3550e-04	0.0000e+00	-1.8601e-06	0.0000e+00	-1.9449e-02	0.0000e+00	-1.3550e-04	0.0000e+00	-1.8601e-06	0.0000e+00	-1.9449e-02
-1.9774e-03	-0.0000e+00	3.2045e-04	-3.9935e-05	-5.1541e-02	4.3199e-02	-1.9774e-03	1.3550e-04	3.2045e-04	-3.8075e-05	-5.1541e-02	6.2648e-02
-2.2659e-03	-1.3934e-04	0.0000e+00	9.2261e-03	-5.7798e-02	2.4478e-02	-2.8852e-04	-1.3934e-04	-3.2045e-04	9.2660e-03	-6.2576e-03	-1.8721e-02
-2.4965e-03	-0.0000e+00	1.6454e-04	6.3595e-03	-5.1490e-02	2.5403e-02	-2.3061e-04	1.3934e-04	1.6454e-04	-2.8666e-03	6.3081e-03	9.2510e-04
-5.2995e-04	-0.0000e+00	0.0000e+00	2.4528e-10	-1.9303e-02	3.2370e-03	1.9665e-03	0.0000e+00	-1.6454e-04	-6.3595e-03	3.2187e-02	-2.2166e-02
-3.2370e-03	-4.1828e-04	0.0000e+00	9.0963e-03	-7.9942e-02	3.0460e-02	-2.7071e-03	-4.1828e-04	0.0000e+00	9.0963e-03	-6.0639e-02	2.7223e-02
-3.2817e-03	-9.0993e-06	4.5872e-04	1.1161e-02	-8.0292e-02	1.5756e-02	-4.4650e-05	4.0918e-04	4.5872e-04	2.0650e-03	-3.4920e-04	-1.4704e-02
-3.6995e-03	-2.0951e-05	4.2628e-04	1.0435e-02	-8.3327e-02	7.7981e-02	-4.1780e-04	-1.1852e-05	-3.2444e-05	-7.2600e-04	-3.0355e-03	6.2225e-02
-3.2025e-03	1.8942e-04	4.5857e-04	1.9682e-03	-8.3294e-02	4.1724e-02	4.9699e-04	2.1037e-04	3.2291e-05	-8.4671e-03	3.2800e-05	-3.6257e-02
-5.0487e-04	-2.6133e-04	-3.4042e-04	-4.4356e-03	-2.4257e-02	-1.7411e-02	2.6976e-03	-4.5075e-04	-7.9899e-04	-6.4038e-03	5.9037e-02	-5.9135e-02
-2.7703e-03	3.0162e-04	0.0000e+00	2.0576e-03	-8.4203e-02	6.3602e-02	-2.2654e-03	5.6295e-04	3.4042e-04	6.4932e-03	-5.9946e-02	8.1013e-02
-2.6025e-03	-1.5176e-04	-3.0988e-04	-2.2043e-03	-7.2865e-02	1.6699e-02	1.6781e-04	-4.5338e-04	-3.0988e-04	-4.2618e-03	1.1338e-02	-4.6904e-02
-2.0317e-03	1.5377e-04	1.1195e-04	-3.3423e-03	-8.4214e-02	5.8532e-02	5.7076e-04	3.0552e-04	4.2184e-04	-1.1380e-03	-1.1349e-02	4.1833e-02
-1.0330e-03	-1.5176e-04	0.0000e+00	2.0805e-03	-5.9100e-02	-1.2623e-02	9.9868e-04	-3.0552e-04	-1.1195e-04	5.4228e-03	2.5114e-02	-7.1155e-02
-1.3331e-03	-2.4825e-04	-2.8783e-04	2.1058e-03	-3.5381e-02	-2.7505e-02	-3.0009e-04	-9.6489e-05	-2.8783e-04	2.5350e-05	2.3719e-02	-1.4882e-02
-3.0605e-03	-3.6189e-04	-4.4402e-04	2.1028e-03	-7.4027e-02	-2.6882e-03	-1.7274e-03	-1.1365e-04	-1.5619e-04	-3.0800e-06	-3.8646e-02	2.4817e-02
-3.0902e-03	-1.5596e-06	1.7786e-04	9.6969e-03	-8.3322e-02	6.7850e-02	-2.9680e-05	3.6034e-04	6.2188e-04	7.5941e-03	-9.2953e-03	7.0538e-02
-2.8669e-03	-1.6559e-04	-4.4402e-04	-9.4019e-03	-8.0610e-02	6.7961e-02	2.2327e-04	-1.6403e-04	-6.2188e-04	-1.9099e-02	2.7119e-03	1.1100e-04
-3.3659e-03	-3.7865e-04	-3.0503e-04	2.0421e-03	-9.5720e-02	6.5509e-02	-4.9900e-04	-2.1306e-04	1.3900e-04	1.1444e-02	-1.5110e-02	-2.4524e-03
-4.0510e-03	3.1971e-06	2.6385e-04	1.7821e-03	-1.3201e-01	1.2845e-01	-6.8511e-04	3.8184e-04	5.6888e-04	-2.5997e-04	-3.6286e-02	6.2945e-02
-3.5448e-03	-5.8018e-04	1.8941e-04	1.9368e-03	-1.3205e-01	7.7988e-02	5.0625e-04	-5.8338e-04	-7.4435e-05	1.5476e-04	-4.5000e-05	-5.0466e-02
-2.4533e-03	-2.8603e-04	6.4631e-05	-1.5951e-03	-8.9288e-02	5.3318e-03	1.0914e-03	2.9416e-04	-1.2478e-04	-3.5319e-03	4.2763e-02	-7.2656e-02
-4.4890e-03	-3.6649e-04	6.4631e-05	-2.3652e-06	-1.7636e-01	8.2176e-02	-2.0356e-03	-8.0467e-05	-1.0000e-10	1.5927e-03	-8.7074e-02	7.6844e-02
-3.8005e-03	-2.9563e-04	6.4631e-05	-4.8563e-03	-1.5090e-01	3.4886e-02	6.8849e-04	7.0861e-05	0.0000e+00	-4.8540e-03	2.5463e-02	-4.7291e-02
-2.2669e-03	-3.6649e-04	6.4631e-05	2.0325e-03	-9.2991e-02	2.0905e-02	1.5336e-03	-7.0861e-05	0.0000e+00	6.8889e-03	5.7908e-02	-1.3981e-02
-2.2181e-03	-1.6039e-04	-2.2627e-04	-9.7420e-03	-9.0264e-02	1.8452e-02	4.8830e-05	2.0610e-04	-2.9090e-04	-1.1774e-02	2.7272e-03	-2.4533e-03
-3.0263e-03	-3.6649e-04	-1.5090e-04	-8.0157e-03	-8.5787e-02	2.4146e-02	-8.0824e-04	-2.0610e-04	7.5373e-05	1.7263e-03	4.4771e-03	5.6944e-03
-4.8137e-03	-3.6649e-04	6.4631e-05	2.0325e-03	-1.4569e-01	7.6858e-02	-1.7874e-03	0.0000e+00	2.1553e-04	1.0048e-02	-5.9906e-02	5.2712e-02
-5.2897e-03	-3.6649e-04	-3.1702e-04	-5.5855e-03	-1.5147e-01	7.0297e-02	-4.7596e-04	0.0000e+00	-3.8165e-04	-7.6180e-03	-5.7770e-03	-6.5616e-03
-5.2457e-03	-2.4684e-04	-2.8179e-05	-5.6512e-04	-1.5116e-01	4.7835e-02	4.3990e-05	1.1965e-04	2.8884e-04	5.0204e-03	3.0700e-04	-2.2462e-02
-5.2041e-03	-1.5011e-04	1.6539e-04	1.9673e-03	-1.7218e-01	2.7904e-02	4.1580e-05	9.6737e-05	1.9357e-04	2.5324e-03	-2.1018e-02	-1.9931e-02
-4.9876e-03	9.0060e-05	6.4631e-05	2.0117e-03	-1.4584e-01	9.5309e-03	2.1651e-04	2.4017e-04	-1.0076e-04	4.4340e-05	2.6342e-02	-1.8373e-02
-5.3542e-03	-2.1572e-04	3.1463e-04	1.9519e-03	-1.4577e-01	3.4171e-02	-3.6662e-04	-3.0578e-04	2.5000e-04	-5.9790e-05	6.7000e-05	2.4640e-02
-5.7907e-03	1.2051e-04	6.4631e-05	1.9547e-03	-1.6968e-01	7.1309e-02	-4.3644e-04	3.3623e-04	-2.5000e-04	2.8200e-06	-2.3905e-02	3.7138e-02
-5.6639e-03	-2.1572e-04	6.4631e-05	2.0083e-03	-1.6973e-01	4.4757e-02	1.2675e-04	-3.3623e-04	0.0000e+00	5.3590e-05	-5.5000e-05	-2.6552e-02
-5.5064e-03	1.1531e-05	1.4321e-04	1.9632e-03	-1.6974e-01	6.0106e-02	1.5751e-04	2.2725e-04	7.8580e-05	-4.5120e-05	-9.0000e-06	1.5350e-02
-5.4907e-03	1.8022e-04	2.3376e-04	5.4353e-03	-1.6978e-01	5.7092e-02	1.5760e-05	1.6869e-04	9.0549e-05	3.4722e-03	-4.4000e-05	-3.0146e-03
-3.7534e-03	-6.6313e-05	6.4631e-05	2.0531e-03	-1.0906e-01	-1.4224e-02	1.7372e-03	-2.4654e-04	-1.6913e-04	-3.3823e-03	6.0720e-02	-7.1316e-02
-6.1239e-03	-6.6313e-05	3.7068e-04	1.4463e-02	-1.9122e-01	5.5656e-02	-2.3705e-03	0.0000e+00	3.0605e-04	1.2410e-02	-8.2158e-02	6.9880e-02
-5.2282e-03	-2.7277e-06	6.4631e-05	2.0455e-03	-1.9124e-01	2.6371e-02	8.9570e-04	6.3585e-05	-3.0605e-04	-1.2417e-02	-1.3000e-05	-2.9285e-02
-5.9113e-03	-7.5324e-05	1.9970e-04	1.9813e-03	-1.9116e-01	7.4220e-02	-6.8306e-04	-7.2596e-05	1.3507e-04	-6.4170e-05	7.6000e-05	4.7849e-02
-5.9506e-03	9.2124e-05	6.4631e-05	1.9890e-03	-1.9116e-01	5.0397e-02	-3.9340e-05	1.6745e-04	-1.3507e-04	7.7100e-06	-4.0000e-06	-2.3823e-02
-6.1066e-03	-8.2773e-05	-6.9944e-05	-8.6709e-03	-2.0041e-01	5.4669e-02	-1.5601e-04	-1.7490e-04	-1.3458e-04	-1.0660e-02	-9.2430e-03	4.2715e-03
-6.6739e-03	-2.4583e-04	6.4631e-05	-1.2570e-02	-2.2050e-01	5.1597e-02	-5.6733e-04	-1.6305e-04	1.3458e-04	-3.8992e-03	-2.0097e-02	-3.0714e-03
-7.1092e-03	-1.4046e-04	2.1877e-04	-4.1205e-03	-2.2421e-01	1.1044e-01	-4.3521e-04	1.0537e-04	1.5414e-04	8.4496e-03	-3.7080e-03	5.8839e-02
-6.8250e-03	-2.4321e-04	6.4631e-05	-1.4684e-02	-2.1063e-01	3.9980e-02	2.8415e-04	-1.0276e-04	-1.5414e-04	-1.0564e-02	1.3585e-02	-7.0457e-02
-6.1082e-03	6.6716e-04	5.3978e-04	-2.8054e-02	-1.9082e-01	1.1677e-01	7.1676e-04	9.1038e-04	4.7515e-04	-1.3370e-02	1.9808e-02	7.6787e-02
-9.6691e-03	3.8193e-03	1.7879e-03	-1.4361e-02	-3.3188e-01	4.9866e-01	-3.5608e-03	3.1521e-03	1.2481e-03	1.3694e-02	-1.4106e-01	3.8189e-01
-4.9469e-03	1.6957e-03	9.5299e-04	3.3809e-02	-2.9115e-01	1.1513e-01	4.7222e-03	-2.1236e-03	-8.3492e-04	4.8170e-02	4.0722e-02	-3.8353e-01
-7.6192e-03	5.8337e-04	7.0330e-04	1.8181e-02	-2.6993e-01	1.4612e-01	-2.6723e-03	-1.1123e-03	-2.4969e-04	-1.5628e-02	2.1222e-02	3.0990e-02
-5.4511e-03	6.5391e-04	1.0231e-03	5.8710e-02	-2.5025e-01	9.0091e-02	2.1680e-03	7.0541e-05	3.1983e-04	4.0529e-02	1.9678e-02	-5.6028e-02
-5.8771e-03	8.3778e-04	6.2336e-04	5.3615e-02	-2.4802e-01	9.0900e-02	-4.2599e-04	1.8387e-04	-3.9977e-04	-5.0956e-03	2.2300e-03	8.0980e-04
-5.9607e-03	6.6969e-04	6.2336e-04	4.6071e-02	-2.4292e-01	9.9764e-02	-8.3610e-05	-1.6810e-04	0.0000e+00	-7.5438e-03	5.1020e-03	8.8639e-03
-6.0919e-03	3.0251e-04	6.2336e-04	4.3447e-02	-2.6227e-01	1.2153e-01	-1.3120e-04	-3.6718e-04	0.0000e+00	-2.6245e-03	-1.9346e-02	2.1762e-02
-3.0307e-03	9.2803e-04	6.2336e-04	3.0514e-02	-2.3010e-01	1.3461e-01	3.0613e-03	6.2553e-04	0.0000e+00	-1.2932e-02	3.2170e-02	1.3088e-02
-3.8295e-03	8.1702e-04	6.2336e-04	4.3093e-02	-2.5403e-01	1.1121e-01	-7.9883e-04	-1.1102e-04	0.0000e+00	1.2579e-02	-2.3930e-02	-2.3401e-02
-4.6260e-03	6.4943e-04	6.2336e-04	3.0606e-02	-2.6208e-01	1.2735e-01	-7.9645e-04	-1.6759e-04	0.0000e+00	-1.2487e-02	-8.0530e-03	1.6135e-02
-1.7952e-03	3.7755e-04	1.4744e-04	2.3865e-02	-2.0062e-01	5.1815e-02	2.8308e-03	-2.7188e-04	-4.7592e-04	-6.7413e-03	6.1458e-02	-7.5533e-02
-1.7377e-03	2.5377e-04	1.9592e-05	3.1771e-02	-1.7979e-01	6.2320e-02	5.7440e-05	-1.2378e-04	-1.2784e-04	7.9061e-03	2.0835e-02	1.0506e-02
-2.0229e-03	3.7755e-04	-2.7103e-04	2.3611e-02	-2.0064e-01	8.3023e-02	-2.8516e-04	1.2378e-04	-2.9062e-04	-8.1600e-03	-2.0850e-02	2.0703e-02
-3.6472e-03	3.7755e-04	1.4744e-04	3.7115e-02	-2.4546e-01	1.1799e-01	-1.6243e-03	0.0000e+00	4.1847e-04	1.3504e-02	-4.4820e-02	3.4962e-02
-3.0455e-03	1.0947e-04	1.4744e-04	3.3080e-02	-2.3011e-01	9.7017e-02	6.0168e-04	-2.6808e-04	0.0000e+00	-4.0353e-03	1.5351e-02	-2.0968e-02
-4.0028e-03	3.7755e-04	4.8189e-04	2.7210e-02	-2.6569e-01	7.2095e-02	-9.5734e-04	2.6808e-04	3.3445e-04	-5.8696e-03	-3.5582e-02	-2.4922e-02
-2.5503e-03	3.2156e-04	1.4744e-04	2.8777e-02	-2.1099e-01	4.7195e-02	1.4525e-03	-5.5988e-05	-3.3445e-04	1.5669e-03	5.4694e-02	-2.4900e-02
-4.0688e-03	3.0281e-04	1.4744e-04	3.0831e-02	-2.6053e-01	8.2865e-02	-1.5184e-03	-1.8745e-05	0.0000e+00	2.0541e-03	-4.9539e-02	3.5670e-02
-4.4746e-03	3.0281e-04	1.4744e-04	3.2910e-02	-2.6749e-01	6.5240e-02	-4.0581e-04	0.0000e+00	0.0000e+00	2.0787e-03	-6.9610e-03	-1.7625e-02
-5.6853e-03	1.0586e-03	1.4744e-04	7.7203e-04	-2.7627e-01	6.8329e-02	-1.2107e-03	7.5576e-04	0.0000e+00	-3.2138e-02	-8.7780e-03	3.0885e-03
-7.0780e-03	1.5155e-03	2.5637e-04	-1.3483e-02	-3.2241e-01	9.4162e-02	-1.3927e-03	4.5696e-04	1.0894e-04	-1.4255e-02	-4.6139e-02	2.5833e-02
-7.1852e-03	1.7655e-03	2.3802e-04	-7.7368e-03	-3.2744e-01	9.6954e-02	-1.0722e-04	2.5000e-04	-1.8359e-05	5.7464e-03	-5.0290e-03	2.7921e-03
-7.1749e-03	2.0729e-03	8.0662e-04	-2.0127e-02	-3.4791e-01	1.7748e-01	1.0230e-05	3.0741e-04	5.6860e-04	-1.2390e-02	-2.0466e-02	8.0529e-02
-1.2409e-02	3.5344e-03	1.6340e-03	4.1356e-02	-4.6664e-01	5.6518e-01	-5.2344e-03	1.4614e-03	8.2739e-04	6.1483e-02	-1.1874e-01	3.8770e-01
-1.1743e-02	4.0684e-03	1.6358e-03	1.7611e-02	-4.2987e-01	3.6838e-01	6.6650e-04	5.3401e-04	1.7600e-06	-2.3745e-02	3.6778e-02	-1.9681e-01
-5.2267e-03	1.6654e-03	7.5326e-04	7.6256e-02	-3.0415e-01	2.3074e-02	6.5161e-03	-2.4029e-03	-8.8251e-04	5.8645e-02	1.2572e-01	-3.4530e-01
-2.7069e-03	1.5130e-03	9.6664e-04	6.3810e-02	-2.2169e-01	-1.9396e-02	2.5198e-03	-1.5243e-04	2.1338e-04	-1.2445e-02	8.2464e-02	-4.2470e-02
3.8798e-03	1.4773e-03	7.1532e-04	2.3204e-02	-1.4239e-01	-1.4273e-01	6.5867e-03	-3.5670e-05	-2.5132e-04	-4.0606e-02	7.9291e-02	-1.2334e-01
1.6957e-03	1.1208e-03	3.2030e-04	7.0526e-03	-1.6727e-01	-6.3817e-02	-2.1841e-03	-3.5656e-04	-3.9502e-04	-1.6151e-02	-2.4879e-02	7.8916e-02
1.8865e-04	1.0589e-03	2.5840e-04	2.3221e-03	-2.0910e-01	2.7624e-04	-1.5071e-03	-6.1900e-05	-6.1899e-05	-4.7305e-03	-4.1830e-02	6.4093e-02
3.0567e-04	1.1733e-03	4.0239e-04	-4.7202e-03	-1.9357e-01	-4.0657e-03	1.1702e-04	1.1442e-04	1.4399e-04	-7.0423e-03	1.5538e-02	-4.3420e-03
-8.6321e-04	9.4146e-04	1.4160e-04	-1.0003e-02	-2.3518e-01	1.8639e-02	-1.1689e-03	-2.3183e-04	-2.6079e-04	-5.2832e-03	-4.1618e-02	2.2705e-02
-1.0653e-03	9.4558e-04	1.9097e-04	-7.6796e-03	-2.3521e-01	2.4078e-02	-2.0210e-04	4.1240e-06	4.9364e-05	2.3238e-03	-2.5000e-05	5.4392e-03
-1.1632e-03	1.0436e-03	3.7948e-04	-7.8030e-03	-2.7420e-01	4.3963e-02	-9.7930e-05	9.8029e-05	1.8852e-04	-1.2342e-04	-3.8987e-02	1.9885e-02
-1.1993e-03	7.6475e-04	1.7680e-04	-5.6232e-03	-2.4782e-01	-2.1696e-02	-3.6060e-05	-2.7886e-04	-2.0269e-04	2.1798e-03	2.6375e-02	-6.5659e-02
-2.5658e-04	1.3548e-03	3.0971e-04	-1.8763e-02	-2.2349e-01	4.3670e-02	9.4272e-04	5.9007e-04	1.3291e-04	-1.3140e-02	2.4334e-02	6.5366e-02
-1.3829e-03	1.0882e-03	5.1890e-04	8.1569e-03	-2.4798e-01	-1.6621e-02	-1.1264e-03	-2.6661e-04	2.0919e-04	2.6920e-02	-2.4488e-02	-6.0291e-02
-1.7747e-03	9.0773e-04	7.1401e-04	1.7265e-02	-2.4803e-01	-2.9416e-02	-3.9174e-04	-1.8048e-04	1.9511e-04	9.1083e-03	-5.6000e-05	-1.2795e-02
-1.7256e-03	8.2064e-04	4.6651e-04	1.7371e-02	-2.4796e-01	-7.9845e-03	4.9100e-05	-8.7092e-05	-2.4750e-04	1.0620e-04	6.8000e-05	2.1431e-02
-2.3501e-03	6.5921e-04	5.6983e-04	1.7360e-02	-2.4806e-01	-7.9368e-03	-6.2452e-04	-1.6143e-04	1.0332e-04	-1.1700e-05	-9.5000e-05	4.7690e-05
-3.0397e-03	6.6101e-04	4.1925e-04	1.7408e-02	-2.5013e-01	-1.3711e-03	-6.8958e-04	1.7990e-06	-1.5058e-04	4.8400e-05	-2.0710e-03	6.5657e-03
-2.9723e-03	5.9627e-04	3.7048e-04	1.4312e-02	-2.5681e-01	-3.5013e-03	6.7440e-05	-6.4744e-05	-4.8773e-05	-3.0957e-03	-6.6760e-03	-2.1302e-03
-3.7236e-03	6.4455e-04	2.9747e-04	1.9884e-02	-2.6459e-01	2.0005e-03	-7.5131e-04	4.8287e-05	-7.3004e-05	5.5718e-03	-7.7800e-03	5.5018e-03
-5.3314e-03	6.0153e-04	2.7212e-04	1.7427e-02	-2.8762e-01	1.6698e-02	-1.6078e-03	-4.3021e-05	-2.5358e-05	-2.4570e-03	-2.3034e-02	1.4697e-02
-5.8709e-03	1.9401e-04	3.5520e-04	1.7441e-02	-3.0763e-01	4.0234e-03	-5.3956e-04	-4.0752e-04	8.3084e-05	1.3700e-05	-2.0010e-02	-1.2675e-02
-6.3179e-03	5.9286e-04	1.1212e-04	1.7490e-02	-3.0771e-01	1.5512e-03	-4.4699e-04	3.9884e-04	-2.4308e-04	4.9100e-05	-8.1000e-05	-2.4722e-03
-7.1690e-03	7.3882e-04	3.9389e-05	3.8075e-03	-3.1115e-01	9.5071e-04	-8.5106e-04	1.4596e-04	-7.2729e-05	-1.3682e-02	-3.4410e-03	-6.0048e-04
-6.5310e-03	8.8912e-04	3.8853e-04	1.2446e-02	-3.3476e-01	2.3701e-03	6.3801e-04	1.5030e-04	3.4914e-04	8.6390e-03	-2.3610e-02	1.4194e-03
-6.4784e-03	5.5338e-04	1.5575e-03	7.3021e-02	-3.6573e-01	8.0916e-02	5.2610e-05	-3.3575e-04	1.1690e-03	6.0575e-02	-3.0973e-02	7.8546e-02
-5.7461e-03	1.8345e-04	1.4463e-03	7.1506e-02	-3.3214e-01	-9.3372e-03	7.3228e-04	-3.6992e-04	-1.1127e-04	-1.5147e-03	3.3597e-02	-9.0253e-02
