-1.2486e-03	2.6248e-03	1.8940e-04	-3.3283e-02	4.4402e-01	-6.0251e-02	0.0000e+00	0.0000e+00	0.0000e+00	0.0000e+00	0.0000e+00	0.0000e+00
-1.5075e-03	2.1563e-03	3.7622e-04	-1.4022e-02	4.5579e-01	-3.1073e-02	-2.5887e-04	-4.6850e-04	1.8682e-04	1.9261e-02	1.1775e-02	2.9178e-02
-1.0587e-03	2.1563e-03	1.8940e-04	-2.2564e-02	4.1048e-01	-1.0335e-02	4.4874e-04	0.0000e+00	-1.8682e-04	-8.5411e-03	-4.5315e-02	2.0738e-02
-1.4146e-03	2.0695e-03	2.9668e-04	-2.1979e-02	4.5012e-01	-2.4331e-02	-3.5589e-04	-8.6810e-05	1.0728e-04	5.8450e-04	3.9646e-02	-1.3996e-02
-1.2147e-03	1.8213e-03	1.8940e-04	-2.3433e-02	4.2336e-01	1.8324e-04	1.9990e-04	-2.4820e-04	-1.0728e-04	-1.4543e-03	-2.6760e-02	2.4515e-02
-1.0587e-03	2.1563e-03	2.7446e-04	-2.5088e-02	4.4383e-01	-1.9595e-02	1.5599e-04	3.3501e-04	8.5065e-05	-1.6551e-03	2.0470e-02	-1.9779e-02
-1.0587e-03	2.1563e-03	1.8940e-04	-3.4383e-02	4.1245e-01	-1.1613e-02	0.0000e+00	0.0000e+00	-8.5065e-05	-9.2945e-03	-3.1388e-02	7.9829e-03
-1.0587e-03	2.1563e-03	2.4224e-04	-3.4370e-02	4.3408e-01	-2.7542e-02	0.0000e+00	0.0000e+00	5.2838e-05	1.3300e-05	2.1637e-02	-1.5929e-02
-1.1902e-03	2.2175e-03	1.8940e-04	-3.4372e-02	4.2415e-01	-4.1607e-02	-1.3147e-04	6.1140e-05	-5.2838e-05	-2.0000e-06	-9.9350e-03	-1.4065e-02
-1.0587e-03	1.9120e-03	1.8940e-04	-3.4410e-02	4.2979e-01	-5.0427e-02	1.3147e-04	-3.0543e-04	0.0000e+00	-3.8900e-05	5.6450e-03	-8.8203e-03
-1.3759e-03	2.1563e-03	1.8940e-04	-3.4383e-02	3.5658e-01	-1.7607e-02	-3.1717e-04	2.4429e-04	0.0000e+00	2.7600e-05	-7.3215e-02	3.2820e-02
-9.1835e-04	2.2672e-03	4.5354e-04	-2.5319e-02	3.9354e-01	-4.5876e-02	4.5756e-04	1.1084e-04	2.6415e-04	9.0636e-03	3.6963e-02	-2.8269e-02
-1.3477e-03	2.1563e-03	3.9077e-04	-2.8147e-02	3.9363e-01	-2.7488e-02	-4.2938e-04	-1.1084e-04	-6.2779e-05	-2.8273e-03	8.7000e-05	1.8388e-02
-8.7625e-04	2.1563e-03	1.8940e-04	-3.0396e-02	3.5971e-01	-2.2064e-02	4.7148e-04	0.0000e+00	-2.0137e-04	-2.2496e-03	-3.3918e-02	5.4242e-03
-1.2676e-03	2.1563e-03	4.8873e-04	-1.9705e-02	3.8943e-01	-1.9532e-02	-3.9138e-04	0.0000e+00	2.9933e-04	1.0691e-02	2.9724e-02	2.5321e-03
-9.8611e-04	1.6904e-03	1.8940e-04	-1.9835e-02	3.3272e-01	2.1546e-02	2.8152e-04	-4.6597e-04	-2.9933e-04	-1.2940e-04	-5.6714e-02	4.1078e-02
-9.1510e-04	2.3145e-03	4.4725e-04	-3.1566e-02	3.8046e-01	-9.0246e-03	7.1010e-05	6.2416e-04	2.5785e-04	-1.1732e-02	4.7739e-02	-3.0571e-02
-1.0369e-03	2.3145e-03	3.5263e-04	-2.8939e-02	3.5123e-01	-1.4024e-02	-1.2178e-04	0.0000e+00	-9.4615e-05	2.6275e-03	-2.9229e-02	-4.9997e-03
-1.2297e-03	2.4089e-03	5.9611e-04	-1.9730e-02	3.6857e-01	-2.4313e-02	-1.9281e-04	9.4400e-05	2.4348e-04	9.2095e-03	1.7346e-02	-1.0289e-02
-1.0785e-03	2.3145e-03	5.9611e-04	-1.9741e-02	3.0446e-01	4.7903e-03	1.5122e-04	-9.4400e-05	0.0000e+00	-1.1000e-05	-6.4116e-02	2.9104e-02
-1.2573e-03	2.3145e-03	6.9449e-04	-1.5274e-02	3.6000e-01	-1.3500e-02	-1.7886e-04	0.0000e+00	9.8377e-05	4.4662e-03	5.5537e-02	-1.8291e-02
-1.3191e-03	1.7228e-03	6.5321e-04	-3.3521e-03	3.0413e-01	1.4866e-02	-6.1800e-05	-5.9168e-04	-4.1277e-05	1.1922e-02	-5.5861e-02	2.8367e-02
-1.1014e-03	1.9818e-03	7.2168e-04	-2.5229e-02	3.2411e-01	4.7523e-03	2.1771e-04	2.5891e-04	6.8470e-05	-2.1877e-02	1.9979e-02	-1.0114e-02
-1.5069e-03	1.7228e-03	5.1724e-04	-9.2557e-03	3.2571e-01	1.4844e-02	-4.0552e-04	-2.5891e-04	-2.0445e-04	1.5974e-02	1.6000e-03	1.0092e-02
-1.1107e-03	1.7228e-03	5.9611e-04	-3.8344e-02	3.0416e-01	-3.0059e-02	3.9623e-04	0.0000e+00	7.8875e-05	-2.9088e-02	-2.1555e-02	-4.4904e-02
-1.4383e-03	1.7228e-03	5.9611e-04	-1.3836e-02	3.1880e-01	3.9243e-03	-3.2762e-04	0.0000e+00	0.0000e+00	2.4508e-02	1.4640e-02	3.3984e-02
-9.3883e-04	1.3674e-03	4.2568e-04	-1.6737e-02	2.9370e-01	2.2734e-02	4.9950e-04	-3.5548e-04	-1.7044e-04	-2.9012e-03	-2.5095e-02	1.8810e-02
-1.6773e-03	1.7228e-03	6.8081e-04	-1.6674e-02	3.1954e-01	1.9042e-02	-7.3850e-04	3.5548e-04	2.5514e-04	6.3000e-05	2.5840e-02	-3.6923e-03
-1.6121e-03	1.6595e-03	5.9611e-04	-1.6689e-02	2.5448e-01	2.2880e-02	6.5230e-05	-6.3300e-05	-8.4699e-05	-1.5400e-05	-6.5069e-02	3.8385e-03
-1.4947e-03	1.7228e-03	5.9611e-04	-1.6685e-02	3.1147e-01	-1.0715e-02	1.1736e-04	6.3300e-05	0.0000e+00	5.0000e-06	5.6997e-02	-3.3595e-02
-1.4015e-03	1.7228e-03	4.1912e-04	-2.2860e-02	2.6165e-01	-1.0738e-02	9.3230e-05	0.0000e+00	-1.7699e-04	-6.1750e-03	-4.9825e-02	-2.3500e-05
-1.1584e-03	1.7228e-03	3.7026e-04	-1.6710e-02	2.9939e-01	-4.4073e-03	2.4316e-04	0.0000e+00	-4.8857e-05	6.1495e-03	3.7738e-02	6.3310e-03
-1.4601e-03	1.7228e-03	4.4282e-04	-1.6702e-02	2.4364e-01	8.0607e-03	-3.0172e-04	0.0000e+00	7.2552e-05	8.5000e-06	-5.5747e-02	1.2468e-02
-1.0126e-03	1.7228e-03	5.9611e-04	-1.6685e-02	2.8399e-01	-9.8396e-03	4.4745e-04	0.0000e+00	1.5330e-04	1.7000e-05	4.0350e-02	-1.7900e-02
-1.3670e-03	1.5194e-03	5.9611e-04	2.8228e-03	2.7245e-01	8.0434e-03	-3.5440e-04	-2.0347e-04	0.0000e+00	1.9507e-02	-1.1536e-02	1.7883e-02
-7.7438e-04	1.2480e-03	4.8005e-04	-4.3087e-03	2.6630e-01	1.4235e-02	5.9264e-04	-2.7140e-04	-1.1606e-04	-7.1315e-03	-6.1520e-03	6.1911e-03
-1.4190e-03	1.3754e-03	5.1684e-04	-1.3695e-02	2.6630e-01	-1.7916e-03	-6.4460e-04	1.2739e-04	3.6790e-05	-9.3864e-03	1.0000e-06	-1.6026e-02
-7.6161e-04	1.4319e-03	4.3306e-04	-1.3709e-02	2.5486e-01	2.4156e-04	6.5737e-04	5.6590e-05	-8.3785e-05	-1.3800e-05	-1.1439e-02	2.0332e-03
-1.1420e-03	1.7228e-03	5.9611e-04	-1.3662e-02	2.8207e-01	3.9160e-03	-3.8044e-04	2.9089e-04	1.6306e-04	4.7300e-05	2.7211e-02	3.6744e-03
-1.0402e-03	1.3968e-03	5.9611e-04	-1.3692e-02	2.3342e-01	6.4608e-03	1.0187e-04	-3.2603e-04	0.0000e+00	-3.0000e-05	-4.8657e-02	2.5448e-03
-1.0300e-03	1.2120e-03	5.9611e-04	-1.3680e-02	2.7158e-01	-8.6838e-03	1.0220e-05	-1.8477e-04	0.0000e+00	1.1500e-05	3.8161e-02	-1.5145e-02
-1.1161e-03	1.2421e-03	5.9611e-04	-1.3648e-02	1.9298e-01	1.1138e-02	-8.6170e-05	3.0070e-05	0.0000e+00	3.1700e-05	-7.8597e-02	1.9822e-02
-1.1161e-03	1.4931e-03	7.2371e-04	-5.7209e-03	2.6478e-01	-1.6438e-02	0.0000e+00	2.5104e-04	1.2760e-04	7.9275e-03	7.1800e-02	-2.7576e-02
-1.4911e-03	1.1954e-03	7.0228e-04	3.7151e-03	2.4704e-01	9.8486e-03	-3.7498e-04	-2.9779e-04	-2.1425e-05	9.4359e-03	-1.7737e-02	2.6286e-02
-7.7270e-04	1.2306e-03	6.5748e-04	3.7029e-03	2.3175e-01	-1.0928e-03	7.1841e-04	3.5230e-05	-4.4803e-05	-1.2150e-05	-1.5292e-02	-1.0941e-02
-1.2849e-03	1.3405e-03	5.9611e-04	3.6992e-03	2.3318e-01	4.5762e-03	-5.1220e-04	1.0990e-04	-6.1369e-05	-3.7200e-06	1.4250e-03	5.6690e-03
-9.8588e-04	1.2077e-03	5.9611e-04	-1.4102e-02	2.2237e-01	-8.6858e-03	2.9902e-04	-1.3278e-04	0.0000e+00	-1.7801e-02	-1.0806e-02	-1.3262e-02
-1.1887e-03	1.2650e-03	5.9611e-04	3.7264e-03	2.2550e-01	-4.7530e-04	-2.0279e-04	5.7270e-05	0.0000e+00	1.7828e-02	3.1260e-03	8.2105e-03
-1.1250e-03	8.2582e-04	5.9611e-04	3.6865e-03	1.7853e-01	9.7316e-03	6.3670e-05	-4.3915e-04	0.0000e+00	-3.9880e-05	-4.6967e-02	1.0207e-02
-1.0282e-03	1.0933e-03	5.9611e-04	3.7052e-03	2.3343e-01	-2.6047e-02	9.6760e-05	2.6750e-04	0.0000e+00	1.8670e-05	5.4898e-02	-3.5779e-02
-1.1148e-03	9.6716e-04	6.8355e-04	1.3759e-02	1.9001e-01	1.0561e-02	-8.6610e-05	-1.2616e-04	8.7442e-05	1.0053e-02	-4.3419e-02	3.6608e-02
-5.3863e-04	8.2582e-04	5.9611e-04	4.3259e-03	1.8999e-01	-1.1460e-02	5.7622e-04	-1.4133e-04	-8.7442e-05	-9.4327e-03	-2.0000e-05	-2.2021e-02
-1.0289e-03	1.1397e-03	5.9611e-04	4.3468e-03	2.1010e-01	-2.1917e-02	-4.9029e-04	3.1392e-04	0.0000e+00	2.0900e-05	2.0114e-02	-1.0457e-02
-8.5167e-04	1.0942e-03	5.9611e-04	4.3476e-03	1.6284e-01	1.0465e-02	1.7725e-04	-4.5540e-05	0.0000e+00	8.4000e-07	-4.7262e-02	3.2382e-02
-8.5167e-04	1.1995e-03	5.9611e-04	-1.7727e-02	2.1595e-01	-3.1193e-02	0.0000e+00	1.0531e-04	0.0000e+00	-2.2075e-02	5.3111e-02	-4.1658e-02
-1.2651e-03	9.5137e-04	8.0745e-04	-1.7324e-03	1.6029e-01	-3.1131e-02	-4.1343e-04	-2.4814e-04	2.1133e-04	1.5995e-02	-5.5666e-02	6.2300e-05
-7.4906e-04	9.7899e-04	9.9822e-04	-1.7107e-03	1.9019e-01	-4.8327e-02	5.1604e-04	2.7616e-05	1.9077e-04	2.1680e-05	2.9905e-02	-1.7196e-02
-1.0953e-03	8.2582e-04	9.6308e-04	-1.7245e-03	1.7172e-01	-5.2122e-03	-3.4620e-04	-1.5316e-04	-3.5135e-05	-1.3780e-05	-1.8466e-02	4.3115e-02
-7.0980e-04	8.8393e-04	5.9252e-04	-1.8908e-02	1.5376e-01	-7.5698e-03	3.8546e-04	5.8107e-05	-3.7056e-04	-1.7183e-02	-1.7964e-02	-2.3575e-03
-1.1668e-03	1.1071e-03	7.5444e-04	-1.2155e-02	1.6535e-01	-2.5535e-02	-4.5696e-04	2.2319e-04	1.6191e-04	6.7524e-03	1.1588e-02	-1.7966e-02
-7.8820e-04	9.7052e-04	4.6897e-04	-1.8908e-02	1.2550e-01	6.6230e-03	3.7856e-04	-1.3660e-04	-2.8547e-04	-6.7523e-03	-3.9848e-02	3.2158e-02
-1.0479e-03	7.6661e-04	5.9252e-04	-1.8902e-02	1.5971e-01	-1.6233e-02	-2.5974e-04	-2.0391e-04	1.2356e-04	5.6000e-06	3.4210e-02	-2.2856e-02
-9.8179e-04	7.1948e-04	5.9252e-04	-5.6849e-04	1.4476e-01	-2.2169e-02	6.6149e-05	-4.7129e-05	0.0000e+00	1.8334e-02	-1.4953e-02	-5.9359e-03
-6.8888e-04	6.5806e-04	5.2365e-04	-6.0758e-04	1.5500e-01	-2.2170e-02	2.9291e-04	-6.1422e-05	-6.8874e-05	-3.9094e-05	1.0242e-02	-6.0000e-07
-8.8361e-04	5.3906e-04	5.9252e-04	4.7956e-03	1.2907e-01	2.7923e-02	-1.9473e-04	-1.1900e-04	6.8874e-05	5.4032e-03	-2.5929e-02	5.0093e-02
-2.9464e-04	2.7788e-04	3.4446e-04	-9.8874e-03	1.4118e-01	-8.3063e-03	5.8897e-04	-2.6118e-04	-2.4806e-04	-1.4683e-02	1.2114e-02	-3.6229e-02
-9.4355e-04	2.6609e-04	5.9252e-04	1.1665e-02	1.1992e-01	-4.1617e-03	-6.4890e-04	-1.1791e-05	2.4806e-04	2.1552e-02	-2.1260e-02	4.1447e-03
-2.8324e-04	3.2121e-23	5.9252e-04	-6.1231e-04	1.0870e-01	-2.2865e-02	6.6031e-04	-2.6609e-04	0.0000e+00	-1.2277e-02	-1.1220e-02	-1.8703e-02
-5.7638e-04	3.5937e-04	5.9252e-04	-5.8507e-04	1.3596e-01	-2.8756e-02	-2.9314e-04	3.5937e-04	0.0000e+00	2.7236e-05	2.7260e-02	-5.8906e-03
-3.1346e-04	2.1754e-04	5.9252e-04	-6.0014e-04	1.0486e-01	-1.4506e-02	2.6291e-04	-1.4183e-04	0.0000e+00	-1.5067e-05	-3.1099e-02	1.4250e-02
-5.9986e-04	-0.0000e+00	5.9252e-04	-6.1231e-04	1.3085e-01	-6.8340e-02	-2.8640e-04	-2.1754e-04	0.0000e+00	-1.2169e-05	2.5983e-02	-5.3834e-02
-6.0544e-04	-0.0000e+00	5.9252e-04	5.4445e-03	7.6544e-02	-4.1938e-03	-5.5840e-06	0.0000e+00	0.0000e+00	6.0568e-03	-5.4304e-02	6.4146e-02
-2.4977e-04	1.3768e-04	5.9252e-04	-6.1205e-04	1.0323e-01	-1.4726e-02	3.5567e-04	1.3768e-04	0.0000e+00	-6.0566e-03	2.6688e-02	-1.0532e-02
-8.0833e-04	3.4033e-04	5.9252e-04	-6.0041e-04	8.2983e-02	-1.4659e-02	-5.5856e-04	2.0265e-04	0.0000e+00	1.1646e-05	-2.0249e-02	6.6500e-05
-1.5076e-04	4.1230e-04	5.9252e-04	-5.9016e-04	9.0210e-02	-1.4701e-02	6.5757e-04	7.1968e-05	0.0000e+00	1.0246e-05	7.2265e-03	-4.1600e-05
-5.8278e-04	4.0549e-04	5.9252e-04	1.4314e-02	9.7861e-02	-8.0994e-03	-4.3202e-04	-6.8130e-06	0.0000e+00	1.4904e-02	7.6512e-03	6.6016e-03
-3.9395e-04	2.4347e-04	4.4216e-04	-6.1563e-04	7.7783e-02	-1.9404e-02	1.8882e-04	-1.6201e-04	-1.5036e-04	-1.4930e-02	-2.0078e-02	-1.1304e-02
-3.3905e-04	1.5751e-04	5.9252e-04	7.2894e-03	9.4994e-02	-1.0850e-02	5.4907e-05	-8.5959e-05	1.5036e-04	7.9051e-03	1.7211e-02	8.5541e-03
-3.7880e-04	-3.2121e-23	5.9252e-04	9.4006e-03	7.6041e-02	-2.6855e-02	-3.9749e-05	-1.5751e-04	0.0000e+00	2.1112e-03	-1.8953e-02	-1.6006e-02
-6.9149e-04	1.8946e-04	5.9252e-04	1.5149e-02	7.1176e-02	-7.5002e-04	-3.1269e-04	1.8946e-04	0.0000e+00	5.7487e-03	-4.8656e-03	2.6105e-02
-2.3421e-04	-0.0000e+00	5.9252e-04	8.8582e-03	1.6636e-02	5.2799e-03	4.5728e-04	-1.8946e-04	0.0000e+00	-6.2911e-03	-5.4539e-02	6.0299e-03
-5.0851e-04	2.8395e-04	5.9252e-04	7.6536e-03	7.2681e-02	-2.3239e-02	-2.7430e-04	2.8395e-04	0.0000e+00	-1.2046e-03	5.6045e-02	-2.8519e-02
-5.0851e-04	-4.6749e-23	4.3118e-04	-6.2557e-04	3.9181e-02	6.4445e-03	0.0000e+00	-2.8395e-04	-1.6134e-04	-8.2792e-03	-3.3500e-02	2.9683e-02
-8.0215e-05	2.0417e-04	5.9252e-04	-6.2269e-04	6.6274e-02	6.4241e-03	4.2829e-04	2.0417e-04	1.6134e-04	2.8830e-06	2.7093e-02	-2.0390e-05
-7.0683e-04	-0.0000e+00	5.9252e-04	1.5353e-02	3.1028e-02	-1.9107e-04	-6.2661e-04	-2.0417e-04	0.0000e+00	1.5975e-02	-3.5246e-02	-6.6152e-03
-4.6338e-04	1.4096e-04	5.9252e-04	6.7919e-03	3.1057e-02	-2.3652e-02	2.4344e-04	1.4096e-04	0.0000e+00	-8.5609e-03	2.8900e-05	-2.3461e-02
-9.8654e-04	-0.0000e+00	5.9252e-04	7.2764e-03	2.8382e-02	2.3868e-02	-5.2316e-04	-1.4096e-04	0.0000e+00	4.8453e-04	-2.6748e-03	4.7520e-02
5.0762e-05	-0.0000e+00	5.9252e-04	-6.1231e-04	1.4903e-02	7.8147e-03	1.0373e-03	0.0000e+00	0.0000e+00	-7.8887e-03	-1.3479e-02	-1.6053e-02
-7.2064e-04	1.9981e-04	4.7502e-04	9.0395e-03	3.1094e-02	4.1548e-02	-7.7140e-04	1.9981e-04	-1.1750e-04	9.6518e-03	1.6191e-02	3.3733e-02
-2.8917e-04	-0.0000e+00	0.0000e+00	0.0000e+00	-2.3564e-02	4.5730e-02	4.3147e-04	-1.9981e-04	-4.7502e-04	-9.0395e-03	-5.4659e-02	4.1816e-03
-4.4250e-04	5.2791e-05	1.5100e-04	7.0792e-03	3.6700e-02	1.0980e-02	-1.5332e-04	5.2791e-05	1.5100e-04	7.0792e-03	6.0265e-02	-3.4750e-02
-4.9895e-04	-0.0000e+00	-2.0542e-04	-2.0305e-06	-3.2410e-02	3.6922e-02	-5.6455e-05	-5.2791e-05	-3.5642e-04	-7.0813e-03	-6.9110e-02	2.5942e-02
6.6118e-05	-7.2129e-05	0.0000e+00	-1.0538e-06	1.5610e-02	1.3405e-02	5.6507e-04	-7.2129e-05	2.0542e-04	9.7669e-07	4.8020e-02	-2.3516e-02
-4.0600e-04	-2.8231e-04	0.0000e+00	5.8108e-03	-2.1139e-02	3.3793e-02	-4.7211e-04	-2.1018e-04	0.0000e+00	5.8118e-03	-3.6749e-02	2.0388e-02
3.1030e-05	-1.7029e-04	0.0000e+00	6.5282e-06	-2.1138e-02	2.3465e-03	4.3703e-04	1.1202e-04	0.0000e+00	-5.8042e-03	1.5000e-06	-3.1447e-02
-2.1636e-04	-0.0000e+00	1.0639e-04	-1.8995e-06	-7.9902e-03	2.2868e-02	-2.4739e-04	1.7029e-04	1.0639e-04	-8.4277e-06	1.3147e-02	2.0522e-02
1.6407e-04	-0.0000e+00	-2.7224e-04	-6.8415e-03	-5.3430e-02	2.2880e-02	3.8043e-04	0.0000e+00	-3.7863e-04	-6.8396e-03	-4.5439e-02	1.1400e-05
0.0000e+00	-0.0000e+00	0.0000e+00	0.0000e+00	0.0000e+00	0.0000e+00	-1.6407e-04	0.0000e+00	2.7224e-04	6.8415e-03	5.3430e-02	-2.2880e-02
-4.1845e-04	-0.0000e+00	0.0000e+00	0.0000e+00	-4.8098e-02	5.2205e-02	-4.1845e-04	0.0000e+00	0.0000e+00	0.0000e+00	-4.8098e-02	5.2205e-02
-1.2934e-04	-2.1447e-04	-2.5089e-04	5.3172e-06	-3.3856e-02	1.7928e-02	2.8911e-04	-2.1447e-04	-2.5089e-04	5.3172e-06	1.4242e-02	-3.4277e-02
-2.2546e-04	-4.0187e-04	0.0000e+00	1.3500e-05	-2.6829e-02	1.2507e-02	-9.6123e-05	-1.8739e-04	2.5089e-04	8.1828e-06	7.0269e-03	-5.4209e-03
1.5858e-04	-4.1999e-04	-3.0666e-04	1.6381e-05	-4.8052e-02	1.2501e-02	3.8404e-04	-1.8124e-05	-3.0666e-04	2.8812e-06	-2.1224e-02	-6.2000e-06
-9.7377e-06	-1.7878e-04	2.0679e-25	2.2968e-02	-4.8099e-02	2.7606e-02	-1.6831e-04	2.4121e-04	3.0666e-04	2.2951e-02	-4.6900e-05	1.5105e-02
5.0913e-05	-4.0260e-04	-2.3575e-04	1.8454e-02	-9.6298e-02	4.1849e-02	6.0651e-05	-2.2382e-04	-2.3575e-04	-4.5136e-03	-4.8199e-02	1.4244e-02
-5.6233e-05	-4.0260e-04	0.0000e+00	2.2969e-02	-3.8978e-02	-2.7456e-03	-1.0715e-04	0.0000e+00	2.3575e-04	4.5144e-03	5.7320e-02	-4.4595e-02
-4.0669e-04	-4.0260e-04	0.0000e+00	6.4068e-03	-7.3364e-02	3.0981e-02	-3.5045e-04	0.0000e+00	0.0000e+00	-1.6562e-02	-3.4386e-02	3.3727e-02
1.3259e-04	-1.1311e-04	0.0000e+00	6.4024e-03	-7.3355e-02	1.0918e-02	5.3927e-04	2.8950e-04	0.0000e+00	-4.4500e-06	9.5000e-06	-2.0064e-02
1.7067e-04	-4.0260e-04	0.0000e+00	6.4068e-03	-5.0391e-02	3.8787e-02	3.8078e-05	-2.8950e-04	0.0000e+00	4.4500e-06	2.2963e-02	2.7870e-02
1.8500e-06	-2.4893e-04	-3.0103e-04	6.4264e-03	-7.3349e-02	3.1008e-02	-1.6882e-04	1.5367e-04	-3.0103e-04	1.9600e-05	-2.2958e-02	-7.7792e-03
1.7067e-04	-1.3783e-04	0.0000e+00	1.5709e-02	-7.3366e-02	2.4974e-03	1.6882e-04	1.1110e-04	3.0103e-04	9.2824e-03	-1.6800e-05	-2.8511e-02
-2.3731e-04	-4.0260e-04	-3.4313e-04	9.1202e-03	-1.2156e-01	1.3565e-02	-4.0798e-04	-2.6477e-04	-3.4313e-04	-6.5886e-03	-4.8193e-02	1.1068e-02
1.7067e-04	-4.0260e-04	0.0000e+00	6.4068e-03	-7.4491e-02	-6.2742e-03	4.0798e-04	0.0000e+00	3.4313e-04	-2.7133e-03	4.7068e-02	-1.9840e-02
-2.7712e-04	-1.1937e-04	-3.1801e-04	1.8831e-02	-1.1637e-01	4.8661e-02	-4.4779e-04	2.8323e-04	-3.1801e-04	1.2425e-02	-4.1875e-02	5.4936e-02
1.7067e-04	-2.9225e-04	-3.1287e-04	6.4414e-03	-1.1908e-01	2.0618e-02	4.4779e-04	-1.7288e-04	5.1450e-06	-1.2390e-02	-2.7160e-03	-2.8044e-02
-2.9171e-04	-4.0260e-04	-1.5680e-04	1.3318e-02	-1.0675e-01	2.5600e-02	-4.6238e-04	-1.1035e-04	1.5606e-04	6.8763e-03	1.2328e-02	4.9823e-03
1.7067e-04	-4.0260e-04	-4.0773e-04	6.4542e-03	-1.5016e-01	3.2709e-02	4.6238e-04	0.0000e+00	-2.5093e-04	-6.8635e-03	-4.3401e-02	7.1088e-03
3.2688e-05	-4.0260e-04	-4.0257e-04	9.7359e-03	-1.1629e-01	1.2480e-02	-1.3798e-04	0.0000e+00	5.1640e-06	3.2817e-03	3.3863e-02	-2.0229e-02
2.1896e-04	-4.0260e-04	-5.3243e-04	1.6102e-02	-1.3511e-01	1.6616e-02	1.8627e-04	0.0000e+00	-1.2986e-04	6.3660e-03	-1.8813e-02	4.1365e-03
2.1896e-04	-4.0260e-04	0.0000e+00	2.0842e-02	-1.1688e-01	1.6271e-02	0.0000e+00	0.0000e+00	5.3243e-04	4.7400e-03	1.8227e-02	-3.4580e-04
-6.9257e-05	-3.2375e-04	0.0000e+00	1.6199e-02	-1.8331e-01	5.1059e-02	-2.8821e-04	7.8857e-05	0.0000e+00	-4.6431e-03	-6.6428e-02	3.4789e-02
4.6896e-04	-2.4217e-04	0.0000e+00	3.0545e-02	-1.2067e-01	-3.2444e-03	5.3821e-04	8.1575e-05	0.0000e+00	1.4346e-02	6.2639e-02	-5.4304e-02
-3.6950e-04	-3.1444e-04	-7.4270e-05	3.0548e-02	-1.4050e-01	9.5718e-03	-8.3846e-04	-7.2270e-05	-7.4270e-05	2.7000e-06	-1.9832e-02	1.2816e-02
1.7105e-04	-4.8755e-04	-3.1685e-04	1.1493e-02	-1.8666e-01	3.4607e-02	5.4055e-04	-1.7311e-04	-2.4258e-04	-1.9055e-02	-4.6161e-02	2.5035e-02
2.5466e-04	-6.1797e-05	0.0000e+00	1.6389e-02	-1.2770e-01	2.6453e-03	8.3617e-05	4.2575e-04	3.1685e-04	4.8967e-03	5.8964e-02	-3.1961e-02
-2.1630e-04	-2.8323e-04	-2.2685e-04	1.4200e-02	-1.7790e-01	2.4721e-02	-4.7096e-04	-2.2144e-04	-2.2685e-04	-2.1892e-03	-5.0205e-02	2.2076e-02
-1.3050e-04	-4.0260e-04	0.0000e+00	1.4187e-02	-1.5291e-01	-1.3125e-02	8.5799e-05	-1.1937e-04	2.2685e-04	-1.3600e-05	2.4988e-02	-3.7846e-02
-5.5220e-04	-4.0260e-04	0.0000e+00	2.5655e-02	-2.0322e-01	5.6953e-02	-4.2169e-04	0.0000e+00	0.0000e+00	1.1468e-02	-5.0311e-02	7.0078e-02
-9.4285e-05	-4.0260e-04	0.0000e+00	1.4187e-02	-2.0322e-01	-2.4327e-03	4.5791e-04	0.0000e+00	0.0000e+00	-1.1468e-02	9.0000e-06	-5.9386e-02
-1.1206e-04	-1.6717e-04	0.0000e+00	1.2091e-02	-1.6123e-01	1.4495e-02	-1.7771e-05	2.3543e-04	0.0000e+00	-2.0951e-03	4.1985e-02	1.6928e-02
-1.9316e-04	-3.5149e-04	-2.4880e-04	1.4215e-02	-2.1324e-01	3.6610e-02	-8.1101e-05	-1.8432e-04	-2.4880e-04	2.1237e-03	-5.2006e-02	2.2115e-02
-3.3852e-05	-4.0260e-04	-1.3349e-04	2.0677e-02	-1.8063e-01	1.3664e-02	1.5931e-04	-5.1110e-05	1.1531e-04	6.4616e-03	3.2610e-02	-2.2947e-02
-3.3852e-05	-4.0260e-04	-3.9211e-04	9.6350e-03	-1.9821e-01	1.1516e-02	0.0000e+00	0.0000e+00	-2.5861e-04	-1.1042e-02	-1.7581e-02	-2.1475e-03
-3.3852e-05	-4.0260e-04	-1.5544e-04	1.4204e-02	-1.8880e-01	-2.8488e-03	0.0000e+00	0.0000e+00	2.3667e-04	4.5690e-03	9.4040e-03	-1.4365e-02
-1.8392e-04	-4.0260e-04	0.0000e+00	1.4187e-02	-2.1324e-01	4.6860e-02	-1.5007e-04	0.0000e+00	1.5544e-04	-1.7400e-05	-2.4440e-02	4.9709e-02
3.3159e-04	-4.0260e-04	0.0000e+00	1.4187e-02	-2.1322e-01	8.9217e-03	5.1551e-04	0.0000e+00	0.0000e+00	0.0000e+00	2.2000e-05	-3.7939e-02
-2.0320e-04	-6.3248e-04	-2.2872e-04	1.4226e-02	-2.1328e-01	2.2934e-02	-5.3479e-04	-2.2987e-04	-2.2872e-04	3.8900e-05	-6.3000e-05	1.4012e-02
7.7388e-05	-8.8009e-04	-4.2266e-04	1.4250e-02	-2.4199e-01	2.5632e-02	2.8059e-04	-2.4762e-04	-1.9394e-04	2.4500e-05	-2.8705e-02	2.6981e-03
6.4701e-05	-4.0260e-04	-2.5417e-04	1.4219e-02	-2.0689e-01	2.2977e-02	-1.2687e-05	4.7749e-04	1.6849e-04	-3.1100e-05	3.5095e-02	-2.6552e-03
9.5267e-05	-4.0260e-04	-4.0667e-04	1.4263e-02	-2.6381e-01	2.2969e-02	3.0566e-05	0.0000e+00	-1.5250e-04	4.4400e-05	-5.6911e-02	-7.7000e-06
2.8371e-04	-5.4591e-04	-3.4786e-04	1.4258e-02	-2.1608e-01	5.5823e-03	1.8845e-04	-1.4331e-04	5.8811e-05	-5.1000e-06	4.7727e-02	-1.7387e-02
9.9779e-05	-5.6669e-04	-5.3672e-04	1.4282e-02	-2.3618e-01	-5.2910e-03	-1.8394e-04	-2.0778e-05	-1.8886e-04	2.3500e-05	-2.0105e-02	-1.0873e-02
3.5343e-04	-8.9162e-04	-4.0667e-04	-2.7607e-03	-2.2167e-01	-5.2792e-03	2.5365e-04	-3.2494e-04	1.3005e-04	-1.7042e-02	1.4517e-02	1.1810e-05
2.8371e-04	-8.4291e-04	-4.0667e-04	-2.7493e-03	-2.7115e-01	3.1781e-02	-6.9713e-05	4.8713e-05	0.0000e+00	1.1420e-05	-4.9486e-02	3.7060e-02
2.8371e-04	-4.0260e-04	-3.3609e-04	-2.7987e-03	-2.5404e-01	3.8631e-03	0.0000e+00	4.4031e-04	7.0582e-05	-4.9460e-05	1.7115e-02	-2.7918e-02
1.5036e-04	-4.0260e-04	-3.3866e-04	6.8600e-03	-2.7116e-01	3.7848e-02	-1.3336e-04	0.0000e+00	-2.5680e-06	9.6588e-03	-1.7127e-02	3.3985e-02
5.1439e-04	-4.0260e-04	-4.0667e-04	3.1024e-03	-2.7114e-01	4.5824e-03	3.6403e-04	0.0000e+00	-6.8014e-05	-3.7576e-03	2.4000e-05	-3.3266e-02
9.3708e-05	-4.0260e-04	-2.1609e-04	6.7517e-03	-2.6372e-01	-5.2180e-03	-4.2068e-04	0.0000e+00	1.9058e-04	3.6493e-03	7.4180e-03	-9.8004e-03
1.4514e-04	-4.0260e-04	-4.0667e-04	6.3515e-03	-3.1111e-01	1.4210e-02	5.1435e-05	0.0000e+00	-1.9058e-04	-4.0020e-04	-4.7392e-02	1.9428e-02
4.7261e-04	-5.6634e-04	-4.0667e-04	5.0481e-03	-2.6408e-01	7.8116e-04	3.2747e-04	-1.6374e-04	0.0000e+00	-1.3034e-03	4.7036e-02	-1.3429e-02
3.6039e-05	-6.0229e-04	-4.0667e-04	2.0609e-02	-2.8121e-01	3.1091e-02	-4.3657e-04	-3.5954e-05	0.0000e+00	1.5561e-02	-1.7128e-02	3.0310e-02
6.3175e-04	-5.4863e-04	-2.7622e-04	1.1789e-02	-3.0429e-01	-2.1383e-03	5.9571e-04	5.3664e-05	1.3045e-04	-8.8204e-03	-2.3085e-02	-3.3229e-02
1.1645e-04	-4.0260e-04	-3.1701e-04	1.0604e-02	-2.8823e-01	1.3777e-02	-5.1530e-04	1.4603e-04	-4.0788e-05	-1.1845e-03	1.6065e-02	1.5916e-02
4.5804e-04	-7.6585e-04	-4.0667e-04	2.8303e-03	-3.1427e-01	-1.6115e-03	3.4159e-04	-3.6325e-04	-8.9660e-05	-7.7741e-03	-2.6045e-02	-1.5389e-02
3.9765e-04	-4.0260e-04	-2.6868e-04	1.6209e-02	-2.8454e-01	3.4299e-03	-6.0393e-05	3.6325e-04	1.3799e-04	1.3378e-02	2.9733e-02	5.0414e-03
3.7156e-04	-5.1873e-04	-4.0667e-04	8.0387e-04	-3.3048e-01	5.4532e-03	-2.6082e-05	-1.1612e-04	-1.3799e-04	-1.5405e-02	-4.5939e-02	2.0232e-03
4.9972e-04	-5.6089e-04	-1.8271e-04	2.9908e-02	-2.9535e-01	-1.8161e-02	1.2816e-04	-4.2167e-05	2.2396e-04	2.9105e-02	3.5129e-02	-2.3614e-02
3.5998e-04	-6.1711e-04	-4.0667e-04	1.8083e-02	-3.2779e-01	-4.2414e-03	-1.3974e-04	-5.6215e-05	-2.2396e-04	-1.1826e-02	-3.2443e-02	1.3919e-02
5.4777e-04	-6.9978e-04	-1.3663e-04	1.7389e-02	-3.0556e-01	-2.8342e-02	1.8779e-04	-8.2666e-05	2.7004e-04	-6.9390e-04	2.2229e-02	-2.4100e-02
1.3432e-04	-6.1073e-04	-6.2469e-05	3.7929e-02	-3.3917e-01	2.3259e-02	-4.1346e-04	8.9048e-05	7.4159e-05	2.0541e-02	-3.3609e-02	5.1600e-02
5.9213e-04	-4.9598e-04	1.1473e-04	2.0197e-02	-3.2285e-01	-1.8647e-02	4.5781e-04	1.1475e-04	1.7720e-04	-1.7732e-02	1.6323e-02	-4.1906e-02
4.5429e-04	-6.3630e-04	8.2754e-05	3.0133e-02	-3.2211e-01	-4.6378e-03	-1.3784e-04	-1.4032e-04	-3.1978e-05	9.9354e-03	7.4200e-04	1.4010e-02
4.5429e-04	-6.9908e-04	-2.1399e-04	2.3690e-02	-3.6681e-01	4.1610e-03	0.0000e+00	-6.2786e-05	-2.9674e-04	-6.4424e-03	-4.4703e-02	8.7988e-03
5.5933e-04	-5.3551e-04	3.3999e-05	3.4656e-02	-3.3252e-01	-8.7750e-03	1.0504e-04	1.6358e-04	2.4799e-04	1.0965e-02	3.4294e-02	-1.2936e-02
5.1465e-04	-8.3521e-04	1.1472e-05	2.1149e-02	-3.7066e-01	7.8030e-03	-4.4679e-05	-2.9970e-04	-2.2527e-05	-1.3506e-02	-3.8142e-02	1.6578e-02
7.7782e-04	-6.8247e-04	1.6246e-04	2.9280e-02	-3.4613e-01	-1.8970e-02	2.6317e-04	1.5273e-04	1.5099e-04	8.1306e-03	2.4528e-02	-2.6773e-02
6.1610e-04	-8.3521e-04	-2.5403e-04	2.1202e-02	-3.7060e-01	-2.5585e-02	-1.6172e-04	-1.5273e-04	-4.1650e-04	-8.0776e-03	-2.4472e-02	-6.6150e-03
6.7049e-04	-4.3567e-04	-6.6638e-06	2.1175e-02	-3.5742e-01	-3.6823e-02	5.4387e-05	3.9954e-04	2.4737e-04	-2.6800e-05	1.3183e-02	-1.1237e-02
2.3281e-04	-4.4772e-04	-1.0639e-04	2.1177e-02	-3.9026e-01	1.6557e-03	-4.3768e-04	-1.2047e-05	-9.9722e-05	1.1000e-06	-3.2844e-02	3.8478e-02
8.1601e-04	-4.7953e-04	1.9367e-05	2.1151e-02	-3.7051e-01	-9.2020e-03	5.8320e-04	-3.1815e-05	1.2575e-04	-2.5900e-05	1.9751e-02	-1.0858e-02
3.9413e-04	-5.1861e-04	4.6404e-05	2.1132e-02	-3.9029e-01	-8.7701e-04	-4.2187e-04	-3.9075e-05	2.7038e-05	-1.9000e-05	-1.9779e-02	8.3250e-03
9.2867e-04	-6.7764e-04	-2.6239e-04	1.6399e-02	-4.0197e-01	-9.1728e-03	5.3454e-04	-1.5903e-04	-3.0879e-04	-4.7325e-03	-1.1681e-02	-8.2958e-03
5.3689e-04	-2.3263e-04	-6.3413e-05	2.1144e-02	-3.7094e-01	-9.2294e-03	-3.9178e-04	4.4501e-04	1.9897e-04	4.7448e-03	3.1034e-02	-5.6620e-05
5.3200e-04	-4.7925e-04	-3.2432e-04	2.1206e-02	-4.2182e-01	-9.2449e-03	-4.8900e-06	-2.4662e-04	-2.6091e-04	6.2000e-05	-5.0887e-02	-1.5540e-05
6.1794e-04	-4.5549e-04	-4.0667e-04	2.1196e-02	-3.7825e-01	-9.2102e-03	8.5936e-05	2.3765e-05	-8.2349e-05	-1.0300e-05	4.3577e-02	3.4680e-05
6.4731e-04	-6.2227e-04	-4.0667e-04	8.6691e-03	-4.1690e-01	1.1104e-02	2.9376e-05	-1.6679e-04	0.0000e+00	-1.2526e-02	-3.8656e-02	2.0314e-02
9.5703e-04	-4.0851e-04	-4.0667e-04	2.8746e-03	-4.1688e-01	-9.1665e-03	3.0972e-04	2.1376e-04	0.0000e+00	-5.7945e-03	2.2000e-05	-2.0270e-02
5.3694e-04	-2.8605e-04	-4.0667e-04	2.4001e-02	-4.1690e-01	1.2821e-02	-4.2009e-04	1.2246e-04	0.0000e+00	2.1126e-02	-1.4000e-05	2.1988e-02
4.8561e-04	-2.5812e-04	-6.2245e-04	9.1287e-03	-4.5120e-01	1.8788e-02	-5.1337e-05	2.7930e-05	-2.1578e-04	-1.4872e-02	-3.4303e-02	5.9666e-03
4.8561e-04	-3.9143e-04	-4.0667e-04	1.3539e-02	-4.0551e-01	7.3539e-03	0.0000e+00	-1.3331e-04	2.1578e-04	4.4098e-03	4.5693e-02	-1.1434e-02
1.3247e-04	-1.1176e-04	-5.8536e-04	5.0701e-03	-4.2608e-01	2.7376e-02	-3.5314e-04	2.7967e-04	-1.7869e-04	-8.4684e-03	-2.0573e-02	2.0022e-02
4.8561e-04	-3.2755e-04	-7.5880e-04	5.1277e-03	-4.2602e-01	5.1563e-03	3.5314e-04	-2.1579e-04	-1.7343e-04	5.7660e-05	5.4000e-05	-2.2220e-02
4.8561e-04	-2.6770e-04	-7.0975e-04	1.3594e-02	-4.2312e-01	7.3800e-03	0.0000e+00	5.9849e-05	4.9052e-05	8.4667e-03	2.9020e-03	2.2237e-03
4.8561e-04	-4.0657e-04	-8.4153e-04	1.0554e-02	-4.6728e-01	1.9321e-02	0.0000e+00	-1.3887e-04	-1.3179e-04	-3.0402e-03	-4.4157e-02	1.1941e-02
6.4131e-05	-2.8000e-04	-6.4246e-04	1.6065e-02	-4.4324e-01	9.4509e-03	-4.2148e-04	1.2658e-04	1.9907e-04	5.5110e-03	2.4035e-02	-9.8697e-03
9.7489e-06	-5.1651e-04	-9.8690e-04	5.1950e-03	-4.8581e-01	2.2172e-02	-5.4382e-05	-2.3652e-04	-3.4444e-04	-1.0870e-02	-4.2566e-02	1.2721e-02
4.4662e-04	-8.3521e-04	-9.8398e-04	5.2014e-03	-4.5893e-01	3.5242e-03	4.3687e-04	-3.1869e-04	2.9200e-06	6.4700e-06	2.6885e-02	-1.8648e-02
3.1067e-04	-5.4137e-04	-8.1714e-04	5.1399e-03	-4.5931e-01	3.3825e-02	-1.3595e-04	2.9383e-04	1.6684e-04	-6.1480e-05	-3.8000e-04	3.0301e-02
1.8654e-04	-8.3521e-04	-1.2559e-03	5.2936e-03	-5.1685e-01	2.0719e-02	-1.2413e-04	-2.9383e-04	-4.3874e-04	1.5364e-04	-5.7549e-02	-1.3106e-02
3.7012e-04	-1.8574e-04	-1.0824e-03	5.1966e-03	-4.5433e-01	1.0371e-02	1.8358e-04	6.4947e-04	1.7349e-04	-9.7000e-05	6.2528e-02	-1.0348e-02
3.1067e-04	-2.9331e-04	-1.1587e-03	2.8709e-03	-4.9492e-01	3.5593e-02	-5.9448e-05	-1.0757e-04	-7.6260e-05	-2.3257e-03	-4.0598e-02	2.5222e-02
7.3764e-04	7.6851e-05	-8.1714e-04	-1.3501e-02	-4.9489e-01	4.1285e-03	4.2696e-04	3.7016e-04	3.4151e-04	-1.6372e-02	2.9000e-05	-3.1465e-02
3.1067e-04	6.2001e-05	-9.3684e-04	-1.0228e-02	-4.6910e-01	2.1113e-02	-4.2696e-04	-1.4850e-05	-1.1970e-04	3.2734e-03	2.5790e-02	1.6984e-02
3.1067e-04	-3.6541e-04	-1.2647e-03	-1.3333e-02	-5.2137e-01	1.8894e-02	0.0000e+00	-4.2741e-04	-3.2787e-04	-3.1056e-03	-5.2261e-02	-2.2185e-03
7.4639e-04	-4.5850e-04	-1.2647e-03	-1.3347e-02	-4.7713e-01	8.8213e-03	4.3572e-04	-9.3097e-05	0.0000e+00	-1.3700e-05	4.4236e-02	-1.0073e-02
1.9066e-04	-4.7713e-04	-1.3353e-03	-1.1539e-02	-4.9302e-01	2.8418e-02	-5.5573e-04	-1.8629e-05	-7.0580e-05	1.8077e-03	-1.5890e-02	1.9597e-02
