-5.9421e-03	-1.3527e-03	3.4888e-04	-5.6135e-02	2.6270e-02	4.9273e-02	0.0000e+00	0.0000e+00	0.0000e+00	0.0000e+00	0.0000e+00	0.0000e+00
-6.3251e-03	-1.8702e-03	1.0681e-03	-3.3822e-02	-1.6203e-02	7.3808e-02	-3.8306e-04	-5.1753e-04	7.1924e-04	2.2313e-02	-4.2474e-02	2.4536e-02
-2.5213e-03	4.9358e-04	1.3181e-03	-3.7608e-02	2.2696e-02	-7.1690e-02	3.8039e-03	2.3638e-03	2.5003e-04	-3.7853e-03	3.8899e-02	-1.4550e-01
-1.1537e-03	2.8342e-04	2.8574e-04	-6.7263e-02	1.0431e-01	-9.9007e-02	1.3675e-03	-2.1015e-04	-1.0324e-03	-2.9655e-02	8.1616e-02	-2.7317e-02
-1.0945e-03	-9.3609e-05	7.3756e-04	-4.5917e-02	8.2686e-02	-8.3002e-02	5.9260e-05	-3.7703e-04	4.5182e-04	2.1346e-02	-2.1626e-02	1.6005e-02
-7.7526e-04	-9.3720e-05	4.7936e-04	-4.0281e-02	9.0719e-02	-5.9934e-02	3.1919e-04	-1.1040e-07	-2.5820e-04	5.6363e-03	8.0332e-03	2.3068e-02
-1.0325e-03	-3.5926e-04	8.0229e-04	-4.0215e-02	7.6049e-02	-2.5942e-02	-2.5720e-04	-2.6554e-04	3.2293e-04	6.5400e-05	-1.4669e-02	3.3992e-02
-9.9224e-04	-9.2565e-05	8.0229e-04	-4.0304e-02	1.1267e-01	-6.9926e-02	4.0218e-05	2.6670e-04	0.0000e+00	-8.8600e-05	3.6622e-02	-4.3984e-02
-1.0970e-03	-2.0088e-04	8.0229e-04	-4.0327e-02	8.4569e-02	-6.5537e-02	-1.0478e-04	-1.0832e-04	0.0000e+00	-2.3500e-05	-2.8102e-02	4.3889e-03
-7.2341e-04	-2.9207e-04	1.0622e-03	-3.0095e-02	9.1539e-02	-4.1707e-02	3.7361e-04	-9.1188e-05	2.5989e-04	1.0232e-02	6.9696e-03	2.3830e-02
1.1728e-03	-6.5790e-06	8.0229e-04	-4.0255e-02	1.1230e-01	-1.1870e-01	1.8962e-03	2.8549e-04	-2.5989e-04	-1.0160e-02	2.0761e-02	-7.6996e-02
2.0478e-04	-2.9207e-04	8.0229e-04	-2.2100e-02	1.1255e-01	-6.7524e-02	-9.6804e-04	-2.8549e-04	0.0000e+00	1.8155e-02	2.5300e-04	5.1179e-02
4.2944e-04	-2.9207e-04	6.3200e-04	-2.2132e-02	9.0465e-02	-4.3288e-02	2.2466e-04	0.0000e+00	-1.7029e-04	-3.2800e-05	-2.2088e-02	2.4237e-02
3.5830e-04	-2.9207e-04	8.0229e-04	-1.6567e-02	1.2103e-01	-5.3640e-02	-7.1142e-05	0.0000e+00	1.7029e-04	5.5656e-03	3.0567e-02	-1.0353e-02
3.5830e-04	-7.1560e-04	8.0229e-04	-2.1993e-02	1.1253e-01	-2.0182e-03	0.0000e+00	-4.2353e-04	0.0000e+00	-5.4257e-03	-8.5050e-03	5.1622e-02
6.6742e-04	-5.0033e-04	1.0178e-03	-2.2569e-02	6.8537e-02	3.9298e-02	3.0912e-04	2.1527e-04	2.1548e-04	-5.7650e-04	-4.3990e-02	4.1317e-02
2.3622e-03	1.7932e-03	-4.8083e-04	-1.0517e-01	-6.7306e-02	-2.1511e-01	1.6948e-03	2.2935e-03	-1.4986e-03	-8.2601e-02	-1.3584e-01	-2.5441e-01
1.7152e-03	2.4152e-03	-7.2703e-04	-6.6236e-02	4.3850e-02	-2.0347e-01	-6.4702e-04	6.2200e-04	-2.4620e-04	3.8934e-02	1.1116e-01	1.1642e-02
8.5289e-04	1.9193e-03	-5.2727e-04	-6.6540e-02	7.3636e-02	-1.2497e-01	-8.6228e-04	-4.9583e-04	1.9976e-04	-3.0450e-04	2.9785e-02	7.8499e-02
7.5274e-04	1.5758e-03	-5.1502e-04	-6.6733e-02	4.1065e-02	-8.7176e-02	-1.0015e-04	-3.4356e-04	1.2247e-05	-1.9290e-04	-3.2570e-02	3.7793e-02
1.2790e-03	1.6152e-03	-7.2703e-04	-7.8101e-02	7.9972e-02	-9.6314e-02	5.2628e-04	3.9450e-05	-2.1201e-04	-1.1368e-02	3.8907e-02	-9.1385e-03
9.2181e-04	1.0215e-03	-7.2703e-04	-7.4041e-02	7.9099e-02	-6.5817e-02	-3.5721e-04	-5.9373e-04	0.0000e+00	4.0605e-03	-8.7340e-04	3.0497e-02
8.8703e-04	6.3248e-04	-2.5653e-04	-6.6887e-02	6.3821e-02	-4.1046e-02	-3.4787e-05	-3.8902e-04	4.7050e-04	7.1538e-03	-1.5278e-02	2.4771e-02
5.0093e-04	5.3285e-04	-2.5653e-04	-6.6878e-02	1.0188e-01	-8.2852e-02	-3.8610e-04	-9.9634e-05	0.0000e+00	8.7000e-06	3.8062e-02	-4.1806e-02
5.1022e-04	1.1799e-04	-2.5653e-04	-6.6971e-02	7.9285e-02	7.1200e-03	9.2930e-06	-4.1486e-04	0.0000e+00	-9.2900e-05	-2.2598e-02	8.9972e-02
2.1273e-04	3.5929e-06	-7.5671e-05	-5.0726e-02	5.0190e-02	1.2550e-02	-2.9749e-04	-1.1440e-04	1.8086e-04	1.6245e-02	-2.9096e-02	5.4304e-03
-4.1743e-04	5.7043e-04	-2.5653e-04	-5.5058e-02	5.7877e-02	-1.0369e-01	-6.3016e-04	5.6684e-04	-1.8086e-04	-4.3319e-03	7.6875e-03	-1.1624e-01
3.7379e-04	-6.3053e-05	8.2167e-05	-3.6250e-02	6.6214e-02	2.2140e-02	7.9123e-04	-6.3348e-04	3.3870e-04	1.8808e-02	8.3366e-03	1.2583e-01
-2.0585e-05	1.3045e-04	6.6756e-05	-4.5506e-02	6.1028e-02	-5.2068e-03	-3.9438e-04	1.9350e-04	-1.5411e-05	-9.2565e-03	-5.1860e-03	-2.7347e-02
1.5795e-04	8.9268e-04	-4.2171e-04	-7.0191e-02	6.3505e-02	-2.6487e-02	1.7853e-04	7.6223e-04	-4.8847e-04	-2.4684e-02	2.4776e-03	-2.1280e-02
1.5147e-04	5.9291e-04	-5.4221e-04	-7.2622e-02	9.2555e-02	-5.2229e-03	-6.4760e-06	-2.9977e-04	-1.2050e-04	-2.4308e-03	2.9050e-02	2.1264e-02
1.0070e-03	1.2362e-03	-3.8859e-04	-7.6492e-02	6.4802e-02	-1.2780e-02	8.5557e-04	6.4331e-04	1.5362e-04	-3.8700e-03	-2.7753e-02	-7.5569e-03
-1.3555e-05	1.1993e-03	-1.1733e-03	-7.3748e-02	8.9870e-02	-2.4325e-02	-1.0206e-03	-3.6890e-05	-7.8475e-04	2.7430e-03	2.5068e-02	-1.1546e-02
-1.9394e-04	7.8503e-04	-7.9657e-04	-7.1858e-02	6.6650e-02	5.7862e-03	-1.8038e-04	-4.1430e-04	3.7677e-04	1.8904e-03	-2.3220e-02	3.0112e-02
2.2420e-04	7.5305e-04	-5.9722e-04	-6.8781e-02	6.0825e-02	1.2952e-02	4.1813e-04	-3.1986e-05	1.9935e-04	3.0767e-03	-5.8251e-03	7.1661e-03
1.6127e-04	1.2183e-03	-7.4975e-04	-7.2409e-02	7.7664e-02	1.0001e-02	-6.2924e-05	4.6522e-04	-1.5254e-04	-3.6278e-03	1.6839e-02	-2.9512e-03
1.5368e-03	2.7801e-03	-8.0901e-04	-7.8133e-02	6.0646e-02	-1.5096e-02	1.3755e-03	1.5618e-03	-5.9258e-05	-5.7241e-03	-1.7018e-02	-2.5097e-02
5.4895e-04	1.6659e-03	-7.7637e-04	-7.8818e-02	6.3931e-02	-5.8079e-03	-9.8781e-04	-1.1142e-03	3.2639e-05	-6.8480e-04	3.2853e-03	9.2882e-03
3.4360e-04	1.3677e-03	-6.0242e-04	-8.0912e-02	3.0530e-02	1.1495e-02	-2.0535e-04	-2.9820e-04	1.7396e-04	-2.0944e-03	-3.3401e-02	1.7303e-02
-9.0111e-07	1.5195e-03	-8.0108e-04	-9.2401e-02	6.0518e-02	-3.7041e-02	-3.4450e-04	1.5179e-04	-1.9866e-04	-1.1488e-02	2.9988e-02	-4.8536e-02
-4.4123e-04	1.0593e-03	-8.3571e-04	-1.0009e-01	6.7480e-02	-6.7978e-03	-4.4032e-04	-4.6017e-04	-3.4635e-05	-7.6893e-03	6.9626e-03	3.0243e-02
-2.6776e-04	9.9986e-04	-1.1285e-03	-9.7794e-02	6.0566e-02	8.0446e-03	1.7347e-04	-5.9471e-05	-2.9278e-04	2.2960e-03	-6.9148e-03	1.4842e-02
-2.6393e-04	1.4195e-03	-1.0659e-03	-8.8217e-02	6.9233e-02	2.2508e-02	3.8230e-06	4.1960e-04	6.2560e-05	9.5767e-03	8.6678e-03	1.4463e-02
-1.3785e-03	8.6881e-04	-8.5204e-04	-7.9712e-02	3.5590e-02	5.2808e-02	-1.1145e-03	-5.5065e-04	2.1389e-04	8.5056e-03	-3.3643e-02	3.0300e-02
-6.3902e-04	7.5833e-04	-6.0412e-04	-7.1367e-02	3.8923e-02	4.0134e-02	7.3943e-04	-1.1048e-04	2.4791e-04	8.3449e-03	3.3327e-03	-1.2674e-02
-2.5937e-04	1.1329e-03	-7.8585e-04	-6.6919e-02	6.0644e-02	3.1407e-02	3.7965e-04	3.7459e-04	-1.8172e-04	4.4480e-03	2.1721e-02	-8.7267e-03
-9.1639e-04	5.4805e-04	-6.0412e-04	-4.9912e-02	2.2860e-02	5.3561e-02	-6.5702e-04	-5.8487e-04	1.8172e-04	1.7007e-02	-3.7783e-02	2.2155e-02
-3.9515e-04	1.0019e-03	-6.0412e-04	-4.9922e-02	4.5374e-02	5.1593e-02	5.2124e-04	4.5387e-04	0.0000e+00	-9.5000e-06	2.2514e-02	-1.9688e-03
-1.1808e-03	8.4837e-04	-6.0412e-04	-4.9946e-02	2.9674e-02	5.1688e-02	-7.8564e-04	-1.5355e-04	0.0000e+00	-2.4500e-05	-1.5700e-02	9.5500e-05
-1.1435e-03	5.0679e-04	-6.0412e-04	-4.9934e-02	2.1388e-02	9.3831e-02	3.7240e-05	-3.4157e-04	0.0000e+00	1.1800e-05	-8.2855e-03	4.2142e-02
-8.2571e-04	9.0850e-04	-6.0412e-04	-4.9983e-02	2.9687e-02	7.3562e-02	3.1783e-04	4.0171e-04	0.0000e+00	-4.8300e-05	8.2984e-03	-2.0269e-02
-1.0080e-03	7.6618e-04	-6.0412e-04	-4.9969e-02	2.9646e-02	5.5925e-02	-1.8224e-04	-1.4233e-04	0.0000e+00	1.3300e-05	-4.1100e-05	-1.7636e-02
-1.0937e-03	5.9714e-04	-6.0412e-04	-4.6096e-02	-3.6063e-04	9.5236e-02	-8.5790e-05	-1.6904e-04	0.0000e+00	3.8734e-03	-3.0006e-02	3.9310e-02
-8.8291e-04	5.9714e-04	-3.7656e-04	-3.3334e-02	1.7826e-02	6.6957e-02	2.1083e-04	0.0000e+00	2.2756e-04	1.2762e-02	1.8187e-02	-2.8279e-02
3.9803e-04	9.6762e-04	-6.0412e-04	-6.5717e-02	7.0281e-03	3.7332e-04	1.2809e-03	3.7048e-04	-2.2756e-04	-3.2382e-02	-1.0798e-02	-6.6583e-02
4.9634e-05	3.9094e-04	-2.6413e-04	-5.0113e-02	2.9703e-02	2.3377e-02	-3.4840e-04	-5.7668e-04	3.4000e-04	1.5604e-02	2.2674e-02	2.3004e-02
5.7291e-05	9.4951e-05	2.3491e-05	-3.7787e-02	2.9746e-02	2.1060e-02	7.6574e-06	-2.9599e-04	2.8762e-04	1.2326e-02	4.3900e-05	-2.3165e-03
-1.8025e-04	9.4951e-05	-4.4726e-04	-3.0880e-02	3.9366e-02	-2.1376e-03	-2.3754e-04	0.0000e+00	-4.7075e-04	6.9070e-03	9.6198e-03	-2.3198e-02
-4.9018e-04	2.2244e-06	-2.0135e-04	-2.2864e-02	2.8880e-03	8.3027e-02	-3.0993e-04	-9.2727e-05	2.4591e-04	8.0164e-03	-3.6478e-02	8.5165e-02
-5.9782e-04	9.4951e-05	3.6813e-04	-2.3524e-02	2.1325e-02	6.3346e-02	-1.0764e-04	9.2727e-05	5.6948e-04	-6.6010e-04	1.8437e-02	-1.9681e-02
-2.1249e-04	9.4951e-05	-1.0492e-04	-5.0090e-02	2.2041e-02	3.7371e-02	3.8533e-04	0.0000e+00	-4.7305e-04	-2.6566e-02	7.1570e-04	-2.5975e-02
-2.0477e-03	-3.3011e-04	-2.3618e-04	-5.6870e-02	2.9031e-03	1.1014e-01	-1.8352e-03	-4.2506e-04	-1.3125e-04	-6.7803e-03	-1.9138e-02	7.2768e-02
-1.3761e-03	-5.3277e-04	-2.4243e-04	-5.0053e-02	-3.0545e-02	1.4937e-01	6.7157e-04	-2.0266e-04	-6.2510e-06	6.8170e-03	-3.3448e-02	3.9234e-02
-1.0357e-03	-8.8599e-05	-1.7641e-04	-5.0109e-02	-1.4976e-02	7.9718e-02	3.4043e-04	4.4417e-04	6.6021e-05	-5.6000e-05	1.5570e-02	-6.9655e-02
-1.7179e-04	-8.7978e-05	-5.7297e-04	-5.3538e-02	1.4448e-02	-1.6352e-02	8.6392e-04	6.2050e-07	-3.9656e-04	-3.4290e-03	2.9424e-02	-9.6070e-02
-1.0474e-03	-3.2724e-04	-1.9637e-04	-5.0175e-02	-1.5715e-02	6.7963e-02	-8.7557e-04	-2.3926e-04	3.7660e-04	3.3633e-03	-3.0164e-02	8.4315e-02
-7.5214e-04	-3.2723e-04	0.0000e+00	-2.4630e-02	-9.5199e-03	4.9217e-02	2.9522e-04	1.0000e-09	1.9637e-04	2.5544e-02	6.1952e-03	-1.8745e-02
-4.0346e-04	-9.2513e-05	0.0000e+00	-2.4658e-02	3.8030e-02	2.4943e-02	3.4869e-04	2.3472e-04	0.0000e+00	-2.8200e-05	4.7550e-02	-2.4275e-02
-8.2568e-04	-4.2620e-04	-5.2940e-23	-3.3165e-02	2.5822e-02	7.2770e-02	-4.2222e-04	-3.3369e-04	-5.2940e-23	-8.5061e-03	-1.2208e-02	4.7828e-02
-1.1528e-03	-4.2620e-04	0.0000e+00	-2.4657e-02	1.3471e-02	5.8219e-02	-3.2712e-04	0.0000e+00	5.2940e-23	8.5081e-03	-1.2351e-02	-1.4551e-02
-6.4530e-04	-3.5166e-04	1.5300e-04	-1.3864e-02	3.0996e-02	8.3781e-03	5.0750e-04	7.4540e-05	1.5300e-04	1.0792e-02	1.7525e-02	-4.9841e-02
-1.1576e-03	-4.2620e-04	1.0207e-04	-2.4646e-02	2.4096e-02	3.6880e-02	-5.1232e-04	-7.4540e-05	-5.0931e-05	-1.0782e-02	-6.9001e-03	2.8502e-02
-8.5800e-04	-4.2620e-04	0.0000e+00	-2.4657e-02	-2.0243e-03	6.5583e-02	2.9962e-04	0.0000e+00	-1.0207e-04	-1.0600e-05	-2.6120e-02	2.8703e-02
-1.0288e-03	-2.2869e-04	-2.6470e-23	-1.2048e-02	2.2466e-02	9.3421e-03	-1.7077e-04	1.9751e-04	-2.6470e-23	1.2608e-02	2.4490e-02	-5.6241e-02
-1.0264e-03	-2.8631e-04	0.0000e+00	-6.9946e-03	2.1609e-02	-1.4396e-02	2.4200e-06	-5.7615e-05	2.6470e-23	5.0537e-03	-8.5680e-04	-2.3738e-02
-6.5337e-04	-1.5616e-04	0.0000e+00	-8.5556e-03	3.9833e-02	-1.4484e-02	3.7298e-04	1.3015e-04	0.0000e+00	-1.5610e-03	1.8224e-02	-8.8300e-05
-6.0449e-04	-5.6196e-04	0.0000e+00	-2.4748e-02	1.8154e-02	3.4917e-02	4.8885e-05	-4.0580e-04	0.0000e+00	-1.6193e-02	-2.1679e-02	4.9402e-02
-5.8977e-04	-1.3584e-04	5.1506e-05	-3.4162e-03	1.8148e-02	-1.9376e-02	1.4714e-05	4.2612e-04	5.1506e-05	2.1332e-02	-5.5000e-06	-5.4293e-02
-3.3004e-04	-4.4654e-04	0.0000e+00	-3.0149e-03	3.9949e-02	-1.4656e-02	2.5973e-04	-3.1070e-04	-5.1506e-05	4.0129e-04	2.1801e-02	4.7205e-03
-8.0050e-04	-4.4568e-04	0.0000e+00	-2.9858e-03	8.3663e-03	3.2047e-02	-4.7045e-04	8.6000e-07	0.0000e+00	2.9100e-05	-3.1583e-02	4.6703e-02
-4.9766e-04	-4.6123e-04	0.0000e+00	-1.5821e-02	-1.0392e-02	7.8781e-02	3.0284e-04	-1.5552e-05	0.0000e+00	-1.2835e-02	-1.8758e-02	4.6733e-02
-8.3209e-04	-0.0000e+00	0.0000e+00	-1.3381e-02	-8.2868e-03	-6.1273e-02	-3.3443e-04	4.6123e-04	0.0000e+00	2.4403e-03	2.1054e-03	-1.4005e-01
2.4462e-04	-3.6874e-04	0.0000e+00	-4.6774e-05	1.2848e-02	-6.7567e-02	1.0767e-03	-3.6874e-04	0.0000e+00	1.3334e-02	2.1135e-02	-6.2933e-03
-1.6406e-04	-0.0000e+00	0.0000e+00	0.0000e+00	-3.1577e-02	-1.5271e-02	-4.0867e-04	3.6874e-04	0.0000e+00	4.6774e-05	-4.4425e-02	5.2295e-02
-8.8123e-05	-0.0000e+00	0.0000e+00	4.5704e-03	3.2202e-02	-2.7951e-02	7.5935e-05	0.0000e+00	0.0000e+00	4.5704e-03	6.3778e-02	-1.2680e-02
-1.4421e-04	-0.0000e+00	-8.3371e-05	-6.7766e-06	1.2646e-02	-3.4478e-02	-5.6084e-05	0.0000e+00	-8.3371e-05	-4.5772e-03	-1.9556e-02	-6.5263e-03
2.0796e-04	-0.0000e+00	0.0000e+00	-3.5609e-03	7.6412e-03	4.7228e-03	3.5217e-04	0.0000e+00	8.3371e-05	-3.5542e-03	-5.0048e-03	3.9200e-02
1.7517e-04	-0.0000e+00	0.0000e+00	5.3038e-03	8.4313e-03	-3.5704e-02	-3.2791e-05	0.0000e+00	0.0000e+00	8.8647e-03	7.9012e-04	-4.0426e-02
-3.6241e-04	-0.0000e+00	-5.4783e-05	-8.8119e-06	3.0198e-02	-5.5322e-02	-5.3758e-04	0.0000e+00	-5.4783e-05	-5.3126e-03	2.1767e-02	-1.9618e-02
0.0000e+00	-0.0000e+00	-1.1400e-04	-1.2967e-05	-8.9537e-03	0.0000e+00	3.6241e-04	0.0000e+00	-5.9216e-05	-4.1552e-06	-3.9152e-02	5.5322e-02
0.0000e+00	-0.0000e+00	-6.0432e-05	-4.8075e-06	8.6081e-03	0.0000e+00	0.0000e+00	0.0000e+00	5.3567e-05	8.1596e-06	1.7562e-02	0.0000e+00
9.5013e-05	-0.0000e+00	0.0000e+00	0.0000e+00	-6.9484e-04	-1.9206e-02	9.5013e-05	0.0000e+00	6.0432e-05	4.8075e-06	-9.3029e-03	-1.9206e-02
0.0000e+00	-0.0000e+00	-1.0065e-04	4.0556e-03	-8.9533e-03	0.0000e+00	-9.5013e-05	0.0000e+00	-1.0065e-04	4.0556e-03	-8.2584e-03	1.9206e-02
0.0000e+00	-0.0000e+00	0.0000e+00	8.4913e-03	7.2879e-03	0.0000e+00	0.0000e+00	0.0000e+00	1.0065e-04	4.4357e-03	1.6241e-02	0.0000e+00
0.0000e+00	-0.0000e+00	6.5270e-05	6.6308e-03	5.9721e-03	0.0000e+00	0.0000e+00	0.0000e+00	6.5270e-05	-1.8605e-03	-1.3158e-03	0.0000e+00
-7.5913e-05	-0.0000e+00	0.0000e+00	0.0000e+00	-1.6924e-02	4.9201e-06	-7.5913e-05	0.0000e+00	-6.5270e-05	-6.6308e-03	-2.2896e-02	4.9201e-06
0.0000e+00	-0.0000e+00	0.0000e+00	0.0000e+00	0.0000e+00	0.0000e+00	7.5913e-05	0.0000e+00	0.0000e+00	0.0000e+00	1.6924e-02	-4.9201e-06
0.0000e+00	-0.0000e+00	0.0000e+00	0.0000e+00	0.0000e+00	0.0000e+00	0.0000e+00	0.0000e+00	0.0000e+00	0.0000e+00	0.0000e+00	0.0000e+00
0.0000e+00	-0.0000e+00	-1.6471e-04	-1.1199e-05	-1.2872e-02	0.0000e+00	0.0000e+00	0.0000e+00	-1.6471e-04	-1.1199e-05	-1.2872e-02	0.0000e+00
0.0000e+00	-0.0000e+00	-1.7352e-04	-2.1016e-03	-1.4030e-06	-9.9977e-03	0.0000e+00	0.0000e+00	-8.8100e-06	-2.0904e-03	1.2871e-02	-9.9977e-03
0.0000e+00	-0.0000e+00	1.9128e-04	2.1694e-05	7.4563e-07	0.0000e+00	0.0000e+00	0.0000e+00	3.6480e-04	2.1233e-03	2.1486e-06	9.9977e-03
-2.4864e-04	-3.2918e-04	-1.5740e-04	-4.1471e-03	-4.6241e-02	6.0897e-02	-2.4864e-04	-3.2918e-04	-3.4868e-04	-4.1688e-03	-4.6242e-02	6.0897e-02
0.0000e+00	-0.0000e+00	-1.2150e-04	3.5915e-05	-3.0945e-02	-4.9963e-03	2.4864e-04	3.2918e-04	3.5896e-05	4.1830e-03	1.5296e-02	-6.5893e-02
0.0000e+00	-0.0000e+00	-3.0667e-04	-1.5348e-05	-1.5456e-02	-4.0124e-03	0.0000e+00	0.0000e+00	-1.8517e-04	-5.1263e-05	1.5489e-02	9.8394e-04
-2.9242e-05	-2.6334e-04	-1.9916e-04	-1.6903e-02	-3.0947e-02	4.8385e-02	-2.9242e-05	-2.6334e-04	1.0751e-04	-1.6888e-02	-1.5492e-02	5.2397e-02
3.3608e-03	5.0057e-05	-1.9916e-04	-2.7615e-02	-3.2827e-02	-7.8923e-02	3.3901e-03	3.1340e-04	0.0000e+00	-1.0711e-02	-1.8799e-03	-1.2731e-01
2.0139e-03	-5.1321e-05	-2.7702e-04	-1.6928e-02	-1.3249e-02	-1.0645e-01	-1.3469e-03	-1.0138e-04	-7.7859e-05	1.0687e-02	1.9579e-02	-2.7527e-02
9.8368e-04	-7.9703e-04	-1.9916e-04	-1.6929e-02	-3.9531e-02	2.8108e-03	-1.0302e-03	-7.4570e-04	7.7859e-05	-1.0000e-06	-2.6283e-02	1.0926e-01
2.2884e-03	-2.5135e-04	-1.9916e-04	-1.6899e-02	-9.6456e-03	-5.3711e-02	1.3047e-03	5.4567e-04	0.0000e+00	2.9500e-05	2.9886e-02	-5.6521e-02
1.8908e-03	-1.8271e-04	-4.4871e-04	-1.6900e-02	1.8291e-02	-9.3531e-02	-3.9755e-04	6.8636e-05	-2.4955e-04	-1.4000e-06	2.7937e-02	-3.9821e-02
1.9533e-03	-3.6832e-04	-3.6763e-04	-8.1671e-03	2.8827e-02	-7.5962e-02	6.2440e-05	-1.8560e-04	8.1085e-05	8.7334e-03	1.0535e-02	1.7570e-02
9.6552e-04	-5.4703e-04	-5.9943e-04	-4.7740e-03	3.0255e-02	-7.4168e-02	-9.8773e-04	-1.7871e-04	-2.3180e-04	3.3931e-03	1.4282e-03	1.7940e-03
1.9744e-03	-1.5484e-04	-9.8224e-05	-1.6854e-02	2.5274e-02	-1.4201e-01	1.0089e-03	3.9218e-04	5.0120e-04	-1.2080e-02	-4.9811e-03	-6.7838e-02
1.5476e-03	-6.1861e-04	2.6130e-04	-2.1720e-03	-3.1646e-02	-4.1451e-02	-4.2680e-04	-4.6377e-04	3.5952e-04	1.4682e-02	-5.6919e-02	1.0055e-01
1.2237e-03	-6.7782e-04	4.1389e-04	5.4018e-03	-3.6212e-02	-4.4583e-02	-3.2393e-04	-5.9203e-05	1.5259e-04	7.5738e-03	-4.5664e-03	-3.1320e-03
3.7845e-04	-8.6066e-04	3.3071e-04	-3.6083e-04	-1.4143e-02	-3.1665e-02	-8.4525e-04	-1.8284e-04	-8.3175e-05	-5.7626e-03	2.2069e-02	1.2918e-02
5.7854e-04	-9.5748e-04	4.9291e-04	3.6700e-04	-3.4701e-02	2.4412e-02	2.0009e-04	-9.6819e-05	1.6220e-04	7.2784e-04	-2.0558e-02	5.6077e-02
4.6554e-04	-8.3158e-04	5.5309e-04	8.7551e-03	-3.4771e-02	-2.3068e-02	-1.1300e-04	1.2590e-04	6.0175e-05	8.3881e-03	-7.0300e-05	-4.7480e-02
2.2335e-04	-8.4001e-04	4.1389e-04	9.6003e-03	-6.3131e-02	-1.0966e-02	-2.4220e-04	-8.4310e-06	-1.3920e-04	8.4516e-04	-2.8359e-02	1.2102e-02
-6.4555e-05	-1.2581e-03	1.1029e-03	1.7929e-02	-6.7864e-02	-3.8647e-02	-2.8790e-04	-4.1812e-04	6.8898e-04	8.3289e-03	-4.7338e-03	-2.7681e-02
2.9781e-03	-1.4458e-03	8.8278e-04	2.8247e-02	-6.5008e-03	-2.0938e-01	3.0427e-03	-1.8768e-04	-2.2009e-04	1.0318e-02	6.1364e-02	-1.7073e-01
1.2721e-03	-1.5361e-03	7.6177e-04	2.2665e-02	-4.7874e-02	-7.9911e-02	-1.7060e-03	-9.0270e-05	-1.2101e-04	-5.5823e-03	-4.1373e-02	1.2947e-01
1.4765e-03	-1.4756e-03	7.7345e-04	2.8181e-02	-5.6445e-02	-5.6504e-02	2.0441e-04	6.0520e-05	1.1675e-05	5.5162e-03	-8.5714e-03	2.3407e-02
8.0167e-04	-1.5361e-03	5.2544e-04	2.8178e-02	-4.1313e-02	-4.4585e-02	-6.7484e-04	-6.0520e-05	-2.4801e-04	-2.9000e-06	1.5132e-02	1.1919e-02
9.6988e-04	-1.5361e-03	6.7786e-04	2.8236e-02	-7.0068e-02	-3.3897e-02	1.6821e-04	0.0000e+00	1.5242e-04	5.8300e-05	-2.8755e-02	1.0688e-02
9.2306e-04	-1.3210e-03	6.9657e-04	2.8217e-02	-4.5734e-02	-7.3915e-02	-4.6819e-05	2.1507e-04	1.8714e-05	-1.9100e-05	2.4334e-02	-4.0018e-02
8.7191e-04	-1.4496e-03	5.8299e-04	2.8150e-02	-3.7461e-02	-3.1837e-02	-5.1144e-05	-1.2858e-04	-1.1358e-04	-6.6600e-05	8.2726e-03	4.2077e-02
8.4410e-04	-1.5361e-03	7.1490e-04	2.8186e-02	-7.6177e-02	-8.3864e-04	-2.7817e-05	-8.6490e-05	1.3191e-04	3.5200e-05	-3.8716e-02	3.0999e-02
7.2819e-04	-1.4178e-03	5.9317e-04	2.8211e-02	-5.8761e-02	-3.9733e-02	-1.1591e-04	1.1832e-04	-1.2173e-04	2.5400e-05	1.7416e-02	-3.8895e-02
6.9846e-04	-1.4447e-03	7.1763e-04	2.8206e-02	-4.8191e-02	-4.1306e-02	-2.9732e-05	-2.6920e-05	1.2446e-04	-4.5000e-06	1.0569e-02	-1.5726e-03
8.8940e-04	-1.7014e-03	5.7600e-04	1.2140e-02	-6.6978e-02	1.4623e-02	1.9095e-04	-2.5673e-04	-1.4163e-04	-1.6066e-02	-1.8787e-02	5.5928e-02
1.0057e-03	-1.6107e-03	6.3411e-04	8.3847e-03	-6.6629e-02	-2.1239e-02	1.1633e-04	9.0730e-05	5.8105e-05	-3.7555e-03	3.4920e-04	-3.5862e-02
8.5051e-04	-1.5877e-03	7.1413e-04	6.3375e-03	-6.3829e-02	-4.4169e-02	-1.5522e-04	2.2990e-05	8.0027e-05	-2.0472e-03	2.7997e-03	-2.2930e-02
1.0336e-03	-1.7530e-03	7.1413e-04	6.3678e-03	-6.2069e-02	-2.9603e-02	1.8305e-04	-1.6536e-04	0.0000e+00	3.0280e-05	1.7598e-03	1.4566e-02
1.7139e-04	-1.8273e-03	8.4299e-04	6.4113e-03	-1.0272e-01	4.8805e-02	-8.6217e-04	-7.4290e-05	1.2886e-04	4.3450e-05	-4.0653e-02	7.8407e-02
4.9612e-04	-2.1439e-03	1.1665e-03	6.3759e-03	-9.4913e-02	-4.1167e-02	3.2473e-04	-3.1657e-04	3.2349e-04	-3.5320e-05	7.8085e-03	-8.9971e-02
3.5536e-04	-1.8933e-03	1.1712e-03	6.4214e-03	-7.6158e-02	-2.3631e-02	-1.4076e-04	2.5061e-04	4.7300e-06	4.5480e-05	1.8756e-02	1.7535e-02
5.1896e-04	-1.7471e-03	8.3985e-04	6.4078e-03	-1.0447e-01	-2.3632e-02	1.6360e-04	1.4622e-04	-3.3136e-04	-1.3660e-05	-2.8309e-02	-4.0000e-07
4.9253e-03	-1.2699e-03	8.4844e-04	6.5613e-03	-3.2290e-02	-2.8426e-01	4.4063e-03	4.7713e-04	8.5970e-06	1.5351e-04	7.2177e-02	-2.6063e-01
2.6644e-03	-1.5468e-03	7.5530e-04	6.4351e-03	-5.6502e-02	-1.9042e-01	-2.2609e-03	-2.7684e-04	-9.3147e-05	-1.2614e-04	-2.4213e-02	9.3841e-02
2.6457e-03	-1.7471e-03	7.6307e-04	2.3417e-02	-4.6595e-02	-1.8569e-01	-1.8700e-05	-2.0029e-04	7.7780e-06	1.6981e-02	9.9076e-03	4.7330e-03
2.1336e-03	-1.8187e-03	7.6586e-04	1.8278e-02	-7.7642e-02	-9.2203e-02	-5.1214e-04	-7.1610e-05	2.7880e-06	-5.1387e-03	-3.1047e-02	9.3485e-02
2.2889e-03	-1.1646e-03	7.1238e-04	6.4862e-03	-6.2575e-02	-1.4796e-01	1.5532e-04	6.5407e-04	-5.3483e-05	-1.1792e-02	1.5067e-02	-5.5761e-02
2.0150e-03	-1.6488e-03	6.9881e-04	6.4699e-03	-5.5138e-02	-1.2276e-01	-2.7393e-04	-4.8421e-04	-1.3568e-05	-1.6280e-05	7.4368e-03	2.5209e-02
2.2395e-03	-1.6284e-03	5.9748e-04	6.1055e-03	-6.2038e-03	-1.9684e-01	2.2452e-04	2.0450e-05	-1.0133e-04	-3.6441e-04	4.8934e-02	-7.4088e-02
2.0782e-03	-2.0399e-03	7.2623e-04	1.4257e-02	-6.2771e-02	-1.3174e-01	-1.6128e-04	-4.1149e-04	1.2875e-04	8.1512e-03	-5.6567e-02	6.5099e-02
2.5691e-03	-1.5925e-03	1.0526e-03	4.5893e-02	-9.4299e-02	1.3921e-02	4.9090e-04	4.4740e-04	3.2635e-04	3.1636e-02	-3.1529e-02	1.4566e-01
2.6434e-03	-1.7184e-03	8.6659e-04	5.0771e-02	-7.6448e-02	-9.5538e-02	7.4240e-05	-1.2596e-04	-1.8599e-04	4.8778e-03	1.7852e-02	-1.0946e-01
2.4116e-03	-1.7610e-03	8.6286e-04	3.6707e-02	-7.0486e-02	-1.0833e-01	-2.3179e-04	-4.2580e-05	-3.7280e-06	-1.4063e-02	5.9621e-03	-1.2787e-02
2.2006e-03	-1.9750e-03	6.5225e-04	5.0755e-02	-1.0134e-01	-3.9041e-02	-2.1097e-04	-2.1395e-04	-2.1061e-04	1.4048e-02	-3.0858e-02	6.9283e-02
2.0827e-03	-1.9518e-03	8.5273e-04	3.3783e-02	-8.1712e-02	-5.4106e-02	-1.1787e-04	2.3170e-05	2.0048e-04	-1.6973e-02	1.9632e-02	-1.5065e-02
2.2892e-03	-1.7961e-03	1.0651e-03	4.0957e-02	-7.4243e-02	-7.8479e-02	2.0648e-04	1.5572e-04	2.1233e-04	7.1747e-03	7.4695e-03	-2.4373e-02
2.2530e-03	-2.0634e-03	9.9028e-04	3.8352e-02	-8.3621e-02	-5.6638e-02	-3.6160e-05	-2.6729e-04	-7.4783e-05	-2.6056e-03	-9.3780e-03	2.1841e-02
2.2655e-03	-2.0534e-03	9.7077e-04	3.4515e-02	-9.5667e-02	-2.9901e-02	1.2450e-05	9.9200e-06	-1.9504e-05	-3.8372e-03	-1.2046e-02	2.6737e-02
2.2961e-03	-2.0521e-03	9.3604e-04	2.5447e-02	-1.0778e-01	-8.1248e-03	3.0650e-05	1.3900e-06	-3.4736e-05	-9.0673e-03	-1.2112e-02	2.1776e-02
2.7008e-03	-2.0153e-03	1.1712e-03	1.1677e-02	-8.5570e-02	-7.9102e-02	4.0462e-04	3.6700e-05	2.3518e-04	-1.3770e-02	2.2209e-02	-7.0977e-02
2.5588e-03	-2.0153e-03	1.1712e-03	1.8489e-02	-6.8548e-02	-9.6217e-02	-1.4193e-04	0.0000e+00	-1.0000e-08	6.8116e-03	1.7022e-02	-1.7115e-02
2.3171e-03	-1.8492e-03	1.1712e-03	1.8509e-02	-9.2680e-02	-5.7564e-02	-2.4169e-04	1.6610e-04	0.0000e+00	2.0800e-05	-2.4133e-02	3.8653e-02
2.2282e-03	-1.9264e-03	9.9915e-04	1.8490e-02	-8.5903e-02	-9.3670e-02	-8.8910e-05	-7.7120e-05	-1.7206e-04	-1.8800e-05	6.7767e-03	-3.6106e-02
2.8112e-03	-1.3878e-03	1.0065e-03	2.4999e-02	-8.2957e-02	-1.3179e-01	5.8302e-04	5.3861e-04	7.3070e-06	6.5088e-03	2.9462e-03	-3.8123e-02
1.2230e-02	-5.0395e-04	1.5039e-03	2.9383e-02	-4.3535e-02	-4.5841e-01	9.4188e-03	8.8381e-04	4.9749e-04	4.3836e-03	3.9422e-02	-3.2662e-01
7.3717e-03	-1.3396e-03	1.6864e-03	3.1140e-02	-8.5211e-02	-1.9508e-01	-4.8583e-03	-8.3563e-04	1.8241e-04	1.7566e-03	-4.1676e-02	2.6333e-01
7.7240e-03	-1.1952e-03	1.7848e-03	5.3324e-02	-4.2324e-02	-3.0138e-01	3.5228e-04	1.4436e-04	9.8470e-05	2.2185e-02	4.2888e-02	-1.0629e-01
6.8900e-03	-1.3043e-03	1.5469e-03	4.9281e-02	-5.6888e-02	-2.2833e-01	-8.3400e-04	-1.0907e-04	-2.3792e-04	-4.0436e-03	-1.4564e-02	7.3049e-02
6.3955e-03	-1.5677e-03	1.8352e-03	4.4979e-02	-9.2899e-02	-2.4240e-01	-4.9441e-04	-2.6346e-04	2.8828e-04	-4.3015e-03	-3.6011e-02	-1.4070e-02
6.2630e-03	-9.1887e-04	1.2288e-03	6.1375e-02	-6.2242e-02	-3.9128e-01	-1.3256e-04	6.4887e-04	-6.0636e-04	1.6396e-02	3.0657e-02	-1.4889e-01
6.2190e-03	-9.5531e-04	1.6936e-03	4.9584e-02	-6.8319e-02	-2.7466e-01	-4.3970e-05	-3.6435e-05	4.6480e-04	-1.1791e-02	-6.0775e-03	1.1663e-01
6.4342e-03	-9.8277e-04	1.6347e-03	4.2838e-02	-6.0070e-02	-2.9721e-01	2.1523e-04	-2.7455e-05	-5.8950e-05	-6.7460e-03	8.2495e-03	-2.2555e-02
6.3004e-03	-1.2763e-03	1.3781e-03	4.3726e-02	-6.7162e-02	-2.7144e-01	-1.3388e-04	-2.9349e-04	-2.5660e-04	8.8770e-04	-7.0922e-03	2.5767e-02
6.1481e-03	-1.5895e-03	1.6347e-03	5.2241e-02	-8.0255e-02	-2.1732e-01	-1.5224e-04	-3.1324e-04	2.5660e-04	8.5149e-03	-1.3093e-02	5.4126e-02
6.5238e-03	-1.1964e-03	1.4251e-03	7.3339e-02	-5.3874e-02	-3.3736e-01	3.7566e-04	3.9305e-04	-2.0960e-04	2.1099e-02	2.6380e-02	-1.2004e-01
5.7975e-03	-1.3425e-03	1.6347e-03	5.9668e-02	-7.5729e-02	-2.4961e-01	-7.2627e-04	-1.4610e-04	2.0960e-04	-1.3671e-02	-2.1855e-02	8.7749e-02
6.3902e-03	-1.3613e-03	1.4825e-03	5.4473e-02	-8.5792e-02	-2.5618e-01	5.9265e-04	-1.8730e-05	-1.5215e-04	-5.1950e-03	-1.0063e-02	-6.5690e-03
6.3051e-03	-1.2957e-03	1.4406e-03	5.5895e-02	-6.2595e-02	-2.7383e-01	-8.5100e-05	6.5570e-05	-4.1900e-05	1.4215e-03	2.3197e-02	-1.7650e-02
6.2141e-03	-1.4507e-03	1.3707e-03	5.1862e-02	-8.8981e-02	-2.0427e-01	-9.1000e-05	-1.5502e-04	-6.9910e-05	-4.0327e-03	-2.6386e-02	6.9560e-02
6.2583e-03	-1.5236e-03	1.5737e-03	6.5193e-02	-7.5894e-02	-2.7698e-01	4.4200e-05	-7.2900e-05	2.0296e-04	1.3331e-02	1.3087e-02	-7.2709e-02
6.0737e-03	-1.3186e-03	1.5555e-03	6.5261e-02	-6.8272e-02	-2.6689e-01	-1.8453e-04	2.0504e-04	-1.8180e-05	6.7800e-05	7.6221e-03	1.0086e-02
6.0894e-03	-1.2039e-03	1.5182e-03	5.1593e-02	-9.2155e-02	-2.1010e-01	1.5650e-05	1.1465e-04	-3.7280e-05	-1.3669e-02	-2.3883e-02	5.6786e-02
1.0478e-02	-6.2817e-04	1.5342e-03	4.9299e-02	-4.6079e-02	-4.3820e-01	4.3882e-03	5.7576e-04	1.5970e-05	-2.2933e-03	4.6076e-02	-2.2809e-01
1.1488e-02	-4.4087e-04	1.4438e-03	5.6079e-02	-1.9400e-02	-4.2510e-01	1.0102e-03	1.8730e-04	-9.0350e-05	6.7793e-03	2.6679e-02	1.3098e-02
1.0210e-02	-5.9478e-04	1.5294e-03	5.2531e-02	-3.4612e-02	-3.7659e-01	-1.2780e-03	-1.5391e-04	8.5610e-05	-3.5481e-03	-1.5213e-02	4.8507e-02
9.6898e-03	-4.4087e-04	1.2886e-03	6.0992e-02	-2.9292e-02	-3.8296e-01	-5.2003e-04	1.5391e-04	-2.4081e-04	8.4617e-03	5.3202e-03	-6.3630e-03
7.1317e-03	-1.2077e-03	1.3340e-03	5.1455e-02	-8.5234e-02	-2.9867e-01	-2.5581e-03	-7.6679e-04	4.5340e-05	-9.5376e-03	-5.5942e-02	8.4288e-02
7.1638e-03	-1.0622e-03	1.5552e-03	6.5483e-02	-8.5141e-02	-3.1650e-01	3.2080e-05	1.4543e-04	2.2123e-04	1.4028e-02	9.2900e-05	-1.7830e-02
1.2034e-02	-1.0622e-03	1.3300e-03	5.1412e-02	4.2291e-03	-4.7699e-01	4.8702e-03	0.0000e+00	-2.2519e-04	-1.4070e-02	8.9370e-02	-1.6049e-01
7.6204e-03	-1.2393e-03	1.5163e-03	4.8812e-02	-7.3788e-02	-3.0989e-01	-4.4136e-03	-1.7709e-04	1.8626e-04	-2.6004e-03	-7.8017e-02	1.6710e-01
8.0485e-03	-1.2492e-03	1.5454e-03	5.4669e-02	-6.0180e-02	-3.2502e-01	4.2816e-04	-9.9000e-06	2.9160e-05	5.8571e-03	1.3608e-02	-1.5128e-02
9.2518e-03	-9.6870e-04	1.6024e-03	5.9094e-02	-1.7907e-02	-3.6412e-01	1.2032e-03	2.8052e-04	5.6990e-05	4.4247e-03	4.2273e-02	-3.9098e-02
6.9947e-03	-1.3350e-03	1.4966e-03	4.8743e-02	-7.1474e-02	-2.8402e-01	-2.2571e-03	-3.6630e-04	-1.0582e-04	-1.0350e-02	-5.3567e-02	8.0094e-02
7.5775e-03	-1.2470e-03	1.5730e-03	5.4156e-02	-5.5403e-02	-3.0677e-01	5.8282e-04	8.7970e-05	7.6400e-05	5.4125e-03	1.6071e-02	-2.2744e-02
7.4744e-03	-1.2454e-03	1.5386e-03	5.3121e-02	-6.3300e-02	-2.9092e-01	-1.0312e-04	1.6100e-06	-3.4400e-05	-1.0347e-03	-7.8965e-03	1.5844e-02
7.1785e-03	-1.3127e-03	1.4026e-03	6.5375e-02	-8.2863e-02	-2.9949e-01	-2.9586e-04	-6.7320e-05	-1.3601e-04	1.2253e-02	-1.9564e-02	-8.5640e-03
8.0682e-03	-1.1160e-03	1.5376e-03	5.3370e-02	-6.6031e-02	-3.2817e-01	8.8968e-04	1.9676e-04	1.3505e-04	-1.2005e-02	1.6832e-02	-2.8683e-02
7.0224e-03	-1.5434e-03	1.5549e-03	5.3273e-02	-8.2579e-02	-2.7534e-01	-1.0458e-03	-4.2742e-04	1.7280e-05	-9.6600e-05	-1.6548e-02	5.2832e-02
7.3434e-03	-1.1932e-03	1.5967e-03	5.8288e-02	-7.2287e-02	-3.0295e-01	3.2103e-04	3.5025e-04	4.1790e-05	5.0148e-03	1.0292e-02	-2.7608e-02
