2.5864e-04	4.8135e-05	6.9664e-04	-7.1510e-03	1.3169e-01	2.5688e-01	0.0000e+00	0.0000e+00	0.0000e+00	0.0000e+00	0.0000e+00	0.0000e+00
2.5211e-04	-1.7827e-04	1.6131e-04	-2.5845e-02	1.7419e-01	2.6500e-01	-6.5380e-06	-2.2640e-04	-5.3533e-04	-1.8694e-02	4.2494e-02	8.1200e-03
3.8841e-04	-4.1365e-05	2.7657e-04	5.3300e-03	1.6505e-01	2.5676e-01	1.3631e-04	1.3690e-04	1.1526e-04	3.1175e-02	-9.1370e-03	-8.2410e-03
2.0359e-04	-5.4758e-04	-1.5526e-04	-1.7772e-02	1.6497e-01	2.7564e-01	-1.8482e-04	-5.0622e-04	-4.3183e-04	-2.3102e-02	-8.3000e-05	1.8876e-02
7.3919e-04	-4.6741e-04	-1.5526e-04	-8.2233e-03	1.7440e-01	2.7562e-01	5.3560e-04	8.0175e-05	0.0000e+00	9.5487e-03	9.4370e-03	-1.9000e-05
1.0322e-04	-6.5930e-04	-1.5526e-04	-1.7736e-02	1.4534e-01	2.6332e-01	-6.3596e-04	-1.9190e-04	0.0000e+00	-9.5131e-03	-2.9060e-02	-1.2301e-02
5.1682e-04	-2.8607e-04	-1.5526e-04	-5.2108e-03	1.8751e-01	2.5457e-01	4.1359e-04	3.7324e-04	0.0000e+00	1.2526e-02	4.2165e-02	-8.7450e-03
-1.8197e-04	-2.6875e-04	3.0242e-04	6.7507e-04	1.3855e-01	2.5681e-01	-6.9879e-04	1.7315e-05	4.5768e-04	5.8859e-03	-4.8960e-02	2.2380e-03
-3.2506e-05	2.6177e-04	3.0242e-04	5.5703e-04	1.5896e-01	2.5061e-01	1.4946e-04	5.3053e-04	0.0000e+00	-1.1804e-04	2.0413e-02	-6.1980e-03
-3.0269e-04	1.7074e-03	4.9926e-04	-1.4191e-02	1.5313e-01	1.8521e-01	-2.7018e-04	1.4456e-03	1.9684e-04	-1.4748e-02	-5.8320e-03	-6.5399e-02
-3.6220e-04	8.4133e-04	-1.7969e-04	-2.7106e-02	1.1525e-01	1.9748e-01	-5.9508e-05	-8.6602e-04	-6.7895e-04	-1.2915e-02	-3.7880e-02	1.2267e-02
-3.0269e-04	9.8357e-04	-3.9445e-04	-3.1401e-02	1.5042e-01	1.9496e-01	5.9508e-05	1.4224e-04	-2.1476e-04	-4.2953e-03	3.5172e-02	-2.5150e-03
1.6510e-04	9.3791e-04	-5.0515e-04	-4.0560e-02	1.7076e-01	1.7732e-01	4.6780e-04	-4.5660e-05	-1.1070e-04	-9.1590e-03	2.0337e-02	-1.7643e-02
-3.8818e-04	7.2202e-04	-7.6637e-04	-4.0583e-02	1.6363e-01	2.0032e-01	-5.5329e-04	-2.1589e-04	-2.6122e-04	-2.3100e-05	-7.1230e-03	2.3003e-02
-3.0489e-05	5.6258e-04	-8.7515e-04	-5.6807e-02	1.8599e-01	1.7735e-01	3.5769e-04	-1.5944e-04	-1.0879e-04	-1.6223e-02	2.2354e-02	-2.2974e-02
-2.5151e-04	4.3027e-04	-8.7515e-04	-5.6771e-02	1.7450e-01	1.8461e-01	-2.2102e-04	-1.3232e-04	0.0000e+00	3.5300e-05	-1.1484e-02	7.2600e-03
-9.4625e-04	3.7671e-04	-4.7499e-04	-5.6734e-02	1.4214e-01	2.0825e-01	-6.9474e-04	-5.3557e-05	4.0016e-04	3.7600e-05	-3.2365e-02	2.3636e-02
-4.8223e-04	7.3204e-04	-7.0998e-04	-5.6790e-02	1.6243e-01	1.7244e-01	4.6402e-04	3.5533e-04	-2.3499e-04	-5.6100e-05	2.0294e-02	-3.5802e-02
-7.7458e-04	6.7419e-04	-7.8169e-04	-5.0330e-02	1.5518e-01	1.7949e-01	-2.9235e-04	-5.7848e-05	-7.1713e-05	6.4593e-03	-7.2520e-03	7.0440e-03
-4.5882e-04	6.7275e-04	-9.2622e-04	-7.3571e-02	1.3651e-01	1.7125e-01	3.1577e-04	-1.4450e-06	-1.4453e-04	-2.3240e-02	-1.8672e-02	-8.2320e-03
-7.7458e-04	5.6491e-04	-6.5259e-04	-6.1928e-02	1.4966e-01	1.7394e-01	-3.1577e-04	-1.0783e-04	2.7363e-04	1.1643e-02	1.3146e-02	2.6880e-03
-4.6735e-04	8.3634e-04	-1.1621e-03	-6.2089e-02	1.6925e-01	1.8255e-01	3.0723e-04	2.7142e-04	-5.0948e-04	-1.6090e-04	1.9595e-02	8.6040e-03
7.7171e-05	8.7831e-04	-1.1621e-03	-7.2457e-02	1.7428e-01	1.4549e-01	5.4452e-04	4.1974e-05	0.0000e+00	-1.0368e-02	5.0350e-03	-3.7057e-02
-1.0218e-04	6.0791e-04	-1.1621e-03	-7.8681e-02	1.6932e-01	1.6640e-01	-1.7935e-04	-2.7040e-04	0.0000e+00	-6.2233e-03	-4.9640e-03	2.0911e-02
-7.1687e-04	6.5256e-04	-1.1621e-03	-7.3699e-02	1.5710e-01	1.7524e-01	-6.1469e-04	4.4657e-05	0.0000e+00	4.9822e-03	-1.2224e-02	8.8360e-03
-4.5408e-04	6.4682e-04	-1.1621e-03	-6.1108e-02	1.7015e-01	1.3726e-01	2.6280e-04	-5.7400e-06	0.0000e+00	1.2591e-02	1.3056e-02	-3.7980e-02
-9.2293e-04	1.0484e-03	-1.1621e-03	-5.1563e-02	1.6808e-01	1.5932e-01	-4.6885e-04	4.0158e-04	0.0000e+00	9.5449e-03	-2.0750e-03	2.2059e-02
-1.5102e-03	8.0762e-04	-7.4079e-04	-6.8981e-02	1.1681e-01	1.4597e-01	-5.8723e-04	-2.4078e-04	4.2128e-04	-1.7418e-02	-5.1269e-02	-1.3350e-02
-1.0431e-03	1.0177e-03	-1.4041e-03	-6.9074e-02	1.5534e-01	1.4010e-01	4.6706e-04	2.1013e-04	-6.6332e-04	-9.3400e-05	3.8535e-02	-5.8680e-03
-9.7292e-04	9.7045e-04	-9.3990e-04	-6.7531e-02	1.3675e-01	1.1985e-01	7.0184e-05	-4.7296e-05	4.6421e-04	1.5429e-03	-1.8594e-02	-2.0247e-02
-1.5102e-03	1.0983e-03	-9.3990e-04	-5.5946e-02	1.3668e-01	1.1676e-01	-5.3724e-04	1.2783e-04	0.0000e+00	1.1585e-02	-7.0000e-05	-3.0880e-03
-4.9131e-04	8.7224e-04	-1.1444e-03	-3.8500e-02	1.5419e-01	1.2095e-01	1.0189e-03	-2.2604e-04	-2.0452e-04	1.7446e-02	1.7512e-02	4.1870e-03
-7.9981e-04	9.4728e-05	-9.3990e-04	-3.1377e-02	1.3677e-01	1.4894e-01	-3.0850e-04	-7.7751e-04	2.0452e-04	7.1235e-03	-1.7419e-02	2.7990e-02
-1.3162e-03	3.4776e-04	-9.3990e-04	-3.1416e-02	1.2644e-01	1.4511e-01	-5.1635e-04	2.5303e-04	0.0000e+00	-3.9300e-05	-1.0334e-02	-3.8250e-03
-8.8972e-04	4.9582e-04	-9.3990e-04	-3.1434e-02	1.4070e-01	1.4110e-01	4.2644e-04	1.4805e-04	0.0000e+00	-1.8100e-05	1.4262e-02	-4.0130e-03
-1.5132e-03	3.9401e-04	-9.3990e-04	-4.2630e-02	1.1502e-01	1.3232e-01	-6.2344e-04	-1.0181e-04	0.0000e+00	-1.1196e-02	-2.5678e-02	-8.7840e-03
-1.1097e-03	3.5279e-04	-9.3990e-04	-3.1428e-02	1.3673e-01	1.3227e-01	4.0343e-04	-4.1220e-05	0.0000e+00	1.1201e-02	2.1708e-02	-5.1000e-05
-4.7189e-04	-2.0544e-04	-5.4542e-04	-3.1259e-02	1.3686e-01	1.3220e-01	6.3784e-04	-5.5823e-04	3.9448e-04	1.6920e-04	1.2900e-04	-6.6000e-05
-5.8783e-04	-2.0544e-04	-3.8797e-04	-3.1240e-02	1.2323e-01	1.1447e-01	-1.1593e-04	0.0000e+00	1.5746e-04	1.9100e-05	-1.3629e-02	-1.7729e-02
-7.2064e-04	-2.2844e-04	-2.7065e-05	-1.9192e-02	1.3687e-01	1.1212e-01	-1.3281e-04	-2.2995e-05	3.6090e-04	1.2049e-02	1.3640e-02	-2.3510e-03
-7.7364e-04	1.0878e-04	-3.2470e-04	-3.0108e-02	1.2733e-01	1.3221e-01	-5.2999e-05	3.3722e-04	-2.9763e-04	-1.0917e-02	-9.5380e-03	2.0085e-02
-1.4759e-03	-1.2286e-04	-4.3925e-04	-3.4217e-02	9.1293e-02	1.3225e-01	-7.0226e-04	-2.3164e-04	-1.1456e-04	-4.1087e-03	-3.6040e-02	4.6000e-05
-6.8336e-04	2.1367e-04	-6.0679e-04	-2.5728e-02	1.3264e-01	1.1964e-01	7.9254e-04	3.3653e-04	-1.6754e-04	8.4895e-03	4.1343e-02	-1.2614e-02
-1.3832e-03	-1.2351e-05	-5.8559e-04	-3.9873e-02	1.0035e-01	1.2533e-01	-6.9981e-04	-2.2602e-04	2.1203e-05	-1.4145e-02	-3.2282e-02	5.6910e-03
-1.8889e-04	1.2926e-04	-3.4237e-04	-1.4625e-02	1.3478e-01	1.0930e-01	1.1943e-03	1.4161e-04	2.4322e-04	2.5248e-02	3.4424e-02	-1.6025e-02
-2.1583e-04	-8.2836e-04	-1.2233e-05	-4.9980e-03	1.2148e-01	4.9857e-02	-2.6938e-05	-9.5763e-04	3.3013e-04	9.6268e-03	-1.3300e-02	-5.9447e-02
3.9724e-04	-6.9040e-05	1.8845e-04	1.2239e-02	1.4389e-01	1.7429e-02	6.1307e-04	7.5932e-04	2.0068e-04	1.7237e-02	2.2414e-02	-3.2428e-02
4.6610e-04	-5.0181e-04	4.3335e-04	3.1867e-02	1.3698e-01	1.3944e-03	6.8858e-05	-4.3277e-04	2.4490e-04	1.9627e-02	-6.9140e-03	-1.6034e-02
-2.3250e-04	-7.1347e-04	1.0714e-03	5.1160e-02	1.3473e-01	3.2039e-02	-6.9860e-04	-2.1166e-04	6.3805e-04	1.9293e-02	-2.2490e-03	3.0645e-02
-6.7122e-04	-1.8105e-04	4.3497e-04	1.4823e-02	1.1651e-01	4.3127e-02	-4.3872e-04	5.3242e-04	-6.3643e-04	-3.6337e-02	-1.8216e-02	1.1087e-02
-5.1591e-04	5.1838e-05	4.9422e-04	1.0930e-02	1.0748e-01	3.5657e-02	1.5531e-04	2.3289e-04	5.9250e-05	-3.8927e-03	-9.0350e-03	-7.4693e-03
-4.5855e-04	-1.0054e-05	3.6460e-04	6.3043e-03	1.2497e-01	5.5509e-02	5.7361e-05	-6.1892e-05	-1.2961e-04	-4.6255e-03	1.7488e-02	1.9851e-02
-5.9921e-04	5.8807e-04	1.1777e-04	4.4397e-03	1.1328e-01	6.3624e-02	-1.4066e-04	5.9813e-04	-2.4683e-04	-1.8646e-03	-1.1688e-02	8.1153e-03
-6.7122e-04	-1.8105e-04	-1.3531e-04	-1.0280e-02	7.3829e-02	7.8010e-02	-7.2016e-05	-7.6913e-04	-2.5308e-04	-1.4719e-02	-3.9449e-02	1.4386e-02
-8.6847e-04	7.8147e-05	-3.4234e-04	-2.3068e-02	7.3827e-02	6.0092e-02	-1.9724e-04	2.5920e-04	-2.0703e-04	-1.2788e-02	-2.4000e-06	-1.7918e-02
-6.7122e-04	-1.8105e-04	-7.2213e-04	-1.8561e-02	8.9534e-02	7.8010e-02	1.9724e-04	-2.5920e-04	-3.7980e-04	4.5067e-03	1.5707e-02	1.7918e-02
-3.6923e-04	-1.8105e-04	-7.2213e-04	-4.3747e-02	6.1074e-02	7.7973e-02	3.0199e-04	0.0000e+00	0.0000e+00	-2.5186e-02	-2.8460e-02	-3.6900e-05
-9.3345e-04	-1.8105e-04	-4.9949e-04	-1.4294e-02	4.6863e-02	7.8003e-02	-5.6422e-04	0.0000e+00	2.2264e-04	2.9453e-02	-1.4211e-02	3.0100e-05
-6.0439e-04	3.0447e-04	-3.2683e-04	-1.4329e-02	6.4153e-02	5.4101e-02	3.2906e-04	4.8552e-04	1.7267e-04	-3.4600e-05	1.7290e-02	-2.3902e-02
-1.1284e-03	3.0901e-04	-2.5488e-04	-1.8222e-02	3.3577e-02	8.5495e-02	-5.2404e-04	4.5400e-06	7.1948e-05	-3.8930e-03	-3.0576e-02	3.1394e-02
-6.8718e-04	5.1402e-04	-4.7122e-04	-1.4363e-02	6.3846e-02	4.6127e-02	4.4125e-04	2.0501e-04	-2.1634e-04	3.8587e-03	3.0269e-02	-3.9368e-02
-3.6826e-04	4.8957e-04	-6.1385e-04	-1.4369e-02	5.2730e-02	4.6129e-02	3.1891e-04	-2.4445e-05	-1.4263e-04	-5.6000e-06	-1.1116e-02	2.7000e-06
-9.3793e-04	3.0273e-04	-4.4803e-04	-1.4352e-02	3.5714e-02	7.2189e-02	-5.6967e-04	-1.8684e-04	1.6582e-04	1.6500e-05	-1.7015e-02	2.6060e-02
-6.8718e-04	3.4097e-04	-7.2213e-04	-1.8453e-02	4.9595e-02	7.4275e-02	2.5076e-04	3.8237e-05	-2.7411e-04	-4.1007e-03	1.3881e-02	2.0864e-03
-4.3563e-05	4.7385e-04	-7.2213e-04	-2.0066e-02	6.0748e-02	4.6110e-02	6.4361e-04	1.3288e-04	0.0000e+00	-1.6132e-03	1.1153e-02	-2.8165e-02
-7.9348e-04	7.9108e-05	-7.2213e-04	-1.7756e-02	6.0697e-02	7.2061e-02	-7.4992e-04	-3.9474e-04	0.0000e+00	2.3100e-03	-5.1700e-05	2.5950e-02
-2.2965e-04	-1.8105e-04	-7.2213e-04	-1.4304e-02	7.5521e-02	3.3164e-02	5.6382e-04	-2.6016e-04	0.0000e+00	3.4525e-03	1.4824e-02	-3.8897e-02
-9.0073e-04	4.8550e-05	-4.7375e-04	-1.4317e-02	4.0493e-02	6.3105e-02	-6.7107e-04	2.2960e-04	2.4838e-04	-1.2800e-05	-3.5028e-02	2.9941e-02
-3.3537e-04	8.1012e-04	-7.2213e-04	-1.4361e-02	7.4327e-02	3.8960e-02	5.6536e-04	7.6157e-04	-2.4838e-04	-4.4800e-05	3.3834e-02	-2.4144e-02
-9.8297e-04	2.7567e-04	-7.2213e-04	-1.4337e-02	4.4875e-02	4.6190e-02	-6.4760e-04	-5.3445e-04	0.0000e+00	2.4800e-05	-2.9452e-02	7.2294e-03
-8.9975e-04	2.7567e-04	-7.2213e-04	-1.4337e-02	6.0770e-02	4.0079e-02	8.3217e-05	0.0000e+00	0.0000e+00	0.0000e+00	1.5895e-02	-6.1108e-03
-3.5690e-04	2.7567e-04	-5.7299e-04	-9.5454e-03	6.9337e-02	3.3854e-02	5.4286e-04	0.0000e+00	1.4915e-04	4.7912e-03	8.5671e-03	-6.2250e-03
-9.8297e-04	2.7567e-04	-3.9481e-04	2.2564e-03	6.0761e-02	4.6190e-02	-6.2607e-04	0.0000e+00	1.7818e-04	1.1802e-02	-8.5760e-03	1.2336e-02
-6.9006e-04	2.7567e-04	-7.2213e-04	-3.7502e-03	7.1369e-02	4.6159e-02	2.9291e-04	0.0000e+00	-3.2733e-04	-6.0066e-03	1.0608e-02	-3.0200e-05
-5.4924e-04	2.7567e-04	-3.1005e-04	2.2622e-03	6.0809e-02	4.6163e-02	1.4082e-04	0.0000e+00	4.1208e-04	6.0124e-03	-1.0560e-02	3.5000e-06
-9.2340e-04	2.7567e-04	-4.1431e-04	2.2552e-03	4.4938e-02	4.6186e-02	-3.7416e-04	0.0000e+00	-1.0426e-04	-6.9700e-06	-1.5870e-02	2.2700e-05
-6.4044e-04	2.7567e-04	-3.1005e-04	2.2622e-03	6.0792e-02	4.6168e-02	2.8296e-04	0.0000e+00	1.0426e-04	6.9700e-06	1.5853e-02	-1.8000e-05
-5.6909e-04	5.4482e-04	-3.1005e-04	-2.6733e-03	5.6671e-02	3.3545e-02	7.1352e-05	2.6914e-04	0.0000e+00	-4.9355e-03	-4.1201e-03	-1.2623e-02
-7.5220e-04	3.6441e-04	-2.0921e-04	2.2593e-03	3.7430e-02	4.6175e-02	-1.8311e-04	-1.8041e-04	1.0084e-04	4.9326e-03	-1.9242e-02	1.2630e-02
-1.6854e-04	2.7567e-04	-3.1005e-04	2.2622e-03	6.0841e-02	4.6128e-02	5.8366e-04	-8.8738e-05	-1.0084e-04	2.9100e-06	2.3411e-02	-4.7000e-05
-1.1878e-04	3.2585e-04	-3.1005e-04	2.2619e-03	6.0846e-02	-2.3694e-02	4.9758e-05	5.0183e-05	0.0000e+00	-2.5000e-07	5.4000e-06	-6.9822e-02
-9.7437e-04	-1.5052e-04	-2.4305e-05	-7.5935e-04	6.0850e-02	-6.0091e-03	-8.5559e-04	-4.7637e-04	2.8575e-04	-3.0213e-03	3.3000e-06	1.7685e-02
-3.9934e-04	-5.1741e-04	3.2314e-04	2.2928e-03	7.1149e-02	-2.0376e-02	5.7503e-04	-3.6690e-04	3.4744e-04	3.0522e-03	1.0300e-02	-1.4367e-02
-3.4487e-04	-3.6173e-04	8.4938e-05	-9.6393e-03	6.3394e-02	2.6841e-05	5.4471e-05	1.5568e-04	-2.3820e-04	-1.1932e-02	-7.7555e-03	2.0403e-02
-3.9934e-04	-4.8961e-05	1.1305e-04	2.2813e-03	4.7545e-02	3.4842e-05	-5.4471e-05	3.1277e-04	2.8108e-05	1.1921e-02	-1.5849e-02	8.0010e-06
6.5555e-04	2.5139e-05	5.1273e-04	1.7579e-02	6.0873e-02	-2.2559e-02	1.0549e-03	7.4100e-05	3.9968e-04	1.5298e-02	1.3328e-02	-2.2593e-02
5.9733e-04	8.0778e-04	3.2314e-04	2.2519e-03	5.1017e-02	2.2594e-05	-5.8221e-05	7.8264e-04	-1.8959e-04	-1.5327e-02	-9.8563e-03	2.2581e-02
2.2601e-04	4.2590e-05	-5.6156e-05	-8.3676e-03	3.4749e-03	-1.1003e-02	-3.7132e-04	-7.6519e-04	-3.7929e-04	-1.0619e-02	-4.7542e-02	-1.1026e-02
2.7395e-04	5.0327e-04	-2.6834e-04	2.2662e-03	1.7668e-02	-1.7825e-02	4.7938e-05	4.6068e-04	-2.1218e-04	1.0634e-02	1.4193e-02	-6.8219e-03
7.7842e-04	5.5598e-04	-9.4317e-04	-4.2223e-02	3.4278e-02	-2.6233e-03	5.0448e-04	5.2709e-05	-6.7483e-04	-4.4489e-02	1.6610e-02	1.5202e-02
3.1332e-04	4.2590e-05	-5.3511e-04	-1.9195e-02	4.1310e-03	1.8523e-05	-4.6511e-04	-5.1339e-04	4.0805e-04	2.3028e-02	-3.0147e-02	2.6419e-03
2.6406e-04	2.3326e-04	-5.3511e-04	-1.2104e-02	8.5115e-03	-1.1410e-02	-4.9261e-05	1.9067e-04	0.0000e+00	7.0906e-03	4.3805e-03	-1.1429e-02
7.5793e-04	-5.2940e-23	-5.3511e-04	-7.5080e-03	2.9573e-02	-3.9884e-06	4.9387e-04	-2.3326e-04	0.0000e+00	4.5961e-03	2.1061e-02	1.1406e-02
4.3816e-04	-0.0000e+00	-1.9316e-04	-3.5592e-03	7.2918e-03	6.9489e-06	-3.1977e-04	5.2940e-23	3.4195e-04	3.9489e-03	-2.2281e-02	1.0937e-05
8.8746e-05	-0.0000e+00	0.0000e+00	1.0354e-02	1.4842e-02	2.8591e-06	-3.4941e-04	0.0000e+00	1.9316e-04	1.3913e-02	7.5504e-03	-4.0898e-06
8.0585e-04	1.3235e-23	1.3887e-04	-1.8849e-06	2.9586e-02	5.7838e-03	7.1710e-04	1.3235e-23	1.3887e-04	-1.0356e-02	1.4744e-02	5.7809e-03
5.0055e-05	-6.9365e-05	0.0000e+00	3.3681e-06	-1.9390e-02	6.9374e-03	-7.5579e-04	-6.9365e-05	-1.3887e-04	5.2530e-06	-4.8976e-02	1.1537e-03
0.0000e+00	-0.0000e+00	0.0000e+00	0.0000e+00	0.0000e+00	0.0000e+00	-5.0055e-05	6.9365e-05	0.0000e+00	-3.3681e-06	1.9390e-02	-6.9374e-03
2.4299e-04	-0.0000e+00	-1.7033e-04	-6.0595e-03	1.2393e-02	-4.4942e-06	2.4299e-04	0.0000e+00	-1.7033e-04	-6.0595e-03	1.2393e-02	-4.4942e-06
1.3958e-04	-0.0000e+00	0.0000e+00	-8.9659e-03	-9.8514e-03	2.1922e-06	-1.0342e-04	0.0000e+00	1.7033e-04	-2.9064e-03	-2.2244e-02	6.6864e-06
-6.6174e-24	-2.0364e-04	-2.6634e-04	2.8085e-05	-2.6611e-02	-1.8198e-06	-1.3958e-04	-2.0364e-04	-2.6634e-04	8.9940e-03	-1.6760e-02	-4.0119e-06
3.4968e-04	-0.0000e+00	-5.4482e-04	-8.5644e-03	-8.2261e-03	2.1020e-02	3.4968e-04	2.0364e-04	-2.7847e-04	-8.5924e-03	1.8385e-02	2.1022e-02
2.6149e-04	-0.0000e+00	-5.4482e-04	-5.5806e-03	-2.4419e-02	1.5783e-02	-8.8188e-05	0.0000e+00	0.0000e+00	2.9838e-03	-1.6193e-02	-5.2367e-03
1.5898e-04	-1.4493e-04	-3.7805e-04	1.2360e-05	-2.2709e-02	1.5682e-02	-1.0251e-04	-1.4493e-04	1.6677e-04	5.5929e-03	1.7103e-03	-1.0050e-04
5.5950e-04	-0.0000e+00	-5.4482e-04	-1.1099e-02	4.2173e-05	2.7589e-06	4.0052e-04	1.4493e-04	-1.6677e-04	-1.1111e-02	2.2751e-02	-1.5680e-02
4.2943e-04	2.9535e-23	-5.4482e-04	-7.5305e-03	-2.0674e-02	1.3306e-02	-1.3006e-04	2.9535e-23	0.0000e+00	3.5684e-03	-2.0717e-02	1.3303e-02
4.2943e-04	-1.8803e-23	-3.4685e-04	-1.2160e-02	-1.7181e-02	1.6440e-02	0.0000e+00	-4.8337e-23	1.9797e-04	-4.6298e-03	3.4937e-03	3.1346e-03
9.2481e-04	-4.1401e-04	-1.1635e-03	-4.1569e-02	6.7859e-06	-4.4011e-02	4.9538e-04	-4.1401e-04	-8.1662e-04	-2.9409e-02	1.7187e-02	-6.0451e-02
5.8056e-04	-4.3944e-04	-4.2651e-05	-1.6721e-03	7.3674e-06	-3.5027e-02	-3.4425e-04	-2.5432e-05	1.1208e-03	3.9897e-02	5.8151e-07	8.9835e-03
4.1840e-04	-3.7053e-04	1.6445e-05	-1.7167e-03	6.1463e-06	-1.9005e-02	-1.6217e-04	6.8912e-05	5.9095e-05	-4.4580e-05	-1.2211e-06	1.6022e-02
5.8832e-04	-3.7053e-04	1.6445e-05	2.1455e-03	7.6596e-06	-2.5224e-02	1.6992e-04	0.0000e+00	0.0000e+00	3.8622e-03	1.5133e-06	-6.2190e-03
3.6469e-04	-3.7053e-04	1.2734e-04	1.6296e-02	-2.7298e-02	-5.9123e-04	-2.2363e-04	0.0000e+00	1.1089e-04	1.4150e-02	-2.7306e-02	2.4633e-02
8.7182e-04	1.0152e-04	-6.4530e-04	1.0405e-03	7.8319e-03	-2.5767e-02	5.0713e-04	4.7205e-04	-7.7263e-04	-1.5255e-02	3.5130e-02	-2.5176e-02
5.2226e-04	1.0384e-03	-2.2043e-04	1.6226e-02	-1.4715e-02	-1.7192e-02	-3.4956e-04	9.3686e-04	4.2487e-04	1.5185e-02	-2.2547e-02	8.5749e-03
-2.2221e-03	5.5593e-04	-4.6135e-04	9.2383e-03	-1.1775e-01	1.9606e-01	-2.7443e-03	-4.8245e-04	-2.4092e-04	-6.9874e-03	-1.0303e-01	2.1325e-01
-2.7288e-03	1.0152e-04	1.4980e-04	1.3578e-03	-3.1400e-01	3.2285e-01	-5.0672e-04	-4.5441e-04	6.1116e-04	-7.8806e-03	-1.9625e-01	1.2678e-01
-2.2107e-03	1.0466e-03	1.4980e-04	6.3143e-02	-1.0948e-01	2.9184e-01	5.1815e-04	9.4507e-04	0.0000e+00	6.1785e-02	2.0452e-01	-3.1008e-02
-2.6739e-03	1.0336e-03	1.4980e-04	6.3355e-02	-5.1961e-02	2.1280e-01	-4.6323e-04	-1.2990e-05	0.0000e+00	2.1230e-04	5.7517e-02	-7.9033e-02
-2.2530e-03	7.2214e-04	1.4980e-04	7.9821e-02	-8.2449e-02	1.8988e-01	4.2093e-04	-3.1146e-04	0.0000e+00	1.6466e-02	-3.0488e-02	-2.2927e-02
-1.6764e-03	7.4128e-04	1.4980e-04	1.0005e-01	-8.7805e-02	2.0957e-01	5.7651e-04	1.9141e-05	0.0000e+00	2.0225e-02	-5.3560e-03	1.9694e-02
-1.6764e-03	3.7699e-04	1.4980e-04	1.0577e-01	-9.5987e-02	2.4161e-01	0.0000e+00	-3.6428e-04	0.0000e+00	5.7250e-03	-8.1825e-03	3.2043e-02
-1.8871e-03	1.0439e-03	-1.1569e-04	8.9734e-02	-9.8995e-02	1.6309e-01	-2.1063e-04	6.6687e-04	-2.6550e-04	-1.6037e-02	-3.0074e-03	-7.8524e-02
-1.5656e-03	9.5915e-04	-3.2818e-04	7.9920e-02	-9.9282e-02	1.8975e-01	3.2148e-04	-8.4720e-05	-2.1248e-04	-9.8144e-03	-2.8750e-04	2.6657e-02
-1.7098e-03	7.6916e-04	-3.2818e-04	7.9955e-02	-1.0771e-01	1.9112e-01	-1.4426e-04	-1.8999e-04	0.0000e+00	3.5000e-05	-8.4318e-03	1.3760e-03
-1.8645e-03	1.0591e-03	-2.7760e-04	7.9911e-02	-9.9763e-02	1.7974e-01	-1.5463e-04	2.8991e-04	5.0580e-05	-4.3900e-05	7.9513e-03	-1.1387e-02
-1.4771e-03	9.7094e-04	-4.4060e-04	7.9930e-02	-9.9679e-02	1.7508e-01	3.8738e-04	-8.8133e-05	-1.6300e-04	1.8500e-05	8.3800e-05	-4.6590e-03
-1.7435e-03	9.1091e-04	-5.0613e-04	7.9922e-02	-9.9739e-02	1.8473e-01	-2.6636e-04	-6.0032e-05	-6.5532e-05	-7.7000e-06	-6.0600e-05	9.6510e-03
-1.9231e-03	9.5723e-04	-5.6028e-04	7.9938e-02	-9.0848e-02	1.7953e-01	-1.7968e-04	4.6325e-05	-5.4146e-05	1.6600e-05	8.8912e-03	-5.2030e-03
-1.7435e-03	1.1598e-03	-7.1918e-04	7.9916e-02	-8.6761e-02	1.7074e-01	1.7968e-04	2.0256e-04	-1.5890e-04	-2.2200e-05	4.0874e-03	-8.7850e-03
-1.7435e-03	1.5481e-03	-7.7088e-04	7.9899e-02	-7.4776e-02	1.4285e-01	0.0000e+00	3.8834e-04	-5.1701e-05	-1.7200e-05	1.1985e-02	-2.7890e-02
-2.6296e-03	1.0553e-03	-5.3962e-04	6.6243e-02	-1.0331e-01	1.6793e-01	-8.8614e-04	-4.9280e-04	2.3126e-04	-1.3656e-02	-2.8530e-02	2.5083e-02
-2.2243e-03	1.2512e-03	-7.7088e-04	7.0278e-02	-9.9796e-02	1.4791e-01	4.0527e-04	1.9588e-04	-2.3126e-04	4.0345e-03	3.5104e-03	-2.0021e-02
-1.6338e-03	1.3287e-03	-7.7088e-04	6.6540e-02	-8.7336e-02	1.3063e-01	5.9056e-04	7.7450e-05	0.0000e+00	-3.7380e-03	1.2460e-02	-1.7287e-02
-2.1798e-03	8.1188e-04	-7.7088e-04	6.3567e-02	-8.5436e-02	1.3953e-01	-5.4603e-04	-5.1678e-04	0.0000e+00	-2.9723e-03	1.8999e-03	8.9050e-03
-1.4353e-03	5.5489e-04	-4.6040e-04	8.0013e-02	-6.6825e-02	1.3057e-01	7.4449e-04	-2.5699e-04	3.1048e-04	1.6446e-02	1.8611e-02	-8.9580e-03
-1.5563e-03	5.4688e-04	-5.6755e-04	6.7144e-02	-5.9117e-02	1.3349e-01	-1.2104e-04	-8.0160e-06	-1.0715e-04	-1.2869e-02	7.7086e-03	2.9190e-03
-2.4045e-03	6.2308e-04	-5.1506e-04	6.5888e-02	-1.0590e-01	1.3155e-01	-8.4817e-04	7.6202e-05	5.2492e-05	-1.2558e-03	-4.6782e-02	-1.9450e-03
-1.8885e-03	1.1184e-03	-7.7088e-04	6.3809e-02	-7.9958e-02	1.2544e-01	5.1600e-04	4.9532e-04	-2.5582e-04	-2.0797e-03	2.5941e-02	-6.1060e-03
-2.2338e-03	8.5625e-04	-7.7088e-04	6.8089e-02	-1.0901e-01	1.1275e-01	-3.4531e-04	-2.6215e-04	0.0000e+00	4.2804e-03	-2.9048e-02	-1.2695e-02
-2.3686e-03	8.9337e-04	-7.7088e-04	4.0372e-02	-1.0382e-01	9.9112e-02	-1.3473e-04	3.7117e-05	0.0000e+00	-2.7717e-02	5.1860e-03	-1.3634e-02
-1.9466e-03	9.9217e-04	-9.4764e-04	5.1653e-02	-1.0376e-01	1.1291e-01	4.2198e-04	9.8801e-05	-1.7676e-04	1.1280e-02	5.8000e-05	1.3795e-02
-2.0400e-03	1.0175e-03	-1.0680e-03	3.6592e-02	-1.2250e-01	1.0242e-01	-9.3380e-05	2.5334e-05	-1.2040e-04	-1.5060e-02	-1.8742e-02	-1.0483e-02
-2.3370e-03	1.3091e-03	-5.0199e-05	8.0267e-02	-1.3867e-01	1.1131e-01	-2.9704e-04	2.9164e-04	1.0178e-03	4.3674e-02	-1.6170e-02	8.8830e-03
-1.5578e-03	1.0936e-03	-8.4390e-04	6.7914e-02	-1.0399e-01	9.5920e-02	7.7924e-04	-2.1555e-04	-7.9370e-04	-1.2352e-02	3.4680e-02	-1.5387e-02
-1.9308e-03	1.5691e-03	-3.4417e-04	7.3040e-02	-1.6104e-01	1.0861e-01	-3.7308e-04	4.7553e-04	4.9973e-04	5.1261e-03	-5.7041e-02	1.2687e-02
-2.2087e-03	1.4846e-03	-3.6400e-04	8.6906e-02	-1.2053e-01	1.0658e-01	-2.7785e-04	-8.4490e-05	-1.9835e-05	1.3866e-02	4.0506e-02	-2.0270e-03
-2.2087e-03	2.9577e-03	-2.6349e-05	9.6806e-02	-1.3143e-01	1.1339e-01	0.0000e+00	1.4730e-03	3.3765e-04	9.9000e-03	-1.0897e-02	6.8090e-03
-2.2087e-03	2.1366e-03	-3.6400e-04	7.2921e-02	-1.4543e-01	1.0776e-01	0.0000e+00	-8.2113e-04	-3.3765e-04	-2.3885e-02	-1.4004e-02	-5.6300e-03
-2.4917e-03	2.1366e-03	-3.6400e-04	8.3149e-02	-1.3373e-01	1.1828e-01	-2.8300e-04	0.0000e+00	0.0000e+00	1.0227e-02	1.1697e-02	1.0523e-02
-1.8593e-03	2.1366e-03	-3.6400e-04	9.0288e-02	-1.1842e-01	1.1384e-01	6.3241e-04	0.0000e+00	0.0000e+00	7.1393e-03	1.5312e-02	-4.4410e-03
-1.6441e-03	2.2074e-03	-4.7323e-04	9.0292e-02	-1.1593e-01	1.0362e-01	2.1520e-04	7.0820e-05	-1.0923e-04	4.0000e-06	2.4860e-03	-1.0219e-02
-1.9628e-03	2.1366e-03	-3.6400e-04	7.1791e-02	-1.1059e-01	1.0659e-01	-3.1877e-04	-7.0820e-05	1.0923e-04	-1.8501e-02	5.3400e-03	2.9660e-03
-1.8130e-03	2.1366e-03	-3.6400e-04	7.1791e-02	-1.1686e-01	1.2632e-01	1.4985e-04	0.0000e+00	0.0000e+00	0.0000e+00	-6.2630e-03	1.9727e-02
-1.8130e-03	2.1366e-03	-4.1689e-04	8.9892e-02	-1.1792e-01	1.0643e-01	0.0000e+00	0.0000e+00	-5.2888e-05	1.8101e-02	-1.0570e-03	-1.9883e-02
-2.3035e-03	1.6199e-03	-3.6400e-04	7.9475e-02	-1.2090e-01	1.3117e-01	-4.9052e-04	-5.1660e-04	5.2888e-05	-1.0417e-02	-2.9880e-03	2.4740e-02
-2.3035e-03	2.4417e-03	-9.1325e-04	7.7270e-02	-1.2084e-01	1.1663e-01	0.0000e+00	8.2174e-04	-5.4925e-04	-2.2052e-03	6.4000e-05	-1.4543e-02
-1.8423e-03	2.6330e-03	-9.1325e-04	7.2079e-02	-1.2079e-01	1.0357e-01	4.6122e-04	1.9134e-04	0.0000e+00	-5.1909e-03	4.5000e-05	-1.3056e-02
-1.7853e-03	2.6072e-03	-9.1325e-04	7.4630e-02	-1.2079e-01	8.7407e-02	5.7040e-05	-2.5790e-05	0.0000e+00	2.5510e-03	6.0000e-06	-1.6166e-02
-1.5401e-03	2.1366e-03	-5.0199e-04	7.0189e-02	-1.0754e-01	9.7739e-02	2.4514e-04	-4.7069e-04	4.1127e-04	-4.4409e-03	1.3248e-02	1.0332e-02
-5.1191e-04	2.1366e-03	-3.4864e-04	4.0862e-02	-7.9439e-02	-1.8709e-02	1.0282e-03	0.0000e+00	1.5335e-04	-2.9328e-02	2.8101e-02	-1.1645e-01
-1.5875e-03	1.7804e-03	-8.5363e-05	5.1640e-02	-1.2556e-01	2.6665e-02	-1.0756e-03	-3.5614e-04	2.6327e-04	1.0779e-02	-4.6125e-02	4.5373e-02
-1.6192e-03	2.1366e-03	-3.8963e-04	5.4145e-02	-1.2554e-01	4.3180e-02	-3.1660e-05	3.5614e-04	-3.0426e-04	2.5044e-03	2.8000e-05	1.6516e-02
-1.5172e-03	2.0755e-03	-3.8963e-04	4.6961e-02	-1.2553e-01	3.9853e-02	1.0199e-04	-6.1080e-05	-1.0000e-09	-7.1843e-03	6.0000e-06	-3.3278e-03
-1.4684e-03	2.8924e-03	-7.0400e-04	1.6445e-02	-1.3740e-01	-1.6193e-02	4.8770e-05	8.1692e-04	-3.1437e-04	-3.0515e-02	-1.1874e-02	-5.6046e-02
-1.9298e-03	2.3368e-03	-1.0816e-03	-8.0663e-03	-1.5450e-01	1.9957e-02	-4.6133e-04	-5.5560e-04	-3.7762e-04	-2.4512e-02	-1.7096e-02	3.6151e-02
-1.4340e-03	2.3646e-03	-6.0711e-04	3.2604e-02	-1.4659e-01	2.1102e-02	4.9580e-04	2.7860e-05	4.7451e-04	4.0671e-02	7.9100e-03	1.1452e-03
-1.1399e-03	2.9918e-03	-4.3387e-04	5.0045e-03	-1.5901e-01	1.8323e-02	2.9406e-04	6.2713e-04	1.7323e-04	-2.7600e-02	-1.2422e-02	-2.7791e-03
-1.7228e-03	2.8180e-03	-5.5821e-05	2.1986e-02	-1.6913e-01	2.4619e-03	-5.8296e-04	-1.7377e-04	3.7805e-04	1.6981e-02	-1.0114e-02	-1.5861e-02
-1.8978e-03	2.7123e-03	-5.8177e-04	1.1895e-02	-1.6236e-01	9.8920e-03	-1.7496e-04	-1.0572e-04	-5.2595e-04	-1.0091e-02	6.7690e-03	7.4301e-03
-1.5731e-03	2.7957e-03	-1.0446e-03	2.2344e-02	-1.6507e-01	2.1268e-02	3.2473e-04	8.3420e-05	-4.6287e-04	1.0449e-02	-2.7170e-03	1.1376e-02
-1.6616e-03	2.8427e-03	-8.5514e-04	2.2319e-02	-1.7468e-01	1.1451e-02	-8.8520e-05	4.7030e-05	1.8950e-04	-2.5300e-05	-9.6050e-03	-9.8168e-03
-1.9409e-03	2.6913e-03	-1.0446e-03	3.9634e-02	-1.6703e-01	1.3316e-02	-2.7931e-04	-1.5140e-04	-1.8950e-04	1.7316e-02	7.6470e-03	1.8645e-03
-1.8881e-03	2.7723e-03	-1.0446e-03	3.9611e-02	-1.9072e-01	3.5189e-02	5.2780e-05	8.0970e-05	0.0000e+00	-2.3300e-05	-2.3692e-02	2.1873e-02
-1.2674e-03	2.8024e-03	-1.0446e-03	2.3456e-02	-1.6697e-01	4.5271e-02	6.2073e-04	3.0090e-05	0.0000e+00	-1.6155e-02	2.3756e-02	1.0082e-02
-1.3877e-03	2.8024e-03	-9.0571e-04	3.5315e-02	-1.7623e-01	4.5250e-02	-1.2034e-04	0.0000e+00	1.3893e-04	1.1859e-02	-9.2650e-03	-2.0500e-05
-1.5662e-03	2.8024e-03	-1.0446e-03	3.5780e-02	-1.6699e-01	3.3547e-02	-1.7851e-04	0.0000e+00	-1.3893e-04	4.6500e-04	9.2430e-03	-1.1703e-02
-9.9694e-04	2.4190e-03	-1.0446e-03	3.4989e-02	-1.5178e-01	2.1062e-02	5.6931e-04	-3.8338e-04	0.0000e+00	-7.9060e-04	1.5209e-02	-1.2485e-02
-1.2935e-03	2.3412e-03	-8.5222e-04	4.0749e-02	-1.6022e-01	4.0889e-02	-2.9660e-04	-7.7780e-05	1.9242e-04	5.7595e-03	-8.4430e-03	1.9827e-02
-1.7615e-03	2.8024e-03	-7.6237e-04	4.0701e-02	-1.6703e-01	4.5357e-02	-4.6801e-04	4.6116e-04	8.9857e-05	-4.7800e-05	-6.8070e-03	4.4678e-03
-1.0406e-03	2.4204e-03	-4.7759e-04	5.8285e-02	-1.4919e-01	1.7431e-02	7.2092e-04	-3.8201e-04	2.8477e-04	1.7584e-02	1.7836e-02	-2.7926e-02
-1.3230e-03	2.1164e-03	-1.4551e-04	6.7525e-02	-1.5161e-01	2.0384e-02	-2.8232e-04	-3.0398e-04	3.3208e-04	9.2399e-03	-2.4200e-03	2.9533e-03
-1.3992e-03	2.4160e-03	-2.8126e-04	6.7836e-02	-1.5448e-01	1.7712e-02	-7.6220e-05	2.9957e-04	-1.3575e-04	3.1040e-04	-2.8680e-03	-2.6721e-03
-8.2507e-04	2.2869e-03	-1.4421e-03	2.4547e-02	-1.4208e-01	1.6263e-02	5.7410e-04	-1.2909e-04	-1.1608e-03	-4.3289e-02	1.2404e-02	-1.4496e-03
-1.3084e-03	2.7399e-03	-1.4421e-03	4.8931e-02	-1.4823e-01	-1.1103e-02	-4.8336e-04	4.5297e-04	0.0000e+00	2.4384e-02	-6.1510e-03	-2.7366e-02
-1.4934e-03	2.2053e-03	-1.2809e-03	4.6149e-02	-1.6700e-01	-1.0109e-02	-1.8492e-04	-5.3457e-04	1.6115e-04	-2.7829e-03	-1.8773e-02	9.9380e-04
-1.3957e-03	2.5292e-03	-1.2217e-03	4.3409e-02	-1.6700e-01	4.8309e-03	9.7680e-05	3.2391e-04	5.9200e-05	-2.7398e-03	6.0000e-06	1.4940e-02
-1.5950e-03	2.6061e-03	-1.2089e-03	4.3699e-02	-1.8404e-01	-2.0184e-02	-1.9932e-04	7.6950e-05	1.2800e-05	2.9020e-04	-1.7048e-02	-2.5014e-02
-1.9998e-03	2.2500e-03	-1.2615e-03	3.1108e-02	-1.6702e-01	-9.2265e-03	-4.0477e-04	-3.5620e-04	-5.2640e-05	-1.2591e-02	1.7027e-02	1.0957e-02
-4.2216e-05	1.4085e-03	-3.6974e-05	7.7782e-02	-1.3967e-01	-3.7337e-02	1.9575e-03	-8.4148e-04	1.2246e-03	4.6674e-02	2.7345e-02	-2.8110e-02
-4.8121e-04	8.2981e-04	5.6661e-04	7.6230e-02	-1.5007e-01	-4.8222e-02	-4.3899e-04	-5.7866e-04	6.0359e-04	-1.5514e-03	-1.0393e-02	-1.0885e-02
-9.7932e-04	1.1839e-03	9.0416e-05	8.0406e-02	-1.7004e-01	-3.7723e-02	-4.9811e-04	3.5405e-04	-4.7620e-04	4.1762e-03	-1.9973e-02	1.0499e-02
-9.7932e-04	1.2143e-03	2.2674e-04	7.5242e-02	-1.8345e-01	-2.3365e-02	0.0000e+00	3.0390e-05	1.3632e-04	-5.1641e-03	-1.3408e-02	1.4358e-02
-9.7932e-04	1.3991e-03	2.2674e-04	7.3325e-02	-1.8798e-01	-4.1030e-02	0.0000e+00	1.8483e-04	0.0000e+00	-1.9170e-03	-4.5370e-03	-1.7665e-02
-1.1405e-03	1.2204e-03	2.2674e-04	7.4590e-02	-1.9904e-01	-2.3622e-02	-1.6117e-04	-1.7864e-04	0.0000e+00	1.2652e-03	-1.1060e-02	1.7409e-02
-6.2655e-04	1.1909e-03	0.0000e+00	7.7709e-02	-1.9659e-01	2.1839e-05	5.1394e-04	-2.9560e-05	-2.2674e-04	3.1185e-03	2.4560e-03	2.3643e-02
