9.5426e-03	-1.0364e-03	-1.3799e-03	1.6852e-01	5.0658e-01	-4.4252e-01	0.0000e+00	0.0000e+00	0.0000e+00	0.0000e+00	0.0000e+00	0.0000e+00
8.4712e-03	-1.0364e-03	-2.0446e-03	1.4008e-01	4.7601e-01	-4.2580e-01	-1.0715e-03	0.0000e+00	-6.6468e-04	-2.8434e-02	-3.0572e-02	1.6715e-02
1.0518e-02	-1.0364e-03	-2.1615e-03	1.6747e-01	5.4795e-01	-4.6769e-01	2.0471e-03	0.0000e+00	-1.1693e-04	2.7387e-02	7.1937e-02	-4.1885e-02
9.5375e-03	-1.0364e-03	-1.6005e-03	1.5907e-01	4.5564e-01	-4.7655e-01	-9.8078e-04	0.0000e+00	5.6106e-04	-8.3980e-03	-9.2302e-02	-8.8620e-03
7.8894e-03	-1.0364e-03	-2.1781e-03	1.4708e-01	5.0483e-01	-3.7803e-01	-1.6481e-03	0.0000e+00	-5.7767e-04	-1.1987e-02	4.9187e-02	9.8520e-02
9.1733e-03	-5.9199e-04	-1.8109e-03	1.6226e-01	4.9938e-01	-4.5555e-01	1.2838e-03	4.4440e-04	3.6723e-04	1.5173e-02	-5.4460e-03	-7.7524e-02
7.6258e-03	-8.0786e-04	-1.9655e-03	1.4000e-01	4.8454e-01	-3.7649e-01	-1.5475e-03	-2.1587e-04	-1.5464e-04	-2.2254e-02	-1.4848e-02	7.9066e-02
7.9234e-03	7.0835e-05	-1.9608e-03	1.1602e-01	4.4888e-01	-2.5928e-01	2.9763e-04	8.7870e-04	4.7900e-06	-2.3982e-02	-3.5656e-02	1.1721e-01
7.4554e-03	-2.9097e-05	-2.1280e-03	1.0715e-01	4.2783e-01	-3.0687e-01	-4.6799e-04	-9.9932e-05	-1.6726e-04	-8.8740e-03	-2.1055e-02	-4.7590e-02
8.2598e-03	2.1411e-04	-2.5785e-03	1.1581e-01	4.4881e-01	-3.2547e-01	8.0439e-04	2.4321e-04	-4.5050e-04	8.6590e-03	2.0988e-02	-1.8599e-02
1.0310e-02	-3.9202e-04	-2.4057e-03	1.1567e-01	4.6465e-01	-4.2020e-01	2.0502e-03	-6.0613e-04	1.7279e-04	-1.3900e-04	1.5841e-02	-9.4740e-02
8.9300e-03	-3.9202e-04	-2.4626e-03	9.8861e-02	4.1018e-01	-3.6238e-01	-1.3800e-03	0.0000e+00	-5.6870e-05	-1.6808e-02	-5.4471e-02	5.7828e-02
7.2199e-03	1.5511e-04	-2.6614e-03	8.6840e-02	4.0663e-01	-3.4229e-01	-1.7100e-03	5.4714e-04	-1.9880e-04	-1.2020e-02	-3.5500e-03	2.0090e-02
8.2934e-03	-5.3548e-05	-2.5454e-03	9.9294e-02	4.5197e-01	-3.1888e-01	1.0735e-03	-2.0866e-04	1.1597e-04	1.2454e-02	4.5332e-02	2.3410e-02
7.8491e-03	-1.2066e-04	-2.4725e-03	9.0802e-02	3.9107e-01	-2.9640e-01	-4.4430e-04	-6.7109e-05	7.2950e-05	-8.4915e-03	-6.0899e-02	2.2472e-02
6.8669e-03	9.7666e-05	-2.6280e-03	7.6439e-02	3.7547e-01	-2.5112e-01	-9.8219e-04	2.1832e-04	-1.5551e-04	-1.4364e-02	-1.5596e-02	4.5282e-02
7.2392e-03	-4.9394e-05	-2.8231e-03	6.7488e-02	4.4683e-01	-2.2465e-01	3.7228e-04	-1.4706e-04	-1.9509e-04	-8.9512e-03	7.1365e-02	2.6468e-02
6.7993e-03	8.5025e-05	-2.9309e-03	5.3259e-02	4.0999e-01	-1.8776e-01	-4.3988e-04	1.3442e-04	-1.0782e-04	-1.4229e-02	-3.6841e-02	3.6895e-02
6.4050e-03	8.1605e-05	-2.5762e-03	6.5158e-02	3.9572e-01	-2.1956e-01	-3.9434e-04	-3.4200e-06	3.5468e-04	1.1899e-02	-1.4275e-02	-3.1795e-02
4.7683e-03	1.5591e-04	-2.3355e-03	6.5396e-02	3.2721e-01	-1.7764e-01	-1.6367e-03	7.4307e-05	2.4073e-04	2.3860e-04	-6.8510e-02	4.1912e-02
3.4839e-03	4.1433e-04	-1.9754e-03	6.5530e-02	3.3791e-01	-1.5817e-01	-1.2844e-03	2.5842e-04	3.6012e-04	1.3390e-04	1.0700e-02	1.9474e-02
2.8618e-03	-5.3076e-05	-1.8520e-03	8.8640e-02	3.8120e-01	-1.1684e-01	-6.2215e-04	-4.6741e-04	1.2334e-04	2.3110e-02	4.3290e-02	4.1328e-02
2.8794e-03	-2.8890e-05	-1.7327e-03	8.8738e-02	3.2701e-01	-1.2915e-01	1.7690e-05	2.4186e-05	1.1936e-04	9.7500e-05	-5.4188e-02	-1.2314e-02
3.0140e-03	1.1330e-05	-1.5552e-03	8.1852e-02	2.7022e-01	-1.1496e-01	1.3456e-04	4.0220e-05	1.7746e-04	-6.8853e-03	-5.6793e-02	1.4194e-02
3.1009e-03	2.7238e-04	-1.4682e-03	7.1936e-02	3.0457e-01	-1.1199e-01	8.6870e-05	2.6105e-04	8.7040e-05	-9.9166e-03	3.4354e-02	2.9660e-03
3.1943e-03	4.4267e-04	-1.8058e-03	7.5528e-02	3.2701e-01	-1.0565e-01	9.3380e-05	1.7029e-04	-3.3761e-04	3.5922e-03	2.2441e-02	6.3460e-03
3.6128e-03	4.4267e-04	-1.7233e-03	8.8833e-02	3.2693e-01	-1.2936e-01	4.1856e-04	0.0000e+00	8.2470e-05	1.3305e-02	-8.6000e-05	-2.3714e-02
3.4429e-03	-6.0522e-04	-1.4089e-03	8.6942e-02	3.1363e-01	-1.5162e-01	-1.6994e-04	-1.0479e-03	3.1443e-04	-1.8908e-03	-1.3299e-02	-2.2255e-02
3.0431e-03	-7.1938e-04	-1.6704e-03	6.9092e-02	3.0184e-01	-1.2417e-01	-3.9979e-04	-1.1416e-04	-2.6149e-04	-1.7850e-02	-1.1791e-02	2.7444e-02
2.4233e-03	-6.0522e-04	-1.7190e-03	5.7262e-02	3.1446e-01	-6.1790e-02	-6.1979e-04	1.1416e-04	-4.8640e-05	-1.1830e-02	1.2619e-02	6.2384e-02
2.8399e-03	-1.0934e-04	-1.4302e-03	6.9251e-02	3.0971e-01	-7.8014e-02	4.1658e-04	4.9588e-04	2.8880e-04	1.1989e-02	-4.7430e-03	-1.6224e-02
3.2921e-03	-1.8935e-04	-1.2263e-03	4.7912e-02	3.0036e-01	-4.5479e-02	4.5225e-04	-8.0008e-05	2.0393e-04	-2.1339e-02	-9.3530e-03	3.2535e-02
3.7337e-03	-1.8935e-04	-9.6904e-04	3.7420e-02	2.6742e-01	-1.2231e-01	4.4157e-04	0.0000e+00	2.5724e-04	-1.0492e-02	-3.2939e-02	-7.6834e-02
3.0134e-03	2.6381e-04	-1.5099e-03	9.1318e-03	2.4437e-01	-6.5938e-02	-7.2025e-04	4.5316e-04	-5.4090e-04	-2.8288e-02	-2.3048e-02	5.6375e-02
3.3306e-03	6.5049e-04	-1.6845e-03	9.1296e-03	2.5564e-01	-6.4747e-02	3.1714e-04	3.8668e-04	-1.7453e-04	-2.2100e-06	1.1269e-02	1.1913e-03
3.4719e-03	2.4129e-04	-2.0476e-03	8.9670e-03	3.0250e-01	-4.6362e-02	1.4132e-04	-4.0920e-04	-3.6317e-04	-1.6259e-04	4.6856e-02	1.8385e-02
3.8625e-03	-8.6669e-04	-1.9759e-03	5.2529e-02	3.1764e-01	-1.9846e-01	3.9060e-04	-1.1080e-03	7.1700e-05	4.3562e-02	1.5140e-02	-1.5209e-01
2.3190e-03	-1.1551e-03	-1.6625e-03	5.4478e-02	2.6353e-01	-3.8809e-02	-1.5435e-03	-2.8844e-04	3.1347e-04	1.9491e-03	-5.4111e-02	1.5965e-01
2.2286e-03	-5.1525e-04	-1.2723e-03	1.5064e-02	2.4698e-01	8.8019e-03	-9.0420e-05	6.3988e-04	3.9015e-04	-3.9414e-02	-1.6546e-02	4.7611e-02
2.8905e-03	-2.2742e-04	-1.5615e-03	1.9137e-02	2.7292e-01	2.7947e-02	6.6190e-04	2.8784e-04	-2.8919e-04	4.0722e-03	2.5943e-02	1.9145e-02
3.2393e-03	-1.6299e-04	-1.6761e-03	2.1656e-02	2.8327e-01	-1.8161e-02	3.4881e-04	6.4430e-05	-1.1463e-04	2.5195e-03	1.0346e-02	-4.6107e-02
2.8357e-03	4.6805e-05	-1.4809e-03	4.0102e-03	2.2523e-01	-1.7984e-02	-4.0363e-04	2.0979e-04	1.9521e-04	-1.7646e-02	-5.8041e-02	1.7670e-04
2.7936e-03	2.1787e-04	-1.7468e-03	6.1580e-03	2.0763e-01	-2.7907e-03	-4.2030e-05	1.7106e-04	-2.6591e-04	2.1478e-03	-1.7603e-02	1.5193e-02
2.8678e-03	4.9332e-05	-1.7556e-03	3.4702e-03	1.9383e-01	-7.9668e-02	7.4130e-05	-1.6853e-04	-8.7400e-06	-2.6878e-03	-1.3798e-02	-7.6877e-02
2.5725e-03	9.7594e-05	-1.8888e-03	6.0145e-03	2.1830e-01	-1.8267e-02	-2.9527e-04	4.8262e-05	-1.3323e-04	2.5443e-03	2.4473e-02	6.1401e-02
2.9917e-03	-1.9214e-04	-1.4346e-03	5.1440e-02	2.6302e-01	-3.6622e-02	4.1918e-04	-2.8973e-04	4.5418e-04	4.5425e-02	4.4721e-02	-1.8354e-02
2.8789e-03	-8.6296e-04	-1.3465e-03	5.4618e-02	2.5681e-01	-5.7590e-02	-1.1274e-04	-6.7082e-04	8.8110e-05	3.1781e-03	-6.2150e-03	-2.0968e-02
2.3671e-03	-1.2568e-03	-1.9110e-03	2.4256e-02	2.5331e-01	1.1279e-02	-5.1181e-04	-3.9381e-04	-5.6451e-04	-3.0362e-02	-3.5020e-03	6.8869e-02
2.2471e-03	-8.6296e-04	-1.6213e-03	2.4362e-02	2.2483e-01	4.3404e-02	-1.2004e-04	3.9381e-04	2.8976e-04	1.0670e-04	-2.8478e-02	3.2125e-02
2.7492e-03	-9.1895e-04	-1.5501e-03	8.8294e-02	2.8870e-01	-1.2251e-02	5.0211e-04	-5.5990e-05	7.1130e-05	6.3931e-02	6.3877e-02	-5.5654e-02
2.2471e-03	-1.2720e-03	-1.1710e-03	5.9566e-02	2.4976e-01	-4.0776e-02	-5.0211e-04	-3.5309e-04	3.7913e-04	-2.8728e-02	-3.8944e-02	-2.8525e-02
1.9748e-03	-6.3691e-04	-1.2622e-03	3.8225e-02	1.7225e-01	-5.6682e-02	-2.7228e-04	6.3513e-04	-9.1160e-05	-2.1341e-02	-7.7513e-02	-1.5907e-02
2.7661e-03	-7.2657e-04	-1.7142e-03	7.7110e-02	3.1209e-01	-5.2885e-03	7.9129e-04	-8.9660e-05	-4.5204e-04	3.8885e-02	1.3984e-01	5.1394e-02
3.3711e-03	-1.7874e-03	-1.8789e-03	4.9835e-02	2.5131e-01	-1.3932e-02	6.0504e-04	-1.0608e-03	-1.6473e-04	-2.7274e-02	-6.0777e-02	-8.6437e-03
2.6643e-03	-1.3450e-03	-1.7142e-03	5.7005e-02	2.0995e-01	-5.8794e-02	-7.0685e-04	4.4236e-04	1.6473e-04	7.1695e-03	-4.1364e-02	-4.4862e-02
2.2906e-03	-1.3450e-03	-1.7142e-03	4.6272e-02	2.1001e-01	3.3832e-03	-3.7369e-04	0.0000e+00	0.0000e+00	-1.0732e-02	6.2000e-05	6.2177e-02
2.8831e-03	-8.3442e-04	-1.4752e-03	7.6210e-02	2.8316e-01	-2.1087e-02	5.9249e-04	5.1059e-04	2.3899e-04	2.9937e-02	7.3146e-02	-2.4470e-02
2.5689e-03	-7.0130e-04	-1.1115e-03	5.4238e-02	1.7736e-01	-1.4448e-02	-3.1420e-04	1.3312e-04	3.6367e-04	-2.1972e-02	-1.0580e-01	6.6390e-03
2.6992e-03	-1.1588e-03	-1.5268e-03	4.2956e-02	2.0568e-01	2.2583e-02	1.3033e-04	-4.5746e-04	-4.1530e-04	-1.1282e-02	2.8319e-02	3.7031e-02
2.5940e-03	-4.1744e-04	-1.4059e-03	1.8478e-02	2.4270e-01	8.9323e-04	-1.0525e-04	7.4132e-04	1.2093e-04	-2.4478e-02	3.7023e-02	-2.1690e-02
3.5847e-03	-7.0130e-04	-1.5648e-03	4.6376e-02	2.8144e-01	-5.9847e-02	9.9076e-04	-2.8387e-04	-1.5885e-04	2.7898e-02	3.8735e-02	-6.0741e-02
2.7490e-03	-1.3811e-03	-1.2139e-03	8.5160e-02	2.3240e-01	-1.3148e-01	-8.3574e-04	-6.7978e-04	3.5086e-04	3.8785e-02	-4.9036e-02	-7.1634e-02
1.8255e-03	-9.3056e-04	-1.2408e-03	3.0544e-02	1.9732e-01	-3.2986e-02	-9.2348e-04	4.5053e-04	-2.6940e-05	-5.4616e-02	-3.5082e-02	9.8495e-02
2.6568e-03	-3.2517e-04	-1.1493e-03	4.9607e-02	2.2908e-01	-2.8413e-02	8.3130e-04	6.0539e-04	9.1510e-05	1.9063e-02	3.1761e-02	4.5727e-03
3.0746e-03	-1.1501e-03	-1.3507e-03	7.3914e-02	2.4797e-01	-1.7584e-01	4.1777e-04	-8.2495e-04	-2.0139e-04	2.4307e-02	1.8886e-02	-1.4743e-01
3.5312e-03	-2.1044e-03	-1.2211e-03	1.3035e-02	2.1651e-01	2.0387e-02	4.5666e-04	-9.5424e-04	1.2966e-04	-6.0879e-02	-3.1463e-02	1.9623e-01
2.7050e-03	-8.5530e-04	-1.0219e-03	-4.9255e-03	1.5290e-01	5.2914e-02	-8.2621e-04	1.2491e-03	1.9917e-04	-1.7960e-02	-6.3605e-02	3.2527e-02
2.8877e-03	-8.5530e-04	-1.3172e-03	1.5904e-02	1.8858e-01	5.2863e-02	1.8272e-04	0.0000e+00	-2.9530e-04	2.0830e-02	3.5679e-02	-5.0800e-05
2.7291e-03	-5.6695e-04	-1.1410e-03	6.5952e-03	1.5335e-01	2.7554e-02	-1.5861e-04	2.8836e-04	1.7617e-04	-9.3089e-03	-3.5228e-02	-2.5309e-02
3.0694e-03	-8.0010e-04	-1.0273e-03	3.5194e-02	1.4577e-01	-4.9642e-02	3.4027e-04	-2.3315e-04	1.1372e-04	2.8599e-02	-7.5840e-03	-7.7196e-02
2.4482e-03	-1.1171e-03	-1.0583e-03	3.5174e-02	1.4581e-01	-1.9283e-02	-6.2124e-04	-3.1704e-04	-3.1010e-05	-2.0500e-05	4.5000e-05	3.0359e-02
1.5972e-03	-1.8383e-03	-1.0934e-03	6.3544e-02	1.8397e-01	1.0897e-02	-8.5094e-04	-7.2111e-04	-3.5130e-05	2.8371e-02	3.8155e-02	3.0180e-02
1.5539e-03	-2.8553e-03	-1.0305e-03	8.7203e-02	2.3801e-01	-2.2128e-02	-4.3280e-05	-1.0170e-03	6.2910e-05	2.3659e-02	5.4039e-02	-3.3025e-02
1.8889e-03	-2.7480e-03	-9.9671e-04	7.4341e-02	1.7084e-01	3.8962e-02	3.3500e-04	1.0732e-04	3.3827e-05	-1.2862e-02	-6.7164e-02	6.1090e-02
1.7915e-03	-1.2304e-03	-5.6917e-04	3.1391e-02	1.2073e-01	1.2465e-01	-9.7440e-05	1.5176e-03	4.2754e-04	-4.2950e-02	-5.0114e-02	8.5691e-02
1.7642e-03	-7.0230e-04	-1.7716e-04	-2.5407e-02	6.7701e-02	1.0399e-01	-2.7340e-05	5.2805e-04	3.9200e-04	-5.6798e-02	-5.3027e-02	-2.0664e-02
1.8230e-03	-4.3368e-04	-3.5994e-04	-1.1343e-02	1.5546e-01	1.4009e-01	5.8870e-05	2.6862e-04	-1.8278e-04	1.4064e-02	8.7754e-02	3.6097e-02
1.5715e-03	-2.2740e-04	-1.7716e-04	-2.5448e-02	1.6933e-01	1.1390e-01	-2.5149e-04	2.0628e-04	1.8278e-04	-1.4105e-02	1.3874e-02	-2.6183e-02
2.4634e-03	-3.9342e-04	-1.7716e-04	3.3816e-04	1.4762e-01	2.8925e-02	8.9184e-04	-1.6602e-04	0.0000e+00	2.5786e-02	-2.1712e-02	-8.4978e-02
2.4550e-03	-5.4470e-04	-7.0060e-04	-1.4354e-03	1.6957e-01	1.1614e-01	-8.4000e-06	-1.5129e-04	-5.2343e-04	-1.7736e-03	2.1957e-02	8.7213e-02
1.0632e-03	-8.9181e-04	-9.6573e-04	-3.6104e-03	2.2210e-01	6.0412e-02	-1.3917e-03	-3.4710e-04	-2.6513e-04	-2.1750e-03	5.2522e-02	-5.5726e-02
1.9476e-03	-4.6190e-04	-1.7716e-04	-1.3607e-02	1.3663e-01	7.8612e-02	8.8438e-04	4.2991e-04	7.8856e-04	-9.9969e-03	-8.5464e-02	1.8199e-02
1.3893e-03	-7.6076e-05	-1.7716e-04	-4.2283e-02	4.9686e-02	1.0156e-01	-5.5832e-04	3.8582e-04	0.0000e+00	-2.8676e-02	-8.6946e-02	2.2945e-02
1.1083e-03	-2.0625e-04	-4.8239e-04	-4.2337e-02	5.7800e-02	1.2673e-01	-2.8101e-04	-1.3017e-04	-3.0522e-04	-5.3600e-05	8.1139e-03	2.5168e-02
1.7922e-03	-8.2364e-06	-3.7143e-04	-2.1749e-02	1.1675e-01	1.4039e-01	6.8388e-04	1.9801e-04	1.1096e-04	2.0588e-02	5.8949e-02	1.3668e-02
1.3637e-03	-4.6190e-04	-1.7716e-04	-4.2271e-02	-1.2877e-02	1.3868e-01	-4.2849e-04	-4.5366e-04	1.9427e-04	-2.0522e-02	-1.2963e-01	-1.7150e-03
1.3974e-03	-1.4331e-04	-1.7716e-04	-3.8246e-02	5.4087e-02	1.6719e-01	3.3680e-05	3.1859e-04	0.0000e+00	4.0249e-03	6.6964e-02	2.8515e-02
2.3641e-03	5.9575e-04	4.7351e-04	-9.3913e-03	1.0436e-01	2.1485e-02	9.6673e-04	7.3905e-04	6.5068e-04	2.8855e-02	5.0273e-02	-1.4571e-01
4.1449e-03	-2.6546e-05	2.2141e-04	1.0128e-02	1.0625e-01	-1.1095e-01	1.7808e-03	-6.2230e-04	-2.5210e-04	1.9520e-02	1.8910e-03	-1.3243e-01
2.7700e-03	5.4858e-04	-7.8933e-04	-1.7448e-02	1.3156e-01	3.2311e-02	-1.3749e-03	5.7513e-04	-1.0107e-03	-2.7576e-02	2.5311e-02	1.4326e-01
3.0014e-03	-6.6260e-05	-5.5223e-04	1.7185e-02	1.4719e-01	3.2401e-02	2.3147e-04	-6.1484e-04	2.3709e-04	3.4633e-02	1.5624e-02	9.0100e-05
1.8082e-03	6.5356e-05	-5.1158e-04	-3.1019e-02	1.2582e-01	1.2312e-01	-1.1932e-03	1.3162e-04	4.0655e-05	-4.8205e-02	-2.1364e-02	9.0719e-02
2.3748e-03	-5.3889e-04	-6.5607e-04	-6.4685e-03	2.2391e-01	1.5516e-01	5.6658e-04	-6.0425e-04	-1.4450e-04	2.4551e-02	9.8087e-02	3.2037e-02
2.1120e-03	-1.9325e-03	-7.6368e-04	4.6748e-02	1.9769e-01	3.5593e-02	-2.6282e-04	-1.3936e-03	-1.0761e-04	5.3217e-02	-2.6217e-02	-1.1956e-01
1.1389e-03	-4.6400e-04	0.0000e+00	-2.6531e-02	8.1723e-02	1.0704e-01	-9.7305e-04	1.4685e-03	7.6368e-04	-7.3279e-02	-1.1597e-01	7.1447e-02
3.0178e-04	5.1264e-04	0.0000e+00	-3.6632e-02	4.4454e-02	1.0638e-01	-8.3714e-04	9.7663e-04	0.0000e+00	-1.0101e-02	-3.7270e-02	-6.5900e-04
9.4898e-04	4.6781e-04	-1.8655e-04	-1.7006e-02	7.0381e-02	5.7033e-02	6.4720e-04	-4.4822e-05	-1.8655e-04	1.9626e-02	2.5927e-02	-4.9348e-02
0.0000e+00	-0.0000e+00	0.0000e+00	0.0000e+00	0.0000e+00	0.0000e+00	-9.4898e-04	-4.6781e-04	1.8655e-04	1.7006e-02	-7.0381e-02	-5.7033e-02
-7.2795e-04	-2.9472e-04	0.0000e+00	-1.0256e-02	-3.8620e-02	6.0651e-02	-7.2795e-04	-2.9472e-04	0.0000e+00	-1.0256e-02	-3.8620e-02	6.0651e-02
-1.8490e-05	-3.5207e-05	-1.1568e-04	-1.0394e-02	5.7921e-02	3.6534e-02	7.0946e-04	2.5951e-04	-1.1568e-04	-1.3790e-04	9.6541e-02	-2.4118e-02
-6.6095e-04	-4.4864e-04	1.9293e-04	2.8871e-02	2.7182e-02	9.9510e-02	-6.4246e-04	-4.1343e-04	3.0861e-04	3.9265e-02	-3.0739e-02	6.2976e-02
-1.4408e-03	-9.7116e-04	5.0910e-04	3.7699e-02	2.7348e-02	6.0540e-02	-7.7987e-04	-5.2252e-04	3.1617e-04	8.8281e-03	1.6610e-04	-3.8969e-02
-2.8909e-03	-9.7116e-04	6.5113e-04	7.5488e-03	-3.2844e-02	5.5224e-02	-1.4500e-03	0.0000e+00	1.4203e-04	-3.0151e-02	-6.0192e-02	-5.3169e-03
-2.4427e-03	-9.3293e-04	3.5416e-04	6.8709e-02	5.5058e-02	8.6560e-02	4.4816e-04	3.8221e-05	-2.9697e-04	6.1160e-02	8.7902e-02	3.1337e-02
-2.3375e-03	-2.6365e-03	4.7188e-04	9.3241e-02	4.4317e-02	-2.8984e-02	1.0525e-04	-1.7035e-03	1.1772e-04	2.4532e-02	-1.0740e-02	-1.1554e-01
-3.3028e-03	-3.7525e-03	2.8892e-04	8.4433e-02	-1.3612e-02	7.3390e-02	-9.6537e-04	-1.1161e-03	-1.8296e-04	-8.8079e-03	-5.7929e-02	1.0237e-01
-3.8825e-03	-2.2590e-03	8.5385e-04	4.1613e-02	-8.2470e-02	1.7325e-01	-5.7967e-04	1.4935e-03	5.6493e-04	-4.2820e-02	-6.8858e-02	9.9860e-02
-3.0175e-03	-1.5324e-03	1.2665e-03	6.0224e-02	-3.1915e-02	1.8046e-01	8.6496e-04	7.2661e-04	4.1267e-04	1.8611e-02	5.0555e-02	7.2150e-03
-2.8380e-03	-1.5324e-03	1.2665e-03	8.1499e-02	-2.8814e-02	1.3768e-01	1.7958e-04	0.0000e+00	0.0000e+00	2.1275e-02	3.1004e-03	-4.2789e-02
-3.6372e-03	-2.7853e-03	1.3352e-03	1.2814e-01	-4.5014e-02	1.0787e-01	-7.9924e-04	-1.2528e-03	6.8720e-05	4.6640e-02	-1.6200e-02	-2.9809e-02
-3.3166e-03	-2.3219e-03	1.3070e-03	6.1944e-02	-2.9526e-02	2.5401e-01	3.2055e-04	4.6333e-04	-2.8190e-05	-6.6194e-02	1.5488e-02	1.4615e-01
-2.8766e-03	-9.2898e-04	1.3157e-03	5.2997e-02	-1.3564e-01	2.8077e-01	4.4005e-04	1.3930e-03	8.6400e-06	-8.9471e-03	-1.0611e-01	2.6756e-02
-3.7279e-03	-1.3356e-03	3.2697e-04	8.7693e-02	-1.0324e-01	1.8505e-01	-8.5134e-04	-4.0659e-04	-9.8872e-04	3.4697e-02	3.2398e-02	-9.5719e-02
-5.0682e-03	-1.3013e-03	2.8468e-04	6.0461e-02	-2.1982e-01	1.0457e-01	-1.3402e-03	3.4240e-05	-4.2296e-05	-2.7232e-02	-1.1658e-01	-8.0482e-02
-5.3213e-03	-1.5115e-03	5.0068e-05	5.3264e-02	-2.0617e-01	2.0316e-01	-2.5316e-04	-2.1021e-04	-2.3461e-04	-7.1972e-03	1.3649e-02	9.8595e-02
-4.2033e-03	-1.4802e-03	6.5781e-05	7.3636e-02	-1.2898e-01	1.8715e-01	1.1180e-03	3.1310e-05	1.5714e-05	2.0373e-02	7.7194e-02	-1.6015e-02
-5.0928e-03	-1.7583e-03	5.3963e-04	7.0033e-02	-1.5159e-01	2.1072e-01	-8.8950e-04	-2.7808e-04	4.7385e-04	-3.6032e-03	-2.2614e-02	2.3568e-02
-5.6824e-03	-1.7444e-03	3.1237e-04	4.9800e-02	-1.7992e-01	1.8464e-01	-5.8951e-04	1.3870e-05	-2.2725e-04	-2.0233e-02	-2.8331e-02	-2.6078e-02
-4.6302e-03	-1.5977e-03	4.9140e-04	9.0337e-02	-3.5700e-02	1.5456e-01	1.0522e-03	1.4672e-04	1.7903e-04	4.0537e-02	1.4422e-01	-3.0075e-02
-4.8545e-03	-2.2509e-03	5.1722e-04	6.3070e-02	-9.6031e-02	1.9483e-01	-2.2430e-04	-6.5317e-04	2.5813e-05	-2.7268e-02	-6.0330e-02	4.0267e-02
-6.0171e-03	-1.8200e-03	5.5888e-04	4.6344e-02	-2.1359e-01	1.9096e-01	-1.1626e-03	4.3090e-04	4.1658e-05	-1.6726e-02	-1.1756e-01	-3.8700e-03
-6.5388e-03	-1.6532e-03	3.3871e-04	3.9852e-02	-2.2366e-01	1.7500e-01	-5.2166e-04	1.6682e-04	-2.2016e-04	-6.4921e-03	-1.0070e-02	-1.5964e-02
-6.1429e-03	-1.3617e-03	5.2855e-04	5.9909e-02	-1.4983e-01	1.3299e-01	3.9586e-04	2.9151e-04	1.8983e-04	2.0057e-02	7.3829e-02	-4.2008e-02
-6.1429e-03	-1.4135e-03	1.2099e-03	7.8586e-02	-1.8382e-01	6.4626e-02	0.0000e+00	-5.1840e-05	6.8138e-04	1.8677e-02	-3.3990e-02	-6.8361e-02
-6.6743e-03	-1.8476e-03	1.1101e-03	7.1756e-02	-2.2450e-01	9.2795e-02	-5.3141e-04	-4.3406e-04	-9.9800e-05	-6.8297e-03	-4.0679e-02	2.8168e-02
-6.4823e-03	-1.4135e-03	1.2099e-03	6.6373e-02	-1.8268e-01	1.6509e-01	1.9198e-04	4.3406e-04	9.9800e-05	-5.3836e-03	4.1826e-02	7.2300e-02
-5.8663e-03	-1.4135e-03	1.2099e-03	1.0915e-01	-1.1227e-01	1.6509e-01	6.1606e-04	0.0000e+00	0.0000e+00	4.2777e-02	7.0407e-02	-7.0000e-06
-5.6139e-03	-2.3347e-03	7.9598e-04	8.5517e-02	-1.1559e-01	1.3305e-01	2.5240e-04	-9.2123e-04	-4.1395e-04	-2.3633e-02	-3.3180e-03	-3.2040e-02
-6.6919e-03	-1.4261e-03	1.1130e-03	3.9890e-02	-2.3056e-01	5.8409e-02	-1.0780e-03	9.0864e-04	3.1707e-04	-4.5627e-02	-1.1498e-01	-7.4639e-02
-6.4319e-03	-2.3862e-03	4.5004e-04	9.6533e-02	-1.2256e-01	1.6723e-01	2.6001e-04	-9.6006e-04	-6.6300e-04	5.6643e-02	1.0800e-01	1.0882e-01
-6.2668e-03	-2.4558e-03	4.5004e-04	9.6541e-02	-6.9051e-02	3.0533e-02	1.6512e-04	-6.9670e-05	0.0000e+00	8.6000e-06	5.3508e-02	-1.3670e-01
-6.9434e-03	-2.9152e-03	5.8284e-04	5.3911e-02	-2.3367e-01	2.0892e-01	-6.7658e-04	-4.5940e-04	1.3279e-04	-4.2630e-02	-1.6461e-01	1.7839e-01
-6.8054e-03	-2.9223e-03	9.3478e-04	6.8252e-02	-1.9345e-01	1.9152e-01	1.3796e-04	-7.1100e-06	3.5194e-04	1.4341e-02	4.0216e-02	-1.7395e-02
-5.9832e-03	-2.8373e-03	7.0165e-04	9.1128e-02	-1.2595e-01	2.0938e-01	8.2217e-04	8.5010e-05	-2.3313e-04	2.2875e-02	6.7504e-02	1.7856e-02
-6.1316e-03	-2.3118e-03	1.3605e-03	1.0067e-01	-1.7814e-01	7.0098e-02	-1.4838e-04	5.2551e-04	6.5884e-04	9.5465e-03	-5.2193e-02	-1.3928e-01
-5.3696e-03	-3.7120e-03	9.4767e-04	1.1593e-01	-1.5353e-01	1.4993e-01	7.6200e-04	-1.4002e-03	-4.1282e-04	1.5256e-02	2.4610e-02	7.9827e-02
-5.7699e-03	-2.5557e-03	1.3552e-03	6.0726e-02	-1.7022e-01	2.2663e-01	-4.0026e-04	1.1563e-03	4.0750e-04	-5.5204e-02	-1.6694e-02	7.6707e-02
-4.4147e-03	-2.4430e-03	1.2726e-03	1.0088e-01	-1.7873e-01	-9.9416e-05	1.3552e-03	1.1266e-04	-8.2580e-05	4.0149e-02	-8.5060e-03	-2.2673e-01
-4.8028e-03	-3.7740e-03	1.6428e-03	1.6373e-01	-1.6154e-01	-7.7437e-02	-3.8810e-04	-1.3310e-03	3.7017e-04	6.2854e-02	1.7189e-02	-7.7338e-02
-3.9575e-03	-4.3688e-03	8.2399e-04	9.0898e-02	-1.4893e-01	-2.7024e-02	8.4532e-04	-5.9477e-04	-8.1877e-04	-7.2831e-02	1.2608e-02	5.0413e-02
-4.1481e-03	-3.0735e-03	1.2770e-03	1.1895e-01	-1.3146e-01	2.8756e-02	-1.9065e-04	1.2953e-03	4.5298e-04	2.8053e-02	1.7468e-02	5.5780e-02
-3.4902e-03	-4.1535e-03	1.1619e-03	1.6608e-01	-7.8847e-02	-1.1199e-01	6.5793e-04	-1.0800e-03	-1.1511e-04	4.7128e-02	5.2616e-02	-1.4075e-01
-4.7368e-03	-3.8320e-03	9.4925e-04	1.0835e-01	-1.8679e-01	-1.8527e-02	-1.2466e-03	3.2158e-04	-2.1261e-04	-5.7727e-02	-1.0794e-01	9.3465e-02
-3.9492e-03	-3.5990e-03	1.4420e-03	1.2306e-01	-1.0081e-01	-7.3480e-03	7.8756e-04	2.3296e-04	4.9275e-04	1.4709e-02	8.5978e-02	1.1178e-02
-3.2460e-03	-3.1128e-03	1.4420e-03	5.4341e-02	-1.4922e-01	1.4623e-01	7.0326e-04	4.8618e-04	0.0000e+00	-6.8720e-02	-4.8412e-02	1.5358e-01
-4.2564e-03	-2.6258e-03	9.3888e-04	9.5890e-02	-2.0805e-01	-9.7505e-02	-1.0105e-03	4.8698e-04	-5.0311e-04	4.1550e-02	-5.8832e-02	-2.4374e-01
-4.0055e-03	-3.2211e-03	8.7021e-04	7.6563e-02	-1.7591e-01	-2.0324e-01	2.5090e-04	-5.9521e-04	-6.8674e-05	-1.9327e-02	3.2137e-02	-1.0574e-01
-3.5443e-03	-3.1735e-03	5.5209e-04	1.1098e-01	-1.2261e-01	-1.3625e-01	4.6119e-04	4.7500e-05	-3.1813e-04	3.4412e-02	5.3305e-02	6.6997e-02
-3.5171e-03	-3.9173e-03	1.2535e-03	1.1653e-01	-1.1814e-01	-2.3405e-01	2.7200e-05	-7.4371e-04	7.0143e-04	5.5500e-03	4.4720e-03	-9.7807e-02
-4.2331e-03	-4.4559e-03	7.2484e-04	9.0749e-02	-1.1807e-01	-1.3283e-01	-7.1595e-04	-5.3864e-04	-5.2868e-04	-2.5776e-02	7.2000e-05	1.0122e-01
-4.2815e-03	-5.1544e-03	7.2484e-04	6.9408e-02	-1.5365e-01	4.3459e-02	-4.8410e-05	-6.9855e-04	0.0000e+00	-2.1341e-02	-3.5587e-02	1.7629e-01
-3.8792e-03	-4.8820e-03	7.2484e-04	1.0992e-01	-1.2693e-01	3.7979e-02	4.0231e-04	2.7250e-04	1.0000e-09	4.0515e-02	2.6721e-02	-5.4799e-03
-2.7619e-03	-4.8458e-03	4.7855e-05	9.9980e-02	-9.2369e-02	-1.0118e-01	1.1172e-03	3.6120e-05	-6.7698e-04	-9.9431e-03	3.4562e-02	-1.3916e-01
-4.3062e-03	-4.3159e-03	6.8951e-04	8.4380e-02	-1.9484e-01	-9.1865e-02	-1.5443e-03	5.2995e-04	6.4165e-04	-1.5600e-02	-1.0248e-01	9.3171e-03
-3.6268e-03	-4.6714e-03	7.5672e-04	1.0400e-01	-1.0427e-01	-2.4851e-02	6.7945e-04	-3.5549e-04	6.7210e-05	1.9619e-02	9.0574e-02	6.7014e-02
-3.2726e-03	-5.5100e-03	8.8150e-04	1.1453e-01	-7.5149e-02	-1.7203e-01	3.5417e-04	-8.3868e-04	1.2479e-04	1.0530e-02	2.9122e-02	-1.4717e-01
-2.9062e-03	-6.0011e-03	6.8794e-04	9.5499e-02	-1.3972e-01	-2.1801e-01	3.6642e-04	-4.9104e-04	-1.9356e-04	-1.9030e-02	-6.4569e-02	-4.5984e-02
-3.7208e-03	-5.5512e-03	6.8794e-04	6.4610e-02	-1.5064e-01	-1.0696e-01	-8.1463e-04	4.4988e-04	0.0000e+00	-3.0889e-02	-1.0919e-02	1.1105e-01
-3.2960e-03	-4.2203e-03	1.0433e-03	7.6536e-02	-1.6409e-01	5.1114e-02	4.2483e-04	1.3309e-03	3.5537e-04	1.1926e-02	-1.3458e-02	1.5808e-01
-3.1866e-03	-3.9204e-03	1.2351e-03	6.4472e-02	-2.1681e-01	-1.2371e-02	1.0936e-04	2.9996e-04	1.9176e-04	-1.2063e-02	-5.2718e-02	-6.3485e-02
-4.4459e-03	-3.1204e-03	1.2431e-03	4.0809e-02	-2.4434e-01	1.9148e-02	-1.2592e-03	7.9991e-04	8.0400e-06	-2.3663e-02	-2.7530e-02	3.1519e-02
-4.5898e-03	-3.0614e-03	9.8939e-04	2.7918e-02	-3.0538e-01	-2.1628e-03	-1.4390e-04	5.9010e-05	-2.5372e-04	-1.2891e-02	-6.1037e-02	-2.1311e-02
-3.8813e-03	-3.2373e-03	8.1357e-04	6.2082e-02	-2.0996e-01	3.8764e-02	7.0846e-04	-1.7589e-04	-1.7582e-04	3.4164e-02	9.5425e-02	4.0927e-02
-3.3904e-03	-3.8778e-03	9.3465e-04	1.3083e-01	-1.6503e-01	-1.0096e-01	4.9089e-04	-6.4052e-04	1.2107e-04	6.8749e-02	4.4922e-02	-1.3973e-01
-3.9476e-03	-4.6961e-03	1.2305e-03	8.5920e-02	-2.1592e-01	2.2265e-04	-5.5720e-04	-8.1822e-04	2.9586e-04	-4.4911e-02	-5.0883e-02	1.0119e-01
-4.3617e-03	-4.1264e-03	1.2305e-03	6.4588e-02	-2.3403e-01	4.1304e-02	-4.1412e-04	5.6967e-04	0.0000e+00	-2.1331e-02	-1.8110e-02	4.1082e-02
-4.1036e-03	-3.3031e-03	1.2305e-03	5.7968e-02	-2.1907e-01	7.0153e-02	2.5813e-04	8.2333e-04	0.0000e+00	-6.6206e-03	1.4958e-02	2.8849e-02
-2.1775e-03	-1.9717e-03	1.2305e-03	4.5696e-02	-2.4122e-01	7.2562e-02	1.9261e-03	1.3313e-03	0.0000e+00	-1.2272e-02	-2.2154e-02	2.4080e-03
-5.5262e-03	-1.9717e-03	6.1214e-04	6.4644e-02	-3.0623e-01	2.6876e-01	-3.3486e-03	0.0000e+00	-6.1837e-04	1.8948e-02	-6.5003e-02	1.9620e-01
-5.7543e-03	-2.0887e-03	-2.9095e-04	3.3857e-02	-3.5069e-01	2.2072e-01	-2.2817e-04	-1.1693e-04	-9.0309e-04	-3.0788e-02	-4.4464e-02	-4.8036e-02
-5.2505e-03	-2.3137e-03	-9.1448e-04	3.4163e-02	-3.6740e-01	1.7393e-01	5.0380e-04	-2.2507e-04	-6.2353e-04	3.0650e-04	-1.6715e-02	-4.6792e-02
-1.8574e-03	-1.9717e-03	-1.5369e-03	3.8919e-03	-1.9524e-01	7.5398e-02	3.3931e-03	3.4200e-04	-6.2240e-04	-3.0271e-02	1.7216e-01	-9.8532e-02
-2.2302e-03	-1.9717e-03	-1.5369e-03	2.2321e-02	-3.1278e-01	1.2343e-01	-3.7285e-04	0.0000e+00	0.0000e+00	1.8429e-02	-1.1754e-01	4.8033e-02
-2.5516e-03	-1.5149e-03	-1.4427e-03	2.0713e-02	-2.5345e-01	1.5469e-01	-3.2138e-04	4.5687e-04	9.4220e-05	-1.6077e-03	5.9329e-02	3.1264e-02
-2.5113e-03	-1.7169e-03	-1.5369e-03	3.3402e-02	-2.3615e-01	2.4690e-01	4.0270e-05	-2.0206e-04	-9.4220e-05	1.2689e-02	1.7300e-02	9.2205e-02
-2.2078e-03	-1.9951e-03	-1.5369e-03	3.3784e-02	-2.5836e-01	2.5506e-01	3.0357e-04	-2.7818e-04	0.0000e+00	3.8270e-04	-2.2213e-02	8.1600e-03
-2.3166e-03	-1.8950e-03	-1.5369e-03	2.5267e-02	-2.9804e-01	2.2743e-01	-1.0885e-04	1.0007e-04	0.0000e+00	-8.5179e-03	-3.9684e-02	-2.7632e-02
-4.0273e-03	-1.4554e-03	-1.7944e-03	-8.4553e-03	-3.6844e-01	2.3070e-01	-1.7107e-03	4.3966e-04	-2.5749e-04	-3.3722e-02	-7.0401e-02	3.2720e-03
-3.8116e-03	-1.6651e-03	-1.3276e-03	2.5399e-02	-3.0548e-01	2.6280e-01	2.1576e-04	-2.0977e-04	4.6674e-04	3.3855e-02	6.2960e-02	3.2095e-02
-4.1048e-03	-1.9163e-03	-1.3276e-03	4.5367e-02	-3.3712e-01	1.7333e-01	-2.9323e-04	-2.5115e-04	0.0000e+00	1.9968e-02	-3.1636e-02	-8.9467e-02
-4.9599e-03	-2.0544e-03	-1.5385e-03	2.5508e-02	-4.0003e-01	1.7863e-01	-8.5511e-04	-1.3809e-04	-2.1090e-04	-1.9859e-02	-6.2913e-02	5.2990e-03
-5.3112e-03	-2.0206e-03	-1.5762e-03	3.2589e-02	-3.6942e-01	2.2301e-01	-3.5133e-04	3.3730e-05	-3.7630e-05	7.0811e-03	3.0611e-02	4.4388e-02
-5.1274e-03	-2.1892e-03	-1.4912e-03	6.6411e-02	-3.5092e-01	2.3108e-01	1.8382e-04	-1.6853e-04	8.4920e-05	3.3822e-02	1.8502e-02	8.0660e-03
-5.4265e-03	-2.3189e-03	-1.3191e-03	6.1792e-02	-4.0354e-01	1.9344e-01	-2.9913e-04	-1.2976e-04	1.7217e-04	-4.6189e-03	-5.2619e-02	-3.7640e-02
-6.0991e-03	-2.3722e-03	-1.5079e-03	5.2552e-02	-3.9304e-01	2.2721e-01	-6.7251e-04	-5.3300e-05	-1.8881e-04	-9.2399e-03	1.0501e-02	3.3766e-02
-6.0577e-03	-2.2867e-03	-1.9639e-03	6.2881e-02	-3.4782e-01	2.0530e-01	4.1370e-05	8.5530e-05	-4.5598e-04	1.0329e-02	4.5216e-02	-2.1906e-02
-5.6055e-03	-2.4644e-03	-1.7647e-03	6.1732e-02	-3.9964e-01	1.3407e-01	4.5221e-04	-1.7771e-04	1.9913e-04	-1.1492e-03	-5.1822e-02	-7.1229e-02
-6.4645e-03	-2.1049e-03	-1.6689e-03	5.6073e-02	-4.4440e-01	1.9246e-01	-8.5906e-04	3.5951e-04	9.5860e-05	-5.6589e-03	-4.4759e-02	5.8388e-02
-6.2528e-03	-2.2535e-03	-1.8851e-03	7.0482e-02	-3.8632e-01	2.0614e-01	2.1176e-04	-1.4865e-04	-2.1621e-04	1.4409e-02	5.8080e-02	1.3685e-02
-5.5760e-03	-2.0526e-03	-1.7330e-03	9.1227e-02	-4.0698e-01	1.1934e-01	6.7678e-04	2.0099e-04	1.5208e-04	2.0745e-02	-2.0655e-02	-8.6801e-02
-6.9791e-03	-2.2983e-03	-1.6302e-03	6.8664e-02	-4.7592e-01	1.6780e-01	-1.4031e-03	-2.4574e-04	1.0279e-04	-2.2563e-02	-6.8946e-02	4.8460e-02
-6.8746e-03	-2.2818e-03	-1.7326e-03	7.7847e-02	-4.2546e-01	1.3838e-01	1.0450e-04	1.6480e-05	-1.0237e-04	9.1831e-03	5.0463e-02	-2.9421e-02
-5.2811e-03	-2.3265e-03	-1.4008e-03	9.7073e-02	-4.0595e-01	9.5389e-03	1.5935e-03	-4.4720e-05	3.3174e-04	1.9226e-02	1.9510e-02	-1.2884e-01
-6.1473e-03	-2.2855e-03	-1.6287e-03	6.3197e-02	-4.3472e-01	3.6644e-02	-8.6623e-04	4.1080e-05	-2.2789e-04	-3.3876e-02	-2.8765e-02	2.7105e-02
-5.9647e-03	-2.1894e-03	-1.5685e-03	6.7679e-02	-3.9912e-01	1.0857e-01	1.8264e-04	9.6070e-05	6.0240e-05	4.4816e-03	3.5592e-02	7.1929e-02
