4.2966e-04	2.9519e-03	-1.5605e-03	2.4555e-02	2.9980e-01	-6.9654e-02	0.0000e+00	0.0000e+00	0.0000e+00	0.0000e+00	0.0000e+00	0.0000e+00
7.0825e-04	2.8984e-03	-1.3750e-03	2.9110e-02	2.8770e-01	-6.9724e-02	2.7858e-04	-5.3530e-05	1.8555e-04	4.5551e-03	-1.2098e-02	-7.0300e-05
6.2827e-04	2.8851e-03	-1.6692e-03	2.7065e-02	2.7121e-01	-8.7668e-02	-7.9979e-05	-1.3300e-05	-2.9421e-04	-2.0451e-03	-1.6499e-02	-1.7945e-02
5.4157e-04	2.9621e-03	-1.7179e-03	3.3979e-02	2.7642e-01	-8.7553e-02	-8.6700e-05	7.7060e-05	-4.8680e-05	6.9137e-03	5.2090e-03	1.1570e-04
1.0017e-03	2.7058e-03	-1.4265e-03	3.9150e-02	2.8352e-01	-1.0058e-01	4.6014e-04	-2.5630e-04	2.9139e-04	5.1706e-03	7.1080e-03	-1.3023e-02
8.6648e-04	2.9156e-03	-1.7636e-03	3.0960e-02	2.6764e-01	-9.6688e-02	-1.3523e-04	2.0975e-04	-3.3712e-04	-8.1901e-03	-1.5881e-02	3.8876e-03
1.1092e-03	3.0599e-03	-1.9702e-03	4.2563e-02	2.8352e-01	-1.0228e-01	2.4275e-04	1.4428e-04	-2.0657e-04	1.1603e-02	1.5874e-02	-5.5866e-03
2.2482e-03	2.7148e-03	-1.9702e-03	4.7779e-02	2.8324e-01	-1.1807e-01	1.1389e-03	-3.4508e-04	0.0000e+00	5.2162e-03	-2.7800e-04	-1.5796e-02
1.7128e-03	2.7637e-03	-1.9702e-03	4.1003e-02	2.8338e-01	-1.5842e-01	-5.3536e-04	4.8930e-05	0.0000e+00	-6.7757e-03	1.4000e-04	-4.0345e-02
1.9952e-03	2.0263e-03	-1.9702e-03	3.0126e-02	2.8331e-01	-1.9070e-01	2.8239e-04	-7.3743e-04	0.0000e+00	-1.0878e-02	-7.2000e-05	-3.2283e-02
2.2020e-03	2.1097e-03	-1.9702e-03	3.1257e-02	3.0328e-01	-1.8827e-01	2.0683e-04	8.3460e-05	0.0000e+00	1.1316e-03	1.9972e-02	2.4320e-03
2.2556e-03	2.0263e-03	-1.9702e-03	3.1685e-02	3.1399e-01	-1.8159e-01	5.3600e-05	-8.3460e-05	0.0000e+00	4.2720e-04	1.0715e-02	6.6790e-03
2.4701e-03	1.8680e-03	-1.9702e-03	3.3059e-02	3.1393e-01	-1.7281e-01	2.1445e-04	-1.5828e-04	0.0000e+00	1.3749e-03	-5.9000e-05	8.7770e-03
2.3351e-03	1.9605e-03	-1.6976e-03	2.3636e-02	3.1395e-01	-1.6190e-01	-1.3496e-04	9.2510e-05	2.7260e-04	-9.4231e-03	1.7000e-05	1.0912e-02
1.8252e-03	1.8668e-03	-1.7068e-03	3.1576e-02	2.8162e-01	-1.6168e-01	-5.0987e-04	-9.3740e-05	-9.2300e-06	7.9393e-03	-3.2334e-02	2.1400e-04
1.2128e-03	1.5329e-03	-1.6895e-03	2.8392e-02	2.5232e-01	-1.3789e-01	-6.1249e-04	-3.3382e-04	1.7260e-05	-3.1840e-03	-2.9294e-02	2.3794e-02
1.2109e-03	1.5329e-03	-1.7929e-03	1.7909e-02	2.5931e-01	-1.3201e-01	-1.8200e-06	0.0000e+00	-1.0332e-04	-1.0483e-02	6.9910e-03	5.8790e-03
1.7167e-03	1.5329e-03	-1.8115e-03	8.0463e-03	2.7004e-01	-1.4422e-01	5.0580e-04	0.0000e+00	-1.8590e-05	-9.8623e-03	1.0721e-02	-1.2207e-02
2.0177e-03	2.0209e-03	-1.7997e-03	1.6575e-02	2.8260e-01	-1.6146e-01	3.0099e-04	4.8795e-04	1.1710e-05	8.5288e-03	1.2567e-02	-1.7241e-02
2.3834e-03	1.3357e-03	-1.9692e-03	7.5662e-03	2.6991e-01	-1.8526e-01	3.6567e-04	-6.8522e-04	-1.6948e-04	-9.0089e-03	-1.2693e-02	-2.3799e-02
2.3548e-03	1.6002e-03	-2.4289e-03	6.5580e-03	2.5937e-01	-1.5029e-01	-2.8590e-05	2.6452e-04	-4.5971e-04	-1.0082e-03	-1.0542e-02	3.4971e-02
2.7825e-03	1.3466e-03	-1.8770e-03	1.0081e-02	2.7686e-01	-1.5044e-01	4.2765e-04	-2.5357e-04	5.5199e-04	3.5232e-03	1.7496e-02	-1.5400e-04
2.9338e-03	1.0057e-03	-1.9718e-03	1.2419e-02	2.8327e-01	-1.7979e-01	1.5133e-04	-3.4089e-04	-9.4840e-05	2.3374e-03	6.4070e-03	-2.9350e-02
1.3697e-03	1.7590e-03	-1.8604e-03	3.2527e-04	2.5593e-01	-1.4530e-01	-1.5641e-03	7.5324e-04	1.1139e-04	-1.2093e-02	-2.7339e-02	3.4487e-02
1.7547e-03	1.5688e-03	-1.2785e-03	3.6349e-03	2.4844e-01	-1.4580e-01	3.8503e-04	-1.9017e-04	5.8192e-04	3.3096e-03	-7.4870e-03	-4.9600e-04
1.2994e-03	1.8343e-03	-1.5596e-03	-7.6831e-03	2.3945e-01	-1.4307e-01	-4.5534e-04	2.6550e-04	-2.8114e-04	-1.1318e-02	-8.9960e-03	2.7300e-03
1.1343e-03	1.0346e-03	-1.5596e-03	-6.6505e-03	2.3949e-01	-1.4648e-01	-1.6503e-04	-7.9972e-04	0.0000e+00	1.0326e-03	4.1000e-05	-3.4080e-03
1.7692e-03	1.4466e-03	-1.4483e-03	-2.6456e-03	2.4349e-01	-1.5310e-01	6.3489e-04	4.1198e-04	1.1129e-04	4.0049e-03	4.0030e-03	-6.6200e-03
1.6902e-03	1.2343e-03	-1.5670e-03	6.2898e-04	2.4748e-01	-1.6910e-01	-7.9060e-05	-2.1229e-04	-1.1871e-04	3.2746e-03	3.9840e-03	-1.6002e-02
1.7744e-03	1.7199e-03	-1.0769e-03	4.4850e-03	2.3590e-01	-1.6250e-01	8.4190e-05	4.8560e-04	4.9017e-04	3.8560e-03	-1.1572e-02	6.6030e-03
2.0417e-03	1.2025e-03	-1.9161e-03	3.9741e-03	2.3206e-01	-1.7142e-01	2.6736e-04	-5.1735e-04	-8.3926e-04	-5.1088e-04	-3.8420e-03	-8.9230e-03
1.7441e-03	1.6924e-03	-1.6578e-03	-3.5887e-03	2.2220e-01	-1.4561e-01	-2.9767e-04	4.8986e-04	2.5834e-04	-7.5629e-03	-9.8640e-03	2.5813e-02
2.4353e-03	8.7044e-04	-1.6133e-03	2.1924e-03	2.5066e-01	-1.5187e-01	6.9128e-04	-8.2195e-04	4.4530e-05	5.7811e-03	2.8461e-02	-6.2660e-03
2.1160e-03	1.4781e-03	-1.1230e-03	7.8429e-04	2.5078e-01	-1.6087e-01	-3.1934e-04	6.0763e-04	4.9026e-04	-1.4081e-03	1.2200e-04	-8.9910e-03
1.4282e-03	1.4781e-03	-1.1968e-03	-5.6123e-03	2.2372e-01	-1.6921e-01	-6.8779e-04	0.0000e+00	-7.3840e-05	-6.3966e-03	-2.7061e-02	-8.3470e-03
1.1343e-03	6.5166e-04	-1.6848e-03	-1.9068e-02	2.1891e-01	-1.7336e-01	-2.9394e-04	-8.2641e-04	-4.8791e-04	-1.3456e-02	-4.8100e-03	-4.1530e-03
1.5132e-03	9.0312e-04	-1.7387e-03	-7.7858e-03	2.2809e-01	-1.6218e-01	3.7889e-04	2.5145e-04	-5.3990e-05	1.1283e-02	9.1810e-03	1.1182e-02
1.5085e-03	7.7360e-04	-1.6337e-03	-4.1130e-03	2.1494e-01	-1.7695e-01	-4.6700e-06	-1.2952e-04	1.0504e-04	3.6727e-03	-1.3148e-02	-1.4771e-02
1.2053e-03	1.4528e-03	-1.2220e-03	-9.2157e-03	2.1083e-01	-1.6775e-01	-3.0320e-04	6.7924e-04	4.1173e-04	-5.1027e-03	-4.1130e-03	9.1990e-03
1.2165e-03	1.7581e-03	-1.3473e-03	-1.1348e-02	1.9163e-01	-1.5147e-01	1.1250e-05	3.0528e-04	-1.2537e-04	-2.1322e-03	-1.9197e-02	1.6280e-02
1.3931e-03	5.9386e-04	-1.7175e-03	-9.3352e-03	2.1605e-01	-1.7611e-01	1.7657e-04	-1.1643e-03	-3.7021e-04	2.0127e-03	2.4414e-02	-2.4632e-02
1.9984e-03	4.3205e-04	-1.7756e-03	-9.4475e-03	2.0764e-01	-1.8682e-01	6.0533e-04	-1.6181e-04	-5.8040e-05	-1.1230e-04	-8.4040e-03	-1.0708e-02
1.7929e-03	7.4296e-04	-1.6527e-03	-1.1269e-02	2.0767e-01	-1.8674e-01	-2.0552e-04	3.1091e-04	1.2290e-04	-1.8210e-03	2.8000e-05	7.0000e-05
1.8651e-03	1.0150e-03	-1.7021e-03	-7.0242e-03	2.0766e-01	-1.9176e-01	7.2190e-05	2.7208e-04	-4.9390e-05	4.2443e-03	-1.1000e-05	-5.0140e-03
1.9444e-03	1.6075e-03	-1.5990e-03	-1.1838e-02	2.0766e-01	-1.7877e-01	7.9270e-05	5.9242e-04	1.0311e-04	-4.8135e-03	-1.0000e-06	1.2994e-02
2.8930e-03	6.8649e-04	-1.5050e-03	1.4691e-03	2.0928e-01	-2.0573e-01	9.4860e-04	-9.2097e-04	9.3920e-05	1.3307e-02	1.6250e-03	-2.6961e-02
1.4930e-03	1.1130e-03	-1.8113e-03	1.8526e-03	1.8639e-01	-1.8800e-01	-1.4000e-03	4.2655e-04	-3.0630e-04	3.8346e-04	-2.2897e-02	1.7728e-02
1.6404e-03	1.3165e-03	-1.6457e-03	-1.9995e-03	1.7639e-01	-1.8281e-01	1.4740e-04	2.0342e-04	1.6561e-04	-3.8521e-03	-1.0000e-02	5.1900e-03
1.5766e-03	1.3048e-03	-1.7992e-03	-6.7112e-03	1.8638e-01	-1.8279e-01	-6.3720e-05	-1.1620e-05	-1.5342e-04	-4.7117e-03	9.9980e-03	2.3000e-05
2.1991e-03	1.0399e-03	-1.7609e-03	2.4093e-03	1.9079e-01	-1.8297e-01	6.2245e-04	-2.6490e-04	3.8270e-05	9.1205e-03	4.4000e-03	-1.8100e-04
1.8903e-03	1.0399e-03	-1.6334e-03	-5.7008e-03	1.8040e-01	-1.7788e-01	-3.0880e-04	0.0000e+00	1.2749e-04	-8.1101e-03	-1.0387e-02	5.0860e-03
1.6536e-03	1.0399e-03	-1.7877e-03	-9.2785e-03	1.7964e-01	-1.8278e-01	-2.3673e-04	0.0000e+00	-1.5427e-04	-3.5777e-03	-7.5700e-04	-4.9010e-03
8.6594e-04	1.0399e-03	-2.1399e-03	-7.7763e-03	1.6897e-01	-2.0070e-01	-7.8763e-04	0.0000e+00	-3.5228e-04	1.5022e-03	-1.0669e-02	-1.7919e-02
9.7476e-05	1.0399e-03	-1.9915e-03	-6.4857e-03	1.5106e-01	-1.9889e-01	-7.6847e-04	0.0000e+00	1.4850e-04	1.2905e-03	-1.7913e-02	1.8090e-03
-4.0902e-04	1.2337e-03	-1.6419e-03	-1.3057e-02	1.3872e-01	-2.0609e-01	-5.0650e-04	1.9378e-04	3.4958e-04	-6.5709e-03	-1.2335e-02	-7.1950e-03
-1.2163e-03	1.0154e-03	-1.9378e-03	-1.6250e-02	1.3325e-01	-2.2034e-01	-8.0729e-04	-2.1831e-04	-2.9595e-04	-3.1930e-03	-5.4750e-03	-1.4256e-02
-2.2775e-03	1.0315e-03	-1.9378e-03	-4.7719e-03	1.1474e-01	-2.4230e-01	-1.0611e-03	1.6120e-05	0.0000e+00	1.1478e-02	-1.8511e-02	-2.1955e-02
-2.2949e-03	7.2516e-04	-2.0587e-03	-2.3586e-03	1.3324e-01	-2.6248e-01	-1.7410e-05	-3.0637e-04	-1.2092e-04	2.4133e-03	1.8503e-02	-2.0179e-02
-1.8887e-03	9.7824e-04	-1.5029e-03	-3.8324e-03	1.1459e-01	-2.4255e-01	4.0614e-04	2.5308e-04	5.5588e-04	-1.4738e-03	-1.8652e-02	1.9922e-02
-1.6710e-03	1.0567e-03	-1.5249e-03	-8.6764e-03	1.1758e-01	-2.4598e-01	2.1772e-04	7.8489e-05	-2.2060e-05	-4.8440e-03	2.9870e-03	-3.4280e-03
-5.2406e-04	1.0838e-03	-1.1806e-03	-1.4417e-02	1.3087e-01	-2.3769e-01	1.1470e-03	2.7070e-05	3.4436e-04	-5.7407e-03	1.3293e-02	8.2870e-03
-1.2680e-03	1.4053e-03	-1.5249e-03	-3.2532e-02	1.1439e-01	-2.3663e-01	-7.4393e-04	3.2154e-04	-3.4436e-04	-1.8115e-02	-1.6478e-02	1.0680e-03
-7.5650e-04	1.1082e-03	-1.4319e-03	-2.2626e-02	1.1429e-01	-2.1725e-01	5.1150e-04	-2.9714e-04	9.3030e-05	9.9053e-03	-9.8000e-05	1.9376e-02
-8.9778e-04	1.3582e-03	-1.5249e-03	-2.6794e-02	1.1435e-01	-1.8772e-01	-1.4129e-04	2.5000e-04	-9.3030e-05	-4.1672e-03	6.1000e-05	2.9531e-02
3.0064e-04	1.1082e-03	-9.9168e-04	-1.1791e-02	1.1409e-01	-2.2071e-01	1.1984e-03	-2.5000e-04	5.3324e-04	1.5002e-02	-2.6600e-04	-3.2989e-02
2.3756e-05	1.5082e-03	-9.2798e-04	-2.1094e-02	1.1418e-01	-2.1611e-01	-2.7688e-04	3.9998e-04	6.3706e-05	-9.3028e-03	9.0000e-05	4.6030e-03
2.1558e-04	5.3214e-04	-1.3895e-03	-2.3461e-02	1.2802e-01	-2.1495e-01	1.9182e-04	-9.7604e-04	-4.6154e-04	-2.3668e-03	1.3841e-02	1.1550e-03
-1.2407e-04	7.2100e-04	-1.6320e-03	-2.4671e-02	1.2618e-01	-1.9107e-01	-3.3965e-04	1.8886e-04	-2.4252e-04	-1.2105e-03	-1.8350e-03	2.3880e-02
-6.3534e-04	1.0413e-03	-1.0648e-03	-1.9842e-02	1.0598e-01	-1.6403e-01	-5.1127e-04	3.2030e-04	5.6723e-04	4.8291e-03	-2.0205e-02	2.7040e-02
2.9417e-04	7.6812e-04	-1.3402e-03	-1.7626e-02	1.2634e-01	-1.9107e-01	9.2951e-04	-2.7318e-04	-2.7539e-04	2.2157e-03	2.0358e-02	-2.7040e-02
6.7000e-05	7.1866e-04	-1.3090e-03	-1.6632e-02	1.0664e-01	-1.9100e-01	-2.2717e-04	-4.9461e-05	3.1190e-05	9.9460e-04	-1.9693e-02	7.4000e-05
-1.9267e-04	7.1177e-04	-1.3199e-03	-1.5326e-02	1.1064e-01	-1.6967e-01	-2.5967e-04	-6.8960e-06	-1.0860e-05	1.3060e-03	4.0000e-03	2.1322e-02
7.0115e-04	9.1431e-04	-1.3191e-03	-7.6039e-03	1.1421e-01	-1.6993e-01	8.9382e-04	2.0254e-04	8.1000e-07	7.7220e-03	3.5700e-03	-2.5600e-04
7.8277e-04	9.1431e-04	-6.1094e-04	-6.9396e-03	1.1420e-01	-1.6998e-01	8.1615e-05	-1.0000e-09	7.0812e-04	6.6429e-04	-1.2000e-05	-4.6000e-05
7.1080e-04	5.2477e-04	-1.3026e-03	-1.7717e-02	9.7725e-02	-1.4836e-01	-7.1961e-05	-3.8954e-04	-6.9169e-04	-1.0778e-02	-1.6477e-02	2.1616e-02
9.6106e-04	6.7218e-04	-1.2548e-03	-1.5971e-02	9.6876e-02	-1.4843e-01	2.5025e-04	1.4742e-04	4.7800e-05	1.7462e-03	-8.4910e-04	-7.2000e-05
1.4506e-03	5.8043e-04	-9.7180e-04	-9.8300e-03	1.0157e-01	-1.4856e-01	4.8951e-04	-9.1749e-05	2.8303e-04	6.1410e-03	4.6990e-03	-1.3000e-04
2.9648e-03	9.2991e-05	-5.0031e-04	-3.1233e-03	1.1375e-01	-1.4034e-01	1.5143e-03	-4.8744e-04	4.7149e-04	6.7067e-03	1.2171e-02	8.2270e-03
3.4516e-03	7.3288e-04	1.2082e-04	-3.1460e-04	1.4826e-01	-1.4906e-01	4.8674e-04	6.3989e-04	6.2113e-04	2.8087e-03	3.4514e-02	-8.7280e-03
2.8760e-03	1.0320e-03	-7.8163e-05	5.8761e-03	9.8083e-02	-1.1367e-01	-5.7556e-04	2.9911e-04	-1.9899e-04	6.1907e-03	-5.0177e-02	3.5395e-02
3.1218e-03	4.7462e-04	2.5082e-04	8.5298e-03	1.1752e-01	-1.4346e-01	2.4577e-04	-5.5737e-04	3.2898e-04	2.6537e-03	1.9438e-02	-2.9790e-02
3.0325e-03	1.0659e-03	5.1251e-04	1.5961e-02	1.1753e-01	-9.3994e-02	-8.9260e-05	5.9130e-04	2.6169e-04	7.4312e-03	7.0000e-06	4.9465e-02
3.4916e-03	1.1142e-03	4.5291e-04	-3.1024e-03	3.8346e-02	-3.0977e-02	4.5906e-04	4.8250e-05	-5.9598e-05	-1.9063e-02	-7.9182e-02	6.3017e-02
3.8867e-03	7.9496e-04	9.6696e-04	-9.9448e-03	3.8305e-02	1.9701e-02	3.9508e-04	-3.1921e-04	5.1406e-04	-6.8424e-03	-4.0900e-05	5.0678e-02
3.5151e-03	6.4279e-04	8.2812e-04	-4.7192e-03	7.8406e-02	2.5081e-02	-3.7161e-04	-1.5217e-04	-1.3884e-04	5.2256e-03	4.0101e-02	5.3803e-03
3.0294e-03	5.3673e-04	4.9624e-04	8.5713e-05	6.8306e-02	-7.2316e-03	-4.8563e-04	-1.0606e-04	-3.3188e-04	4.8049e-03	-1.0100e-02	-3.2313e-02
2.4002e-03	8.4817e-04	3.3663e-04	5.5182e-03	5.8638e-02	-1.3525e-02	-6.2919e-04	3.1144e-04	-1.5961e-04	5.4324e-03	-9.6683e-03	-6.2938e-03
2.5842e-03	6.3809e-04	7.3712e-04	1.2747e-04	4.1598e-02	-2.6257e-02	1.8397e-04	-2.1008e-04	4.0049e-04	-5.3907e-03	-1.7040e-02	-1.2732e-02
2.1104e-03	6.4328e-04	3.3663e-04	9.0328e-03	6.2265e-02	-1.4727e-02	-4.7379e-04	5.1870e-06	-4.0049e-04	8.9053e-03	2.0666e-02	1.1531e-02
1.7945e-03	1.8099e-04	2.4115e-04	8.3870e-03	2.3641e-02	-1.4983e-02	-3.1590e-04	-4.6229e-04	-9.5473e-05	-6.4579e-04	-3.8624e-02	-2.5630e-04
2.2806e-03	-3.3166e-05	-1.7766e-04	4.9356e-03	4.8604e-02	-9.0237e-03	4.8613e-04	-2.1416e-04	-4.1881e-04	-3.4514e-03	2.4963e-02	5.9591e-03
3.6714e-03	-2.3278e-04	3.5517e-04	9.7577e-03	6.6696e-02	-2.5954e-02	1.3908e-03	-1.9961e-04	5.3282e-04	4.8221e-03	1.8092e-02	-1.6931e-02
2.4753e-03	-0.0000e+00	2.2221e-04	1.9883e-02	5.1308e-02	-2.2310e-02	-1.1961e-03	2.3278e-04	-1.3296e-04	1.0125e-02	-1.5388e-02	3.6447e-03
2.4713e-03	-0.0000e+00	1.0199e-04	6.7476e-03	5.9904e-02	-4.7173e-02	-3.9900e-06	0.0000e+00	-1.2021e-04	-1.3135e-02	8.5959e-03	-2.4863e-02
2.0547e-03	1.6844e-04	-4.7827e-05	4.4843e-03	4.1359e-02	-3.8987e-02	-4.1661e-04	1.6844e-04	-1.4982e-04	-2.2633e-03	-1.8545e-02	8.1858e-03
1.5017e-04	4.9168e-04	-1.0993e-04	2.4412e-05	2.0367e-02	2.8934e-06	-1.9045e-03	3.2324e-04	-6.2098e-05	-4.4599e-03	-2.0992e-02	3.8990e-02
0.0000e+00	1.6915e-04	0.0000e+00	5.0500e-06	2.3767e-02	1.6077e-06	-1.5017e-04	-3.2253e-04	1.0993e-04	-1.9362e-05	3.4001e-03	-1.2857e-06
0.0000e+00	-0.0000e+00	0.0000e+00	0.0000e+00	0.0000e+00	0.0000e+00	0.0000e+00	-1.6915e-04	0.0000e+00	-5.0500e-06	-2.3767e-02	-1.6077e-06
1.8454e-03	-6.3436e-04	5.3925e-06	-2.4993e-03	1.5088e-02	-5.4817e-02	1.8454e-03	-6.3436e-04	5.3925e-06	-2.4993e-03	1.5088e-02	-5.4817e-02
1.4725e-03	-4.9214e-06	2.0918e-04	-8.6429e-03	-9.6792e-03	-2.5871e-02	-3.7291e-04	6.2944e-04	2.0378e-04	-6.1436e-03	-2.4767e-02	2.8946e-02
6.3227e-04	3.8565e-04	1.1248e-04	-1.8748e-02	-4.8528e-03	-2.0968e-02	-8.4022e-04	3.9057e-04	-9.6693e-05	-1.0105e-02	4.8264e-03	4.9025e-03
9.7802e-04	4.0535e-04	4.9268e-04	-5.4640e-03	-1.9144e-02	-4.1966e-02	3.4575e-04	1.9697e-05	3.8019e-04	1.3284e-02	-1.4292e-02	-2.0997e-02
1.5659e-03	1.4096e-04	1.2697e-04	-9.1138e-03	2.2199e-03	-5.3076e-02	5.8792e-04	-2.6439e-04	-3.6571e-04	-3.6498e-03	2.1364e-02	-1.1110e-02
8.4998e-04	1.4096e-04	-2.8601e-04	-4.4003e-03	-1.5817e-02	-3.5396e-02	-7.1596e-04	0.0000e+00	-4.1298e-04	4.7135e-03	-1.8037e-02	1.7680e-02
2.0283e-04	1.4096e-04	-7.4254e-04	-5.4843e-03	-4.0016e-02	-7.1675e-02	-6.4715e-04	0.0000e+00	-4.5653e-04	-1.0840e-03	-2.4200e-02	-3.6278e-02
7.3915e-05	1.4096e-04	-4.3284e-04	-1.0549e-02	-2.5355e-02	-7.5640e-02	-1.2891e-04	0.0000e+00	3.0970e-04	-5.0643e-03	1.4661e-02	-3.9654e-03
-2.3060e-04	1.4096e-04	-1.1481e-03	-3.2030e-03	-2.4832e-02	-1.0004e-01	-3.0452e-04	0.0000e+00	-7.1530e-04	7.3456e-03	5.2340e-04	-2.4396e-02
-1.6085e-03	-2.2036e-04	-1.1481e-03	-6.7654e-05	-2.4735e-02	-8.9473e-02	-1.3779e-03	-3.6132e-04	0.0000e+00	3.1354e-03	9.6400e-05	1.0563e-02
-2.1438e-03	-4.7329e-05	-8.9814e-04	-4.0959e-03	-4.7073e-02	-8.9406e-02	-5.3531e-04	1.7303e-04	2.5000e-04	-4.0283e-03	-2.2338e-02	6.6200e-05
-2.4388e-03	-4.1394e-04	-1.3916e-03	-1.8878e-02	-5.1163e-02	-8.9403e-02	-2.9506e-04	-3.6661e-04	-4.9347e-04	-1.4782e-02	-4.0899e-03	3.9000e-06
-2.6212e-03	-4.1394e-04	-1.3350e-03	-1.1962e-02	-3.6211e-02	-1.0790e-01	-1.8234e-04	0.0000e+00	5.6620e-05	6.9167e-03	1.4952e-02	-1.8494e-02
-2.5069e-03	7.4092e-05	-1.3350e-03	-1.8808e-02	-6.9173e-02	-1.2423e-01	1.1427e-04	4.8803e-04	0.0000e+00	-6.8467e-03	-3.2962e-02	-1.6338e-02
-3.2980e-03	-1.2056e-04	-1.3350e-03	-1.8836e-02	-8.5140e-02	-1.1275e-01	-7.9105e-04	-1.9465e-04	0.0000e+00	-2.7700e-05	-1.5968e-02	1.1488e-02
-5.9197e-03	-5.6974e-05	-1.9233e-03	3.5611e-04	-9.6446e-02	-1.5322e-01	-2.6217e-03	6.3585e-05	-5.8827e-04	1.9192e-02	-1.1306e-02	-4.0472e-02
-7.0535e-03	-1.7069e-04	-2.1660e-03	-3.8102e-03	-1.1261e-01	-1.8902e-01	-1.1339e-03	-1.1371e-04	-2.4270e-04	-4.1663e-03	-1.6163e-02	-3.5804e-02
-7.3274e-03	-4.1394e-04	-2.2272e-03	-1.8880e-02	-1.3158e-01	-1.7779e-01	-2.7389e-04	-2.4325e-04	-6.1210e-05	-1.5070e-02	-1.8974e-02	1.1235e-02
-6.8717e-03	-1.0671e-04	-1.9729e-03	-1.8849e-02	-1.3915e-01	-1.4843e-01	4.5576e-04	3.0723e-04	2.5429e-04	3.1200e-05	-7.5660e-03	2.9358e-02
-7.3114e-03	-5.4032e-05	-1.9122e-03	-1.8870e-02	-1.3906e-01	-1.3404e-01	-4.3974e-04	5.2679e-05	6.0650e-05	-2.0800e-05	9.0000e-05	1.4393e-02
-7.2625e-03	-4.6614e-06	-2.1660e-03	-2.4872e-02	-1.6625e-01	-1.5265e-01	4.8950e-05	4.9370e-05	-2.5373e-04	-6.0020e-03	-2.7190e-02	-1.8610e-02
-7.6643e-03	1.1930e-04	-2.2528e-03	-1.8801e-02	-1.6255e-01	-1.6753e-01	-4.0184e-04	1.2396e-04	-8.6890e-05	6.0707e-03	3.6970e-03	-1.4886e-02
-7.2665e-03	1.0475e-04	-2.1660e-03	-3.1189e-02	-1.5088e-01	-1.4958e-01	3.9782e-04	-1.4552e-05	8.6890e-05	-1.2388e-02	1.1674e-02	1.7958e-02
-7.5074e-03	2.6224e-04	-2.3108e-03	-3.4315e-02	-1.6623e-01	-1.6249e-01	-2.4092e-04	1.5749e-04	-1.4483e-04	-3.1258e-03	-1.5347e-02	-1.2917e-02
-7.6757e-03	1.6819e-03	-2.5925e-03	-4.3493e-02	-1.9686e-01	-6.2151e-02	-1.6832e-04	1.4197e-03	-2.8176e-04	-9.1780e-03	-3.0631e-02	1.0034e-01
-5.7399e-03	1.4298e-03	-2.5768e-03	-4.8434e-02	-1.6601e-01	-1.0494e-02	1.9359e-03	-2.5210e-04	1.5750e-05	-4.9418e-03	3.0846e-02	5.1657e-02
-5.7852e-03	9.7617e-04	-2.3278e-03	-4.9964e-02	-1.6512e-01	-2.8504e-02	-4.5290e-05	-4.5364e-04	2.4897e-04	-1.5292e-03	8.9100e-04	-1.8010e-02
-6.7267e-03	7.9836e-04	-2.2849e-03	-4.1542e-02	-1.8591e-01	-3.2538e-02	-9.4151e-04	-1.7781e-04	4.2920e-05	8.4221e-03	-2.0795e-02	-4.0338e-03
-6.5810e-03	6.2811e-04	-2.7340e-03	-4.4874e-02	-1.8492e-01	-4.7135e-02	1.4562e-04	-1.7025e-04	-4.4910e-04	-3.3324e-03	9.9600e-04	-1.4597e-02
-5.5089e-03	5.8890e-04	-2.4331e-03	-3.6959e-02	-1.5894e-01	-7.4833e-02	1.0722e-03	-3.9202e-05	3.0091e-04	7.9150e-03	2.5982e-02	-2.7698e-02
-3.2177e-03	8.0830e-04	-1.7063e-03	-3.6596e-02	-1.5266e-01	-8.5133e-02	2.2911e-03	2.1940e-04	7.2679e-04	3.6270e-04	6.2810e-03	-1.0300e-02
-3.8541e-03	5.3737e-04	-1.6703e-03	-3.6676e-02	-1.3187e-01	-8.4974e-02	-6.3633e-04	-2.7093e-04	3.6030e-05	-7.9400e-05	2.0786e-02	1.5930e-04
-2.6115e-03	2.3672e-04	-2.0910e-03	-3.9645e-02	-1.1359e-01	-4.2428e-02	1.2425e-03	-3.0064e-04	-4.2068e-04	-2.9692e-03	1.8281e-02	4.2545e-02
-1.9130e-03	4.8921e-04	-1.1292e-03	-3.6558e-02	-1.3724e-01	-6.0784e-02	6.9853e-04	2.5248e-04	9.6172e-04	3.0866e-03	-2.3649e-02	-1.8355e-02
2.1108e-04	-8.3227e-04	-1.0778e-03	-1.8043e-02	-8.3522e-02	-7.7981e-02	2.1241e-03	-1.3215e-03	5.1440e-05	1.8515e-02	5.3715e-02	-1.7198e-02
-2.0614e-03	-4.9478e-04	-1.3298e-03	-3.6760e-02	-1.3597e-01	-4.3085e-02	-2.2724e-03	3.3748e-04	-2.5204e-04	-1.8716e-02	-5.2448e-02	3.4897e-02
-1.9673e-03	-5.5213e-04	-1.3496e-03	-2.7772e-02	-1.5087e-01	-4.7702e-02	9.4110e-05	-5.7347e-05	-1.9730e-05	8.9876e-03	-1.4899e-02	-4.6168e-03
1.4180e-04	1.2605e-05	-4.1246e-04	-3.6727e-02	-1.0268e-01	-9.5488e-02	2.1091e-03	5.6474e-04	9.3711e-04	-8.9546e-03	4.8186e-02	-4.7786e-02
-1.0336e-03	-1.2106e-04	-7.5768e-04	-3.6787e-02	-1.3131e-01	-7.1626e-02	-1.1754e-03	-1.3367e-04	-3.4522e-04	-6.0300e-05	-2.8629e-02	2.3862e-02
-9.1704e-04	4.9412e-05	-8.3553e-04	-3.6779e-02	-1.5094e-01	-6.1706e-02	1.1659e-04	1.7047e-04	-7.7846e-05	7.3000e-06	-1.9623e-02	9.9205e-03
-2.1953e-03	-5.8011e-04	-1.2845e-03	-3.6854e-02	-1.1917e-01	-6.5236e-02	-1.2783e-03	-6.2952e-04	-4.4899e-04	-7.4300e-05	3.1762e-02	-3.5301e-03
1.7596e-04	-1.0823e-03	-9.0372e-04	-2.5732e-02	-7.9575e-02	-1.0514e-01	2.3713e-03	-5.0217e-04	3.8080e-04	1.1121e-02	3.9598e-02	-3.9904e-02
7.4348e-04	-4.5083e-05	-8.1546e-04	-3.6925e-02	-1.1820e-01	-6.1904e-02	5.6751e-04	1.0372e-03	8.8260e-05	-1.1192e-02	-3.8621e-02	4.3236e-02
4.7660e-04	-5.0212e-04	-7.7313e-04	-2.9334e-02	-1.2606e-01	-2.8221e-02	-2.6688e-04	-4.5703e-04	4.2326e-05	7.5904e-03	-7.8650e-03	3.3683e-02
6.3634e-04	-4.4483e-04	-1.7671e-04	-3.2025e-02	-1.4170e-01	-3.7534e-02	1.5974e-04	5.7285e-05	5.9642e-04	-2.6904e-03	-1.5644e-02	-9.3129e-03
9.5512e-04	-5.0212e-04	-2.2734e-04	-3.6988e-02	-1.3910e-01	-4.6497e-02	3.1878e-04	-5.7285e-05	-5.0629e-05	-4.9636e-03	2.6060e-03	-8.9632e-03
4.7551e-04	-9.1567e-04	-9.3175e-04	-3.7176e-02	-1.2605e-01	-4.4791e-02	-4.7961e-04	-4.1355e-04	-7.0441e-04	-1.8780e-04	1.3047e-02	1.7059e-03
9.5553e-04	-1.1359e-03	-7.4619e-04	-3.0814e-02	-1.2578e-01	-5.4051e-02	4.8002e-04	-2.2023e-04	1.8556e-04	6.3621e-03	2.7600e-04	-9.2602e-03
5.3401e-04	-6.2106e-04	-4.7460e-04	-3.7276e-02	-1.5581e-01	-5.2014e-02	-4.2152e-04	5.1484e-04	2.7160e-04	-6.4619e-03	-3.0030e-02	2.0367e-03
8.3322e-04	-5.7203e-04	-3.7837e-04	-5.4749e-02	-1.4239e-01	-4.6971e-02	2.9921e-04	4.9024e-05	9.6224e-05	-1.7473e-02	1.3413e-02	5.0432e-03
6.3853e-04	-4.2858e-04	-3.7837e-04	-4.6957e-02	-1.4083e-01	-4.5329e-02	-1.9469e-04	1.4345e-04	0.0000e+00	7.7921e-03	1.5650e-03	1.6427e-03
5.1964e-04	-7.3098e-04	-3.0011e-04	-5.4756e-02	-1.6828e-01	-3.1523e-02	-1.1889e-04	-3.0240e-04	7.8263e-05	-7.7992e-03	-2.7450e-02	1.3806e-02
9.6556e-04	-1.2561e-03	-8.0712e-04	-4.9173e-02	-1.5261e-01	-3.1545e-02	4.4592e-04	-5.2508e-04	-5.0701e-04	5.5826e-03	1.5667e-02	-2.2700e-05
7.4942e-04	-1.0597e-03	-9.7414e-04	-5.7042e-02	-1.6833e-01	-3.1536e-02	-2.1613e-04	1.9633e-04	-1.6702e-04	-7.8690e-03	-1.5722e-02	9.8000e-06
7.4942e-04	-1.2413e-03	-6.7946e-04	-5.4917e-02	-1.6832e-01	-4.8256e-02	0.0000e+00	-1.8153e-04	2.9467e-04	2.1253e-03	1.5000e-05	-1.6720e-02
-6.0006e-04	-9.9829e-04	-1.0859e-03	-5.8767e-02	-1.7754e-01	-4.9206e-02	-1.3495e-03	2.4298e-04	-4.0644e-04	-3.8499e-03	-9.2230e-03	-9.5010e-04
1.3488e-03	-9.5326e-04	-8.6421e-04	-5.4965e-02	-1.6926e-01	-5.2241e-02	1.9489e-03	4.5029e-05	2.2169e-04	3.8020e-03	8.2790e-03	-3.0343e-03
1.0872e-03	-7.6490e-04	-4.3289e-04	-5.4834e-02	-1.9014e-01	-2.8018e-02	-2.6166e-04	1.8836e-04	4.3132e-04	1.3050e-04	-2.0874e-02	2.4222e-02
8.2713e-04	-7.7111e-04	-4.3289e-04	-5.4841e-02	-1.7604e-01	-2.4942e-02	-2.6003e-04	-6.2180e-06	0.0000e+00	-6.5000e-06	1.4093e-02	3.0756e-03
1.1312e-03	-1.3651e-03	-9.2440e-04	-6.2328e-02	-1.7553e-01	-2.0036e-02	3.0410e-04	-5.9398e-04	-4.9150e-04	-7.4875e-03	5.0900e-04	4.9067e-03
1.0076e-03	-8.7306e-04	-7.2207e-04	-6.4681e-02	-1.9330e-01	-7.9737e-03	-1.2362e-04	4.9204e-04	2.0232e-04	-2.3523e-03	-1.7763e-02	1.2062e-02
1.5045e-03	-6.6580e-04	-6.0586e-04	-7.2784e-02	-2.0629e-01	2.9292e-03	4.9687e-04	2.0726e-04	1.1621e-04	-8.1028e-03	-1.2991e-02	1.0903e-02
1.6063e-03	-1.0388e-03	-5.8688e-04	-7.7909e-02	-1.9040e-01	-1.8361e-02	1.0181e-04	-3.7298e-04	1.8984e-05	-5.1255e-03	1.5891e-02	-2.1290e-02
1.0711e-03	-1.4748e-03	-9.6686e-04	-6.8690e-02	-1.8886e-01	-7.3048e-03	-5.3516e-04	-4.3600e-04	-3.7998e-04	9.2192e-03	1.5340e-03	1.1056e-02
1.4105e-03	-4.6224e-04	-7.1718e-04	-7.0358e-02	-1.9630e-01	-4.4498e-03	3.3933e-04	1.0125e-03	2.4969e-04	-1.6682e-03	-7.4390e-03	2.8550e-03
1.5274e-03	-1.0803e-03	-1.0137e-03	-6.5175e-02	-1.9733e-01	-1.2701e-02	1.1694e-04	-6.1804e-04	-2.9655e-04	5.1829e-03	-1.0290e-03	-8.2515e-03
1.7010e-04	-1.7477e-03	-4.8376e-04	-6.2949e-02	-1.8489e-01	-1.8086e-02	-1.3573e-03	-6.6745e-04	5.2997e-04	2.2264e-03	1.2443e-02	-5.3844e-03
1.3294e-03	-1.7477e-03	-9.0884e-04	-6.6590e-02	-2.0514e-01	-2.3142e-02	1.1593e-03	0.0000e+00	-4.2509e-04	-3.6417e-03	-2.0254e-02	-5.0565e-03
5.8096e-04	-1.3903e-03	-7.5240e-04	-6.5266e-02	-2.2020e-01	-1.2552e-02	-7.4842e-04	3.5740e-04	1.5644e-04	1.3246e-03	-1.5054e-02	1.0591e-02
9.1480e-04	-7.0621e-04	-6.7031e-05	-6.0099e-02	-2.0824e-01	-1.2587e-02	3.3383e-04	6.8412e-04	6.8537e-04	5.1666e-03	1.1960e-02	-3.5000e-05
4.9465e-04	-7.7414e-04	-9.8243e-05	-6.3227e-02	-2.1424e-01	-1.0378e-02	-4.2014e-04	-6.7923e-05	-3.1211e-05	-3.1281e-03	-6.0000e-03	2.2087e-03
1.1386e-03	-1.1145e-03	-9.8243e-05	-5.5285e-02	-2.3296e-01	-3.4818e-02	6.4392e-04	-3.4041e-04	0.0000e+00	7.9419e-03	-1.8725e-02	-2.4440e-02
4.5022e-04	-1.5094e-03	-6.4160e-04	-6.9730e-02	-2.4055e-01	-1.2481e-02	-6.8835e-04	-3.9485e-04	-5.4336e-04	-1.4445e-02	-7.5860e-03	2.2337e-02
-4.4702e-04	-2.0325e-03	-5.8391e-04	-5.9981e-02	-2.1599e-01	-1.2707e-02	-8.9724e-04	-5.2310e-04	5.7689e-05	9.7497e-03	2.4561e-02	-2.2530e-04
7.1870e-01	1.5686e+00	1.5457e-01	5.2704e+01	-3.8595e-01	7.2429e+00	7.1915e-01	1.5707e+00	1.5516e-01	5.2764e+01	-1.6997e-01	7.2556e+00
1.4717e-01	1.4850e+00	1.0421e-01	7.8457e+00	-1.4437e+00	3.2161e+00	-5.7153e-01	-8.3650e-02	-5.0360e-02	-4.4858e+01	-1.0577e+00	-4.0267e+00
1.5729e+00	3.2743e-01	7.0942e-03	-1.3859e+00	1.9007e+00	1.3169e+01	1.4257e+00	-1.1576e+00	-9.7119e-02	-9.2316e+00	3.3444e+00	9.9532e+00
-2.9955e+00	1.5707e+00	3.1404e+00	3.7479e+00	-1.1794e+00	3.7560e+00	-4.5685e+00	1.2433e+00	3.1333e+00	5.1338e+00	-3.0801e+00	-9.4133e+00
2.0179e-01	1.5083e+00	8.3223e-02	8.7238e+00	-1.2085e+00	3.1377e+00	3.1973e+00	-6.2400e-02	-3.0572e+00	4.9758e+00	-2.9140e-02	-6.1829e-01
2.7906e-01	1.4693e+00	3.7773e-02	4.2560e+00	-1.9973e+00	4.1554e+00	7.7268e-02	-3.8970e-02	-4.5451e-02	-4.4678e+00	-7.8885e-01	1.0177e+00
8.6653e-01	4.3828e-01	3.5338e-02	-1.5597e+00	-2.5015e+00	7.1600e+00	5.8747e-01	-1.0310e+00	-2.4348e-03	-5.8156e+00	-5.0416e-01	3.0046e+00
8.4348e-01	4.3921e-01	2.5797e-02	-1.3640e+00	-2.5241e+00	6.5905e+00	-2.3047e-02	9.3300e-04	-9.5409e-03	1.9564e-01	-2.2620e-02	-5.6945e-01
1.6421e+00	4.4487e-01	2.2124e-02	-2.6252e+00	-2.1355e+01	6.8716e+00	7.9858e-01	5.6550e-03	-3.6737e-03	-1.2612e+00	-1.8830e+01	2.8109e-01
1.7169e+00	5.5259e-01	3.8270e-02	-4.1623e+00	3.2250e+00	1.3847e+01	7.4870e-02	1.0772e-01	1.6146e-02	-1.5370e+00	2.4580e+01	6.9756e+00
8.4927e-01	6.3591e-01	4.9151e-02	-4.4145e+00	-1.4774e+00	6.8766e+00	-8.6766e-01	8.3323e-02	1.0881e-02	-2.5220e-01	-4.7024e+00	-6.9706e+00
7.5968e-01	6.3543e-01	-1.3821e-03	-4.3083e+00	-9.4807e-01	5.8063e+00	-8.9587e-02	-4.8200e-04	-5.0533e-02	1.0613e-01	5.2929e-01	-1.0702e+00
9.1938e-01	8.1396e-01	5.5351e-02	-2.9754e+00	-4.6449e-01	7.0669e+00	1.5970e-01	1.7853e-01	5.6734e-02	1.3330e+00	4.8358e-01	1.2606e+00
7.2829e-01	8.1366e-01	5.1409e-03	-3.3172e+00	2.1743e-01	6.7750e+00	-1.9109e-01	-2.9300e-04	-5.0211e-02	-3.4185e-01	6.8192e-01	-2.9187e-01
8.0279e-01	1.4584e+00	-2.1324e-04	4.7337e+00	2.7228e-01	9.0283e+00	7.4507e-02	6.4477e-01	-5.3541e-03	8.0509e+00	5.4853e-02	2.2532e+00
8.2209e-01	1.4762e+00	1.0745e-02	3.7488e-01	2.1192e+00	8.8397e+00	1.9294e-02	1.7730e-02	1.0959e-02	-4.3588e+00	1.8469e+00	-1.8856e-01
8.3451e-01	1.4770e+00	1.0025e-02	4.3202e+00	1.2931e+00	7.9506e+00	1.2426e-02	8.1000e-04	-7.2040e-04	3.9453e+00	-8.2616e-01	-8.8910e-01
8.8276e-01	1.3903e+00	5.7975e-03	3.0938e+00	2.1768e+00	8.7583e+00	4.8243e-02	-8.6660e-02	-4.2274e-03	-1.2264e+00	8.8376e-01	8.0772e-01
8.2669e-01	8.5298e-01	3.9593e-03	-7.5084e-01	6.2663e-01	6.7883e+00	-5.6064e-02	-5.3733e-01	-1.8382e-03	-3.8446e+00	-1.5502e+00	-1.9700e+00
7.7036e-01	1.4946e+00	5.2729e-03	2.4164e+01	5.5712e+00	9.0781e+00	-5.6328e-02	6.4164e-01	1.3135e-03	2.4915e+01	4.9445e+00	2.2898e+00
7.5937e-01	8.7894e-01	3.2452e-03	-1.0530e+00	1.2665e+00	7.3221e+00	-1.0990e-02	-6.1568e-01	-2.0276e-03	-2.5217e+01	-4.3046e+00	-1.7561e+00
7.2665e-01	1.5331e+00	3.7161e-03	7.7041e+00	2.2075e+00	8.5482e+00	-3.2723e-02	6.5414e-01	4.7083e-04	8.7571e+00	9.4100e-01	1.2261e+00
7.4270e-04	3.6560e-04	5.8084e-03	5.0474e+00	-3.4580e-02	-9.7522e+00	-7.2591e-01	-1.5327e+00	2.0923e-03	-2.6566e+00	-2.2421e+00	-1.8300e+01
