2.6359e-03	4.6242e-04	-2.1636e-03	-9.2746e-02	1.2759e-01	-1.5788e-01	0.0000e+00	0.0000e+00	0.0000e+00	0.0000e+00	0.0000e+00	0.0000e+00
2.5608e-03	7.3573e-04	-1.8244e-03	-1.0498e-01	1.3451e-01	-1.1711e-01	-7.5070e-05	2.7330e-04	3.3925e-04	-1.2234e-02	6.9220e-03	4.0773e-02
2.6676e-03	7.8536e-04	-1.7225e-03	-1.0493e-01	1.3451e-01	-1.3365e-01	1.0680e-04	4.9634e-05	1.0190e-04	5.4000e-05	5.0000e-06	-1.6543e-02
2.2499e-03	6.8948e-04	-2.0432e-03	-1.0505e-01	1.0770e-01	-1.0406e-01	-4.1774e-04	-9.5879e-05	-3.2069e-04	-1.2700e-04	-2.6807e-02	2.9598e-02
2.3732e-03	7.7336e-04	-1.6092e-03	-1.0489e-01	1.4769e-01	-9.6629e-02	1.2330e-04	8.3873e-05	4.3394e-04	1.6800e-04	3.9988e-02	7.4270e-03
2.2549e-03	8.2104e-04	-1.7813e-03	-1.0914e-01	1.1440e-01	-9.3868e-02	-1.1831e-04	4.7687e-05	-1.7206e-04	-4.2530e-03	-3.3290e-02	2.7606e-03
1.8019e-03	8.4853e-04	-2.0634e-03	-1.0504e-01	1.3245e-01	-8.3357e-02	-4.5299e-04	2.7481e-05	-2.8211e-04	4.1030e-03	1.8046e-02	1.0511e-02
1.2431e-03	7.1065e-04	-2.0288e-03	-1.0516e-01	6.8950e-02	-1.5629e-02	-5.5877e-04	-1.3788e-04	3.4640e-05	-1.2200e-04	-6.3499e-02	6.7728e-02
1.7218e-03	7.4759e-04	-2.3232e-03	-1.0517e-01	1.1091e-01	-4.0764e-02	4.7867e-04	3.6939e-05	-2.9448e-04	-1.0000e-05	4.1965e-02	-2.5135e-02
2.0328e-03	8.3822e-04	-2.7222e-03	-1.0526e-01	9.8538e-02	-8.3695e-02	3.1098e-04	9.0631e-05	-3.9892e-04	-8.9000e-05	-1.2377e-02	-4.2931e-02
1.8550e-03	1.0091e-03	-1.9225e-03	-9.3644e-02	6.6544e-02	-4.1454e-02	-1.7779e-04	1.7089e-04	7.9968e-04	1.1612e-02	-3.1994e-02	4.2241e-02
2.1119e-03	8.0553e-04	-1.8352e-03	-7.3847e-02	1.2961e-01	-1.1285e-01	2.5697e-04	-2.0358e-04	8.7230e-05	1.9797e-02	6.3064e-02	-7.1399e-02
1.7782e-03	4.8666e-04	-1.5244e-03	-7.3792e-02	9.1214e-02	-7.0811e-02	-3.3379e-04	-3.1887e-04	3.1080e-04	5.5300e-05	-3.8394e-02	4.2042e-02
1.8584e-03	8.0553e-04	-1.6791e-03	-8.1672e-02	1.2845e-01	-8.6104e-02	8.0220e-05	3.1887e-04	-1.5469e-04	-7.8803e-03	3.7235e-02	-1.5293e-02
1.7963e-03	8.0553e-04	-1.6538e-03	-7.3774e-02	6.5347e-02	-4.1774e-02	-6.2020e-05	0.0000e+00	2.5280e-05	7.8983e-03	-6.3102e-02	4.4330e-02
1.7706e-03	8.0553e-04	-1.6893e-03	-8.4410e-02	1.0597e-01	-6.5910e-02	-2.5710e-05	0.0000e+00	-3.5450e-05	-1.0636e-02	4.0620e-02	-2.4135e-02
1.8656e-03	6.1193e-04	-2.3598e-03	-9.6687e-02	7.1192e-02	-4.5897e-02	9.4960e-05	-1.9361e-04	-6.7051e-04	-1.2277e-02	-3.4775e-02	2.0013e-02
1.7772e-03	3.7857e-04	-2.5188e-03	-9.2463e-02	1.0385e-01	-6.3808e-02	-8.8380e-05	-2.3336e-04	-1.5904e-04	4.2245e-03	3.2657e-02	-1.7911e-02
1.5459e-03	8.2034e-04	-1.8414e-03	-8.8579e-02	2.5655e-02	-4.1647e-02	-2.3127e-04	4.4177e-04	6.7748e-04	3.8838e-03	-7.8194e-02	2.2161e-02
2.8764e-03	7.0150e-04	-1.8414e-03	-8.4592e-02	1.6931e-01	-9.4431e-02	1.3305e-03	-1.1884e-04	0.0000e+00	3.9866e-03	1.4366e-01	-5.2784e-02
1.5227e-03	7.0150e-04	-1.8414e-03	-9.2822e-02	1.3992e-01	-9.5497e-02	-1.3537e-03	0.0000e+00	0.0000e+00	-8.2300e-03	-2.9390e-02	-1.0660e-03
1.8484e-03	5.7099e-04	-1.8414e-03	-9.0716e-02	4.6368e-02	-3.5223e-02	3.2573e-04	-1.3051e-04	0.0000e+00	2.1062e-03	-9.3552e-02	6.0274e-02
9.6051e-04	7.0150e-04	-1.6470e-03	-7.3805e-02	6.7428e-04	-9.6888e-03	-8.8792e-04	1.3051e-04	1.9442e-04	1.6911e-02	-4.5694e-02	2.5534e-02
8.7373e-04	7.0150e-04	-1.8949e-03	-8.4716e-02	6.9516e-02	1.4908e-02	-8.6773e-05	0.0000e+00	-2.4793e-04	-1.0911e-02	6.8842e-02	2.4597e-02
7.8692e-04	8.8308e-04	-1.8414e-03	-8.4458e-02	5.4278e-02	-2.9495e-02	-8.6811e-05	1.8158e-04	5.3510e-05	2.5820e-04	-1.5238e-02	-4.4403e-02
1.5164e-03	7.0150e-04	-1.8414e-03	-7.3833e-02	5.3039e-02	-9.7775e-03	7.2945e-04	-1.8158e-04	0.0000e+00	1.0625e-02	-1.2389e-03	1.9717e-02
1.7867e-03	7.0150e-04	-1.8414e-03	-9.0005e-02	1.0507e-01	-4.4032e-02	2.7031e-04	0.0000e+00	0.0000e+00	-1.6173e-02	5.2028e-02	-3.4254e-02
7.1067e-04	7.0150e-04	-1.8414e-03	-9.0501e-02	-1.6901e-02	1.1686e-02	-1.0760e-03	0.0000e+00	0.0000e+00	-4.9580e-04	-1.2197e-01	5.5718e-02
7.6797e-04	7.5658e-04	-1.7360e-03	-9.1364e-02	3.3497e-03	-2.2595e-02	5.7294e-05	5.5084e-05	1.0541e-04	-8.6290e-04	2.0250e-02	-3.4282e-02
6.3909e-04	7.0150e-04	-1.7108e-03	-7.3818e-02	4.1681e-02	-3.4457e-03	-1.2888e-04	-5.5084e-05	2.5120e-05	1.7546e-02	3.8332e-02	1.9150e-02
1.4177e-03	5.4638e-04	-1.8414e-03	-7.3842e-02	1.0450e-01	-2.2737e-02	7.7863e-04	-1.5512e-04	-1.3053e-04	-2.4400e-05	6.2823e-02	-1.9291e-02
1.3159e-03	5.0198e-04	-1.8414e-03	-7.3852e-02	4.0880e-02	-2.2687e-02	-1.0186e-04	-4.4395e-05	0.0000e+00	-9.5000e-06	-6.3624e-02	5.0300e-05
1.4004e-03	5.9173e-04	-1.6592e-03	-7.3817e-02	6.6070e-02	-2.2740e-02	8.4580e-05	8.9752e-05	1.8216e-04	3.4800e-05	2.5190e-02	-5.3600e-05
1.2492e-03	7.0150e-04	-1.5104e-03	-7.3792e-02	3.8408e-02	-1.0109e-02	-1.5122e-04	1.0977e-04	1.4881e-04	2.5400e-05	-2.7662e-02	1.2631e-02
1.3263e-03	4.2805e-04	-1.5430e-03	-6.5185e-02	8.3196e-02	-3.9616e-02	7.7100e-05	-2.7345e-04	-3.2590e-05	8.6063e-03	4.4788e-02	-2.9507e-02
1.4149e-03	7.0150e-04	-1.3702e-03	-7.3770e-02	3.3584e-02	-4.3954e-02	8.8600e-05	2.7345e-04	1.7275e-04	-8.5843e-03	-4.9611e-02	-4.3380e-03
1.6139e-03	7.5246e-04	-8.1275e-04	-6.4197e-02	3.3681e-02	9.1759e-02	1.9896e-04	5.0963e-05	5.5749e-04	9.5729e-03	9.7100e-05	1.3571e-01
2.2797e-03	8.2854e-04	-6.1357e-04	-4.8735e-02	3.6906e-02	1.1114e-01	6.6579e-04	7.6078e-05	1.9918e-04	1.5462e-02	3.2242e-03	1.9379e-02
1.8052e-03	1.3020e-03	-7.5166e-04	-6.1242e-02	3.7848e-02	-6.7998e-02	-4.7447e-04	4.7347e-04	-1.3808e-04	-1.2507e-02	9.4240e-04	-1.7914e-01
2.2201e-03	1.3020e-03	-1.0246e-03	-6.7336e-02	8.8769e-02	-1.4817e-01	4.1493e-04	0.0000e+00	-2.7299e-04	-6.0938e-03	5.0921e-02	-8.0175e-02
1.6630e-03	1.3020e-03	-6.1590e-04	-6.6795e-02	3.2568e-02	-1.0644e-01	-5.5708e-04	0.0000e+00	4.0874e-04	5.4020e-04	-5.6201e-02	4.1736e-02
1.7330e-03	1.4876e-03	-9.7655e-04	-5.9355e-02	6.5102e-02	-1.2163e-01	6.9910e-05	1.8563e-04	-3.6065e-04	7.4407e-03	3.2534e-02	-1.5192e-02
1.5608e-03	1.6028e-03	-8.9826e-04	-7.3741e-02	1.9153e-02	-9.4692e-02	-1.7213e-04	1.1517e-04	7.8293e-05	-1.4386e-02	-4.5949e-02	2.6937e-02
1.9009e-03	1.4756e-03	-1.0218e-03	-6.0687e-02	8.3596e-02	-1.1425e-01	3.4011e-04	-1.2725e-04	-1.2352e-04	1.3053e-02	6.4443e-02	-1.9558e-02
1.6310e-03	1.7072e-03	-6.2065e-04	-6.2547e-02	8.0999e-03	-9.3165e-02	-2.6991e-04	2.3164e-04	4.0113e-04	-1.8594e-03	-7.5496e-02	2.1085e-02
2.2159e-03	1.4918e-03	-6.9425e-04	-5.7869e-02	5.4802e-02	-1.5744e-01	5.8483e-04	-2.1544e-04	-7.3603e-05	4.6776e-03	4.6702e-02	-6.4274e-02
1.4307e-03	1.5720e-03	-7.7584e-04	-6.5703e-02	2.5910e-02	-1.2576e-01	-7.8516e-04	8.0260e-05	-8.1588e-05	-7.8336e-03	-2.8892e-02	3.1683e-02
1.9140e-03	1.3480e-03	-1.0818e-03	-7.3812e-02	5.6596e-02	-1.6637e-01	4.8328e-04	-2.2407e-04	-3.0600e-04	-8.1088e-03	3.0686e-02	-4.0619e-02
1.7799e-03	1.1951e-03	-7.1100e-04	-6.2891e-02	4.4355e-02	-1.1032e-01	-1.3404e-04	-1.5288e-04	3.7084e-04	1.0921e-02	-1.2241e-02	5.6059e-02
2.0483e-03	1.4678e-03	-8.2328e-04	-6.5410e-02	5.3101e-02	-1.5894e-01	2.6831e-04	2.7277e-04	-1.1227e-04	-2.5187e-03	8.7459e-03	-4.8620e-02
1.7436e-03	1.6186e-03	-8.7622e-04	-6.3451e-02	6.3212e-02	-1.4015e-01	-3.0466e-04	1.5077e-04	-5.2942e-05	1.9589e-03	1.0111e-02	1.8784e-02
1.6629e-03	1.5640e-03	-8.9787e-04	-6.8413e-02	2.8238e-02	-1.4468e-01	-8.0730e-05	-5.4560e-05	-2.1657e-05	-4.9616e-03	-3.4973e-02	-4.5310e-03
1.8213e-03	1.6186e-03	-7.9389e-04	-7.3703e-02	4.2395e-02	-1.0381e-01	1.5846e-04	5.4560e-05	1.0398e-04	-5.2902e-03	1.4156e-02	4.0875e-02
8.5063e-04	1.6186e-03	-7.6509e-04	-7.3756e-02	8.2473e-03	-1.3261e-01	-9.7069e-04	0.0000e+00	2.8804e-05	-5.3500e-05	-3.4147e-02	-2.8799e-02
2.3504e-03	1.6186e-03	-4.4279e-04	-5.3583e-02	1.2691e-01	-1.5059e-01	1.4998e-03	0.0000e+00	3.2230e-04	2.0173e-02	1.1866e-01	-1.7982e-02
1.9046e-03	1.5525e-03	-9.7431e-04	-5.6453e-02	1.3264e-01	-1.8826e-01	-4.4586e-04	-6.6130e-05	-5.3152e-04	-2.8694e-03	5.7290e-03	-3.7670e-02
1.9833e-03	1.6186e-03	-7.8635e-04	-6.0667e-02	1.1358e-01	-1.6302e-01	7.8700e-05	6.6130e-05	1.8795e-04	-4.2140e-03	-1.9054e-02	2.5238e-02
1.4669e-03	1.6186e-03	-9.1801e-04	-6.5947e-02	6.4986e-02	-1.2931e-01	-5.1635e-04	0.0000e+00	-1.3166e-04	-5.2807e-03	-4.8595e-02	3.3710e-02
1.5188e-03	1.6186e-03	-8.3577e-04	-7.3709e-02	2.0309e-02	-1.2002e-01	5.1890e-05	0.0000e+00	8.2243e-05	-7.7616e-03	-4.4678e-02	9.2890e-03
1.4828e-03	1.7001e-03	-1.2631e-03	-7.3784e-02	5.3267e-02	-1.2130e-01	-3.5980e-05	8.1500e-05	-4.2731e-04	-7.5000e-05	3.2958e-02	-1.2770e-03
1.4956e-03	1.7310e-03	-9.4875e-04	-6.6876e-02	-1.0799e-02	-9.4650e-02	1.2780e-05	3.0890e-05	3.1433e-04	6.9078e-03	-6.4066e-02	2.6649e-02
1.7387e-03	1.6559e-03	-9.3281e-04	-7.3716e-02	5.6948e-02	-9.2080e-02	2.4306e-04	-7.5080e-05	1.5933e-05	-6.8396e-03	6.7747e-02	2.5703e-03
1.8521e-03	1.9580e-03	-9.9984e-04	-7.3682e-02	4.4926e-02	-1.2347e-01	1.1346e-04	3.0213e-04	-6.7030e-05	3.3200e-05	-1.2022e-02	-3.1392e-02
1.4213e-03	1.4561e-03	-1.2631e-03	-7.3824e-02	2.6253e-06	-9.8902e-02	-4.3078e-04	-5.0192e-04	-2.6324e-04	-1.4190e-04	-4.4923e-02	2.4570e-02
1.6147e-03	1.4561e-03	-1.2631e-03	-7.3824e-02	4.7542e-02	-1.0900e-01	1.9335e-04	0.0000e+00	0.0000e+00	0.0000e+00	4.7539e-02	-1.0096e-02
1.2870e-03	2.0606e-03	-3.2804e-04	-6.7214e-02	1.4844e-04	-6.8590e-02	-3.2770e-04	6.0452e-04	9.3504e-04	6.6105e-03	-4.7394e-02	4.0407e-02
1.8941e-03	1.7080e-03	-9.3329e-04	-7.3609e-02	4.7704e-02	-8.8912e-02	6.0709e-04	-3.5269e-04	-6.0525e-04	-6.3950e-03	4.7556e-02	-2.0322e-02
1.9391e-03	1.7080e-03	-9.3329e-04	-7.6683e-02	4.8290e-03	-1.0530e-01	4.5050e-05	0.0000e+00	0.0000e+00	-3.0744e-03	-4.2875e-02	-1.6385e-02
9.5432e-04	1.7080e-03	-9.3329e-04	-7.3306e-02	-5.3585e-03	-2.4392e-02	-9.8481e-04	0.0000e+00	0.0000e+00	3.3776e-03	-1.0187e-02	8.0905e-02
2.1573e-03	1.7080e-03	-8.1888e-04	-5.9453e-02	5.7244e-02	-1.1103e-01	1.2030e-03	0.0000e+00	1.1441e-04	1.3853e-02	6.2602e-02	-8.6640e-02
1.6249e-03	1.5073e-03	-7.8999e-04	-5.8910e-02	6.1964e-02	-8.4489e-02	-5.3239e-04	-2.0061e-04	2.8895e-05	5.4320e-04	4.7199e-03	2.6543e-02
1.8238e-03	1.4826e-03	-9.3329e-04	-5.7679e-02	5.7267e-02	-8.4879e-02	1.9885e-04	-2.4720e-05	-1.4330e-04	1.2309e-03	-4.6970e-03	-3.9010e-04
1.6804e-03	9.7847e-04	-9.3329e-04	-4.0261e-02	1.1356e-01	-5.9189e-02	-1.4330e-04	-5.0416e-04	0.0000e+00	1.7418e-02	5.6293e-02	2.5690e-02
1.2305e-03	1.2733e-03	-5.8588e-04	-4.5663e-02	6.9848e-02	-3.3959e-02	-4.4994e-04	2.9485e-04	3.4741e-04	-5.4012e-03	-4.3712e-02	2.5230e-02
1.0109e-03	9.7847e-04	-7.2684e-04	-5.4274e-02	5.6437e-02	-3.5113e-02	-2.1961e-04	-2.9485e-04	-1.4095e-04	-8.6115e-03	-1.3411e-02	-1.1539e-03
1.1871e-03	9.7847e-04	-6.9788e-04	-4.0239e-02	8.3771e-02	-4.5655e-02	1.7617e-04	0.0000e+00	2.8954e-05	1.4035e-02	2.7335e-02	-1.0542e-02
1.1457e-03	9.0206e-04	-9.3329e-04	-4.0267e-02	1.0361e-01	-6.1710e-02	-4.1380e-05	-7.6411e-05	-2.3541e-04	-2.7500e-05	1.9834e-02	-1.6055e-02
1.1771e-03	9.7847e-04	-6.1337e-04	-4.0230e-02	4.3439e-02	-4.0590e-02	3.1370e-05	7.6411e-05	3.1991e-04	3.7000e-05	-6.0166e-02	2.1120e-02
1.3429e-03	9.7847e-04	-5.2436e-04	-4.2743e-02	6.2251e-02	-2.6087e-02	1.6579e-04	0.0000e+00	8.9019e-05	-2.5135e-03	1.8812e-02	1.4503e-02
1.3551e-03	9.7847e-04	-8.6788e-04	-4.0254e-02	6.2221e-02	-6.4152e-02	1.2200e-05	0.0000e+00	-3.4352e-04	2.4892e-03	-3.0000e-05	-3.8065e-02
1.1516e-03	9.7847e-04	-6.6155e-04	-4.0230e-02	3.4198e-02	-3.3536e-02	-2.0349e-04	0.0000e+00	2.0633e-04	2.3700e-05	-2.8023e-02	3.0616e-02
1.4738e-03	9.7847e-04	-4.9255e-04	-3.4734e-02	6.2230e-02	-9.1407e-02	3.2223e-04	0.0000e+00	1.6900e-04	5.4963e-03	2.8032e-02	-5.7871e-02
9.0590e-04	9.7847e-04	-4.9255e-04	-4.0212e-02	-5.9061e-03	-5.9946e-02	-5.6789e-04	0.0000e+00	0.0000e+00	-5.4777e-03	-6.8136e-02	3.1461e-02
1.3840e-03	9.7847e-04	-4.9255e-04	-2.6736e-02	6.5537e-02	-8.1801e-02	4.7807e-04	0.0000e+00	0.0000e+00	1.3475e-02	7.1443e-02	-2.1855e-02
1.1876e-03	7.2847e-04	-4.9255e-04	-3.1505e-02	2.9092e-02	-7.8148e-02	-1.9640e-04	-2.5000e-04	0.0000e+00	-4.7689e-03	-3.6445e-02	3.6534e-03
1.0109e-03	8.9572e-04	-4.0038e-04	-4.0146e-02	-2.7273e-02	-5.1008e-03	-1.7667e-04	1.6725e-04	9.2170e-05	-8.6410e-03	-5.6366e-02	7.3047e-02
1.4333e-03	1.0290e-03	-4.9255e-04	-3.3659e-02	2.4586e-02	-7.3218e-02	4.2238e-04	1.3326e-04	-9.2170e-05	6.4871e-03	5.1860e-02	-6.8118e-02
1.2186e-03	7.2862e-04	-4.9255e-04	-1.9771e-02	7.1570e-02	-1.1265e-01	-2.1469e-04	-3.0036e-04	0.0000e+00	1.3888e-02	4.6984e-02	-3.9432e-02
1.3183e-03	7.2862e-04	-4.9255e-04	-1.3496e-02	-9.5942e-03	-1.1123e-01	9.9710e-05	0.0000e+00	0.0000e+00	6.2748e-03	-8.1164e-02	1.4240e-03
1.2167e-03	7.2862e-04	-4.9255e-04	-1.7885e-02	9.8316e-02	-1.3847e-01	-1.0158e-04	0.0000e+00	0.0000e+00	-4.3888e-03	1.0791e-01	-2.7243e-02
1.1787e-03	7.2862e-04	-4.9255e-04	-1.7163e-02	6.0199e-03	-7.5829e-02	-3.8060e-05	0.0000e+00	0.0000e+00	7.2210e-04	-9.2296e-02	6.2640e-02
9.2535e-04	7.2862e-04	-4.9255e-04	-1.3534e-02	5.7453e-02	-1.0920e-01	-2.5331e-04	0.0000e+00	0.0000e+00	3.6289e-03	5.1433e-02	-3.3367e-02
8.8120e-04	7.2862e-04	-4.9255e-04	-1.1112e-02	-1.0641e-02	-7.2722e-02	-4.4150e-05	0.0000e+00	0.0000e+00	2.4222e-03	-6.8094e-02	3.6474e-02
9.5688e-04	3.6249e-04	-4.1850e-04	2.5048e-05	4.9403e-02	-1.2323e-01	7.5687e-05	-3.6613e-04	7.4052e-05	1.1137e-02	6.0044e-02	-5.0504e-02
2.2757e-04	-0.0000e+00	-4.9255e-04	-3.2897e-03	-3.1663e-03	-8.0657e-03	-7.2931e-04	-3.6249e-04	-7.4052e-05	-3.3147e-03	-5.2570e-02	1.1516e-01
3.5477e-04	7.6986e-05	-4.8205e-04	-2.2309e-05	3.3015e-02	-6.0286e-03	1.2721e-04	7.6986e-05	1.0502e-05	3.2674e-03	3.6181e-02	2.0370e-03
0.0000e+00	1.8249e-04	-2.9469e-04	-4.5912e-03	-2.5066e-02	2.6853e-02	-3.5477e-04	1.0551e-04	1.8736e-04	-4.5689e-03	-5.8081e-02	3.2882e-02
0.0000e+00	-0.0000e+00	0.0000e+00	0.0000e+00	0.0000e+00	0.0000e+00	0.0000e+00	-1.8249e-04	2.9469e-04	4.5912e-03	2.5066e-02	-2.6853e-02
-4.7580e-04	-0.0000e+00	-3.1892e-04	-2.4640e-02	-2.9976e-02	1.3032e-02	-4.7580e-04	0.0000e+00	-3.1892e-04	-2.4640e-02	-2.9976e-02	1.3032e-02
-5.4287e-04	-7.4689e-05	-3.8936e-04	-1.4295e-05	-2.9974e-02	-2.7055e-03	-6.7065e-05	-7.4689e-05	-7.0436e-05	2.4626e-02	2.3000e-06	-1.5737e-02
-5.4287e-04	-2.2416e-04	-1.0835e-04	-1.3652e-05	-1.3037e-01	1.5225e-05	0.0000e+00	-1.4947e-04	2.8101e-04	6.4380e-07	-1.0039e-01	2.7208e-03
-2.3029e-04	-0.0000e+00	-7.6442e-05	9.4748e-03	-4.1079e-02	-5.6695e-02	3.1258e-04	2.2416e-04	3.1907e-05	9.4885e-03	8.9290e-02	-5.6710e-02
-5.4287e-04	-0.0000e+00	1.0584e-04	9.2387e-07	-7.6563e-02	1.9804e-02	-3.1258e-04	0.0000e+00	1.8228e-04	-9.4739e-03	-3.5483e-02	7.6500e-02
-3.0876e-04	-4.1012e-04	-4.8268e-04	-5.2577e-05	-7.6582e-02	-4.0896e-02	2.3411e-04	-4.1012e-04	-5.8852e-04	-5.3501e-05	-1.9800e-05	-6.0701e-02
-3.7213e-04	-4.1012e-04	-3.4877e-04	-3.7611e-05	-9.7979e-02	2.8412e-03	-6.3379e-05	0.0000e+00	1.3391e-04	1.4966e-05	-2.1397e-02	4.3737e-02
-5.4287e-04	-5.1888e-05	3.3283e-04	8.6191e-03	-8.4614e-02	-3.5773e-03	-1.7073e-04	3.5823e-04	6.8160e-04	8.6567e-03	1.3365e-02	-6.4185e-03
-1.1485e-03	-5.1033e-04	-4.9823e-04	-7.8413e-03	-6.0993e-02	2.4790e-02	-6.0564e-04	-4.5844e-04	-8.3106e-04	-1.6460e-02	2.3621e-02	2.8367e-02
-9.5720e-04	-4.1916e-05	-1.0671e-04	-9.4487e-03	-1.4634e-01	2.4780e-02	1.9131e-04	4.6841e-04	3.9153e-04	-1.6074e-03	-8.5351e-02	-9.6000e-06
-1.9682e-04	-2.3729e-05	-1.4634e-04	-7.5355e-03	-5.7183e-02	-8.0905e-03	7.6038e-04	1.8187e-05	-3.9635e-05	1.9132e-03	8.9161e-02	-3.2871e-02
-4.7577e-04	-2.9170e-04	-1.4994e-04	1.6017e-05	-7.7572e-02	5.8717e-03	-2.7895e-04	-2.6797e-04	-3.6000e-06	7.5516e-03	-2.0390e-02	1.3962e-02
-2.8268e-04	-1.9166e-04	-3.1409e-04	4.8071e-05	-9.1062e-03	-5.8290e-02	1.9309e-04	1.0004e-04	-1.6415e-04	3.2054e-05	6.8466e-02	-6.4161e-02
-4.7577e-04	-2.2347e-04	-1.4586e-04	-3.7954e-06	-9.9532e-02	-2.8689e-03	-1.9309e-04	-3.1801e-05	1.6823e-04	-5.1867e-05	-9.0426e-02	5.5421e-02
-3.4474e-04	-3.0080e-04	-9.4022e-05	4.8700e-06	-5.4640e-02	-1.3759e-02	1.3103e-04	-7.7331e-05	5.1837e-05	8.6655e-06	4.4893e-02	-1.0890e-02
-4.7577e-04	-4.1012e-04	-2.6232e-04	7.7248e-06	-4.5179e-02	1.0950e-02	-1.3103e-04	-1.0932e-04	-1.6830e-04	2.8548e-06	9.4607e-03	2.4709e-02
-4.7577e-04	-8.6057e-04	-3.2682e-04	-9.2783e-06	-4.5182e-02	-3.0814e-02	0.0000e+00	-4.5046e-04	-6.4501e-05	-1.7003e-05	-2.8000e-06	-4.1763e-02
-7.7833e-04	-3.2226e-04	-3.0441e-05	2.0370e-03	-8.3525e-02	3.0616e-03	-3.0256e-04	5.3832e-04	2.9638e-04	2.0463e-03	-3.8343e-02	3.3875e-02
-6.9298e-04	-4.6257e-04	3.6287e-05	1.2625e-02	-7.4112e-02	-3.0537e-02	8.5348e-05	-1.4031e-04	6.6729e-05	1.0588e-02	9.4127e-03	-3.3599e-02
-1.1222e-03	-4.6257e-04	1.6499e-04	1.5118e-02	-1.1169e-01	-1.3810e-02	-4.2919e-04	0.0000e+00	1.2871e-04	2.4925e-03	-3.7579e-02	1.6727e-02
-4.7577e-04	-1.8392e-04	-1.9085e-05	1.8171e-02	-4.0814e-02	-6.2107e-02	6.4640e-04	2.7864e-04	-1.8408e-04	3.0530e-03	7.0877e-02	-4.8297e-02
-1.4440e-03	-8.7110e-04	-2.1140e-04	1.8182e-02	-7.9862e-02	3.7191e-02	-9.6824e-04	-6.8717e-04	-1.9232e-04	1.1600e-05	-3.9048e-02	9.9299e-02
-1.5584e-03	-6.4540e-04	-6.9444e-05	1.8168e-02	-7.9872e-02	4.1161e-02	-1.1435e-04	2.2570e-04	1.4196e-04	-1.4700e-05	-9.3000e-06	3.9696e-03
-1.2142e-03	-4.4510e-04	-2.1140e-04	1.5248e-03	-1.7819e-01	1.0164e-01	3.4415e-04	2.0030e-04	-1.4196e-04	-1.6643e-02	-9.8318e-02	6.0484e-02
-1.0893e-03	-7.7061e-04	-2.1140e-04	1.8167e-02	-1.2906e-01	5.8531e-02	1.2493e-04	-3.2552e-04	0.0000e+00	1.6642e-02	4.9127e-02	-4.3114e-02
-1.1958e-03	-7.9146e-04	-7.1020e-05	1.8167e-02	-6.7040e-02	1.1888e-02	-1.0655e-04	-2.0851e-05	1.4038e-04	1.0000e-07	6.2024e-02	-4.6644e-02
-1.5448e-03	-7.7759e-04	-2.1226e-05	1.8150e-02	-1.1823e-01	4.0706e-02	-3.4902e-04	1.3869e-05	4.9794e-05	-1.6300e-05	-5.1187e-02	2.8819e-02
-1.4713e-03	-1.0074e-03	-1.1093e-05	5.5820e-03	-1.7862e-01	2.4921e-02	7.3570e-05	-2.2983e-04	1.0133e-05	-1.2569e-02	-6.0392e-02	-1.5785e-02
-1.2801e-03	-1.0074e-03	-5.8844e-05	1.2772e-02	-1.2153e-01	1.8767e-02	1.9122e-04	0.0000e+00	-4.7751e-05	7.1898e-03	5.7087e-02	-6.1542e-03
-1.5813e-03	-7.6120e-04	7.7559e-05	1.8130e-02	-1.2155e-01	5.2651e-02	-3.0120e-04	2.4622e-04	1.3640e-04	5.3579e-03	-1.5000e-05	3.3884e-02
-1.3440e-03	-7.4897e-04	-2.6111e-05	1.3180e-02	-1.1862e-01	1.1447e-02	2.3729e-04	1.2227e-05	-1.0367e-04	-4.9499e-03	2.9280e-03	-4.1204e-02
-1.4384e-03	-6.6831e-04	4.0254e-05	1.8160e-02	-9.2705e-02	3.5272e-02	-9.4390e-05	8.0661e-05	6.6365e-05	4.9807e-03	2.5914e-02	2.3825e-02
-1.3762e-03	-1.0074e-03	-2.1140e-04	6.2785e-02	-4.9918e-02	2.0079e-02	6.2160e-05	-3.3911e-04	-2.5165e-04	4.4624e-02	4.2787e-02	-1.5194e-02
-1.6964e-03	-8.9694e-04	1.2977e-04	5.3073e-02	-4.9939e-02	7.0357e-03	-3.2021e-04	1.1048e-04	3.4117e-04	-9.7122e-03	-2.1600e-05	-1.3043e-02
-1.6884e-03	-8.1707e-04	-1.0739e-04	4.5077e-02	-4.9940e-02	2.9596e-02	7.9600e-06	7.9874e-05	-2.3716e-04	-7.9954e-03	-2.0000e-07	2.2560e-02
-1.8490e-03	-4.9715e-04	2.5616e-04	3.0390e-02	-1.0511e-01	7.7362e-02	-1.6052e-04	3.1992e-04	3.6355e-04	-1.4687e-02	-5.5172e-02	4.7766e-02
-1.8490e-03	-3.0226e-04	5.7126e-04	1.8529e-02	-1.3884e-01	9.2455e-02	0.0000e+00	1.9489e-04	3.1509e-04	-1.1861e-02	-3.3724e-02	1.5093e-02
-2.7253e-03	-9.3954e-05	6.6867e-04	1.7495e-02	-1.9020e-01	1.0011e-01	-8.7633e-04	2.0831e-04	9.7412e-05	-1.0339e-03	-5.1359e-02	7.6549e-03
-2.2681e-03	-3.8267e-04	4.6862e-04	-8.5859e-06	-1.6238e-01	5.0004e-02	4.5720e-04	-2.8871e-04	-2.0004e-04	-1.7504e-02	2.7819e-02	-5.0106e-02
-2.9978e-03	-3.8267e-04	6.2613e-04	-1.6994e-02	-2.1949e-01	9.1483e-02	-7.2970e-04	0.0000e+00	1.5750e-04	-1.6985e-02	-5.7118e-02	4.1479e-02
-2.2557e-03	-2.7081e-04	5.0566e-04	-1.9956e-03	-2.1942e-01	4.7687e-02	7.4209e-04	1.1186e-04	-1.2046e-04	1.4998e-02	7.8000e-05	-4.3795e-02
-2.1962e-03	-4.4586e-04	5.8626e-04	-2.0124e-03	-1.2319e-01	3.6492e-02	5.9510e-05	-1.7505e-04	8.0592e-05	-1.6810e-05	9.6231e-02	-1.1196e-02
-3.1933e-03	-1.3929e-03	5.8626e-04	2.3461e-02	-1.9084e-01	3.6401e-02	-9.9706e-04	-9.4706e-04	0.0000e+00	2.5474e-02	-6.7657e-02	-9.0500e-05
-3.9032e-03	-1.7172e-03	1.0827e-03	4.9831e-02	-1.8319e-01	4.7604e-02	-7.0995e-04	-3.2432e-04	4.9648e-04	2.6370e-02	7.6550e-03	1.1203e-02
-3.9032e-03	-2.0636e-03	1.0356e-03	6.2145e-02	-1.9112e-01	5.6938e-02	0.0000e+00	-3.4632e-04	-4.7180e-05	1.2314e-02	-7.9290e-03	9.3344e-03
-4.8694e-03	-1.8418e-03	1.1642e-03	4.9802e-02	-2.4216e-01	9.1040e-02	-9.6623e-04	2.2181e-04	1.2859e-04	-1.2343e-02	-5.1046e-02	3.4101e-02
-3.9032e-03	-1.6886e-03	1.3291e-03	6.3498e-02	-2.4205e-01	-2.7852e-02	9.6623e-04	1.5316e-04	1.6492e-04	1.3696e-02	1.1600e-04	-1.1889e-01
-4.4234e-03	-1.6554e-03	1.0356e-03	4.0154e-02	-2.0087e-01	6.3634e-02	-5.2020e-04	3.3150e-05	-2.9351e-04	-2.3344e-02	4.1180e-02	9.1486e-02
-3.9389e-03	-1.8418e-03	1.0356e-03	4.7899e-02	-1.7725e-01	1.7895e-02	4.8451e-04	-1.8631e-04	0.0000e+00	7.7451e-03	2.3615e-02	-4.5739e-02
-4.4234e-03	-1.9569e-03	1.5552e-03	5.6465e-02	-2.4150e-01	9.1894e-02	-4.8451e-04	-1.1511e-04	5.1960e-04	8.5657e-03	-6.4248e-02	7.3999e-02
-5.0375e-03	-2.3854e-03	1.0356e-03	5.6588e-02	-2.2264e-01	1.4577e-01	-6.1413e-04	-4.2849e-04	-5.1960e-04	1.2370e-04	1.8855e-02	5.3875e-02
-5.0876e-03	-2.3112e-03	1.0356e-03	7.5343e-02	-2.2895e-01	6.1678e-02	-5.0090e-05	7.4170e-05	0.0000e+00	1.8755e-02	-6.3090e-03	-8.4091e-02
-5.2974e-03	-2.0825e-03	1.0356e-03	5.5168e-02	-2.4166e-01	1.8280e-01	-2.0978e-04	2.2863e-04	0.0000e+00	-2.0176e-02	-1.2702e-02	1.2112e-01
-5.2001e-03	-1.8339e-03	1.0356e-03	5.0651e-02	-2.6014e-01	8.6741e-02	9.7330e-05	2.4864e-04	0.0000e+00	-4.5166e-03	-1.8489e-02	-9.6055e-02
-5.7731e-03	-1.5191e-03	1.0356e-03	3.5060e-02	-3.2361e-01	1.3551e-01	-5.7303e-04	3.1478e-04	0.0000e+00	-1.5591e-02	-6.3467e-02	4.8772e-02
-4.9596e-03	-1.7711e-03	1.0859e-03	3.5098e-02	-2.7451e-01	6.0662e-02	8.1356e-04	-2.5193e-04	5.0370e-05	3.7500e-05	4.9097e-02	-7.4851e-02
-5.0894e-03	-1.8339e-03	8.0700e-04	3.5146e-02	-2.5764e-01	1.1466e-01	-1.2982e-04	-6.2850e-05	-2.7893e-04	4.7900e-05	1.6873e-02	5.3997e-02
-4.9801e-03	-1.8339e-03	1.1106e-03	4.1115e-02	-2.9902e-01	8.9954e-02	1.0929e-04	0.0000e+00	3.0359e-04	5.9695e-03	-4.1380e-02	-2.4705e-02
-5.1602e-03	-2.1414e-03	9.4979e-04	4.2892e-02	-2.7121e-01	1.7430e-01	-1.8017e-04	-3.0748e-04	-1.6080e-04	1.7768e-03	2.7806e-02	8.4346e-02
-5.0193e-03	-2.3363e-03	1.1310e-03	4.4633e-02	-2.6309e-01	1.5362e-01	1.4100e-04	-1.9492e-04	1.8121e-04	1.7406e-03	8.1280e-03	-2.0680e-02
-5.2162e-03	-2.2314e-03	1.1239e-03	6.0039e-02	-2.8177e-01	1.7313e-01	-1.9696e-04	1.0496e-04	-7.1400e-06	1.5406e-02	-1.8680e-02	1.9509e-02
-5.5200e-03	-2.2516e-03	9.4979e-04	6.0117e-02	-2.4584e-01	1.4303e-01	-3.0377e-04	-2.0260e-05	-1.7407e-04	7.8100e-05	3.5923e-02	-3.0094e-02
-6.1201e-03	-1.7182e-03	1.1061e-03	3.5895e-02	-3.3377e-01	1.5097e-01	-6.0012e-04	5.3339e-04	1.5627e-04	-2.4222e-02	-8.7931e-02	7.9340e-03
-5.7036e-03	-1.7328e-03	9.4979e-04	2.2537e-02	-2.9273e-01	1.5109e-01	4.1648e-04	-1.4590e-05	-1.5627e-04	-1.3358e-02	4.1047e-02	1.1900e-04
-6.6044e-03	-1.3634e-03	9.4979e-04	2.2482e-02	-3.2814e-01	1.3421e-01	-9.0075e-04	3.6940e-04	1.0000e-09	-5.4900e-05	-3.5407e-02	-1.6875e-02
-6.0697e-03	-1.9947e-03	6.9242e-04	2.2600e-02	-3.7420e-01	1.4802e-01	5.3471e-04	-6.3130e-04	-2.5736e-04	1.1810e-04	-4.6066e-02	1.3806e-02
-5.6292e-03	-1.9947e-03	6.5652e-04	2.2607e-02	-3.1682e-01	1.1094e-01	4.4044e-04	0.0000e+00	-3.5905e-05	7.2000e-06	5.7385e-02	-3.7084e-02
-5.0889e-03	-1.9938e-03	7.6103e-04	1.5779e-02	-3.4734e-01	1.6068e-01	5.4036e-04	8.9000e-07	1.0451e-04	-6.8280e-03	-3.0525e-02	4.9741e-02
-5.0889e-03	-1.6727e-03	1.4981e-03	2.2465e-02	-3.2574e-01	1.6803e-01	0.0000e+00	3.2107e-04	7.3706e-04	6.6866e-03	2.1600e-02	7.3560e-03
-5.9307e-03	-1.2411e-03	1.4981e-03	2.2388e-02	-3.8357e-01	1.5463e-01	-8.4188e-04	4.3164e-04	0.0000e+00	-7.7500e-05	-5.7827e-02	-1.3398e-02
-5.9168e-03	-1.5821e-03	1.4981e-03	2.2447e-02	-3.6586e-01	1.7624e-01	1.3920e-05	-3.4096e-04	0.0000e+00	5.9200e-05	1.7712e-02	2.1606e-02
-6.3809e-03	-1.3559e-03	1.4981e-03	1.6826e-02	-3.8430e-01	1.6774e-01	-4.6404e-04	2.2616e-04	0.0000e+00	-5.6208e-03	-1.8447e-02	-8.4980e-03
-6.6711e-03	-1.6727e-03	1.0925e-03	2.2589e-02	-4.5536e-01	1.8755e-01	-2.9022e-04	-3.1684e-04	-4.0557e-04	5.7624e-03	-7.1059e-02	1.9807e-02
-6.1935e-03	-1.6727e-03	1.0925e-03	2.2589e-02	-4.0326e-01	1.6834e-01	4.7760e-04	0.0000e+00	0.0000e+00	0.0000e+00	5.2101e-02	-1.9212e-02
-6.5116e-03	-1.6727e-03	1.2088e-03	2.2564e-02	-3.7936e-01	1.7461e-01	-3.1809e-04	0.0000e+00	1.1625e-04	-2.4500e-05	2.3900e-02	6.2770e-03
-6.2894e-03	-1.5930e-03	1.2689e-03	8.4775e-03	-4.4817e-01	1.7765e-01	2.2221e-04	7.9780e-05	6.0150e-05	-1.4087e-02	-6.8809e-02	3.0400e-03
-5.8905e-03	-1.5657e-03	1.0925e-03	9.2975e-03	-3.9555e-01	1.1511e-01	3.9886e-04	2.7310e-05	-1.7640e-04	8.2000e-04	5.2619e-02	-6.2540e-02
-6.1552e-03	-1.6727e-03	1.2806e-03	4.1323e-03	-3.8537e-01	1.3620e-01	-2.6474e-04	-1.0709e-04	1.8811e-04	-5.1652e-03	1.0183e-02	2.1083e-02
-6.2808e-03	-1.3725e-03	1.0925e-03	5.6161e-04	-4.8897e-01	1.6696e-01	-1.2556e-04	3.0027e-04	-1.8811e-04	-3.5707e-03	-1.0361e-01	3.0764e-02
-5.8714e-03	-1.5937e-03	1.5153e-03	3.9037e-03	-4.3221e-01	1.1101e-01	4.0945e-04	-2.2117e-04	4.2273e-04	3.3420e-03	5.6764e-02	-5.5952e-02
-6.0653e-03	-1.5704e-03	1.2807e-03	-3.0470e-03	-4.6230e-01	1.4148e-01	-1.9400e-04	2.3220e-05	-2.3451e-04	-6.9506e-03	-3.0084e-02	3.0476e-02
-5.7963e-03	-1.4563e-03	1.6613e-03	7.6729e-03	-4.5023e-01	8.7007e-02	2.6910e-04	1.1418e-04	3.8058e-04	1.0720e-02	1.2062e-02	-5.4478e-02
-5.7725e-03	-1.6934e-03	1.1790e-03	2.7281e-03	-4.0286e-01	9.5242e-02	2.3770e-05	-2.3717e-04	-4.8230e-04	-4.9448e-03	4.7368e-02	8.2350e-03
-6.3826e-03	-1.5563e-03	1.1790e-03	-9.1314e-03	-5.1427e-01	1.3875e-01	-6.1009e-04	1.3710e-04	0.0000e+00	-1.1859e-02	-1.1141e-01	4.3506e-02
-5.5805e-03	-1.6934e-03	1.1034e-03	-1.6164e-02	-4.2706e-01	6.3148e-02	8.0204e-04	-1.3710e-04	-7.5590e-05	-7.0328e-03	8.7215e-02	-7.5600e-02
-5.5828e-03	-1.8269e-03	1.1317e-03	-2.1529e-02	-4.2896e-01	1.0271e-01	-2.2800e-06	-1.3345e-04	2.8280e-05	-5.3647e-03	-1.9010e-03	3.9564e-02
-5.2584e-03	-1.9888e-03	1.1965e-03	-2.1854e-02	-4.5952e-01	1.0278e-01	3.2438e-04	-1.6188e-04	6.4790e-05	-3.2540e-04	-3.0559e-02	7.2000e-05
-5.1644e-03	-1.8116e-03	1.1880e-03	-2.0733e-02	-3.6584e-01	6.6035e-02	9.4070e-05	1.7716e-04	-8.4500e-06	1.1218e-03	9.3674e-02	-3.6749e-02
-5.5294e-03	-1.8732e-03	1.2348e-03	-3.2048e-02	-4.7871e-01	9.0248e-02	-3.6502e-04	-6.1600e-05	4.6740e-05	-1.1316e-02	-1.1287e-01	2.4213e-02
-4.6841e-03	-1.7460e-03	1.0461e-03	-3.1995e-02	-3.9042e-01	6.1797e-02	8.4527e-04	1.2718e-04	-1.8870e-04	5.3600e-05	8.8291e-02	-2.8451e-02
-5.8567e-03	-1.5787e-03	1.5459e-03	-2.2548e-02	-4.9788e-01	8.5959e-02	-1.1726e-03	1.6734e-04	4.9986e-04	9.4468e-03	-1.0746e-01	2.4162e-02
-5.1327e-03	-1.2855e-03	1.7389e-03	-1.0019e-02	-4.9778e-01	6.8939e-02	7.2403e-04	2.9319e-04	1.9295e-04	1.2529e-02	9.9000e-05	-1.7020e-02
-5.3668e-03	-1.2855e-03	1.7389e-03	-1.2105e-02	-3.8224e-01	5.2021e-02	-2.3410e-04	0.0000e+00	0.0000e+00	-2.0863e-03	1.1554e-01	-1.6919e-02
-6.5039e-03	-1.4872e-03	1.3718e-03	-9.8785e-03	-4.6896e-01	1.0847e-01	-1.1371e-03	-2.0172e-04	-3.6705e-04	2.2265e-03	-8.6717e-02	5.6446e-02
-5.9663e-03	-1.6151e-03	1.3212e-03	-9.8388e-03	-5.1426e-01	6.1297e-02	5.3756e-04	-1.2790e-04	-5.0640e-05	3.9640e-05	-4.5298e-02	-4.7170e-02
-5.7862e-03	-1.4438e-03	1.3212e-03	-9.8554e-03	-4.1721e-01	5.2726e-02	1.8007e-04	1.7125e-04	0.0000e+00	-1.6620e-05	9.7047e-02	-8.5703e-03
-6.5888e-03	-1.4526e-03	1.4728e-03	-1.9195e-02	-5.0399e-01	7.7406e-02	-8.0253e-04	-8.7800e-06	1.5156e-04	-9.3394e-03	-8.6785e-02	2.4680e-02
