-7.9813e-04	7.1975e-03	-2.0896e-03	-1.9978e-01	2.7006e-01	-3.6717e-01	0.0000e+00	0.0000e+00	0.0000e+00	0.0000e+00	0.0000e+00	0.0000e+00
5.4327e-04	5.4351e-03	-1.8391e-03	-1.7653e-01	3.0800e-01	-3.6721e-01	1.3414e-03	-1.7625e-03	2.5047e-04	2.3253e-02	3.7946e-02	-3.4000e-05
9.1472e-04	5.8170e-03	-1.3836e-03	-1.9033e-01	2.8506e-01	-3.2760e-01	3.7144e-04	3.8193e-04	4.5559e-04	-1.3799e-02	-2.2946e-02	3.9612e-02
-1.8747e-04	6.3605e-03	-2.0549e-03	-1.8599e-01	2.8534e-01	-2.8502e-01	-1.1022e-03	5.4350e-04	-6.7134e-04	4.3370e-03	2.7900e-04	4.2572e-02
2.5269e-03	5.9448e-03	-1.1511e-03	-1.6661e-01	2.9711e-01	-2.7433e-01	2.7144e-03	-4.1574e-04	9.0379e-04	1.9380e-02	1.1777e-02	1.0690e-02
2.5872e-03	5.9050e-03	-7.9889e-04	-1.7530e-01	2.8480e-01	-2.7004e-01	6.0290e-05	-3.9720e-05	3.5222e-04	-8.6850e-03	-1.2313e-02	4.2910e-03
1.5784e-03	5.8421e-03	-8.2995e-04	-1.8579e-01	2.7197e-01	-2.7542e-01	-1.0088e-03	-6.2950e-05	-3.1053e-05	-1.0493e-02	-1.2828e-02	-5.3800e-03
3.0888e-03	5.3151e-03	-6.8987e-04	-1.6353e-01	2.8468e-01	-2.5575e-01	1.5104e-03	-5.2699e-04	1.4008e-04	2.2256e-02	1.2709e-02	1.9669e-02
3.5531e-03	5.7021e-03	-6.8987e-04	-1.5992e-01	2.8357e-01	-2.4048e-01	4.6428e-04	3.8702e-04	0.0000e+00	3.6160e-03	-1.1080e-03	1.5274e-02
2.6215e-03	4.8760e-03	-6.8987e-04	-1.6472e-01	2.5783e-01	-2.2451e-01	-9.3155e-04	-8.2613e-04	0.0000e+00	-4.8040e-03	-2.5739e-02	1.5974e-02
2.8311e-03	4.9874e-03	-6.8987e-04	-1.6973e-01	2.5978e-01	-2.2636e-01	2.0952e-04	1.1137e-04	0.0000e+00	-5.0100e-03	1.9440e-03	-1.8510e-03
4.4398e-03	2.7949e-03	-2.6272e-04	-1.4999e-01	3.0464e-01	-2.8709e-01	1.6087e-03	-2.1924e-03	4.2715e-04	1.9743e-02	4.4866e-02	-6.0732e-02
2.6025e-03	4.7150e-03	-6.8987e-04	-1.5578e-01	2.7561e-01	-2.1006e-01	-1.8373e-03	1.9200e-03	-4.2715e-04	-5.7880e-03	-2.9037e-02	7.7029e-02
3.5055e-03	4.9437e-03	-7.7328e-04	-1.6444e-01	2.7538e-01	-2.1056e-01	9.0299e-04	2.2870e-04	-8.3415e-05	-8.6680e-03	-2.2400e-04	-4.9900e-04
3.5929e-03	4.2010e-03	-6.3287e-04	-1.4436e-01	2.7540e-01	-2.0359e-01	8.7390e-05	-7.4262e-04	1.4041e-04	2.0079e-02	1.7000e-05	6.9680e-03
3.5891e-03	4.7666e-03	-1.4099e-04	-1.3960e-01	2.8706e-01	-1.9989e-01	-3.7800e-06	5.6558e-04	4.9188e-04	4.7670e-03	1.1655e-02	3.6960e-03
3.5975e-03	4.3214e-03	3.8572e-05	-1.4135e-01	2.7410e-01	-2.0099e-01	8.3900e-06	-4.4520e-04	1.7957e-04	-1.7560e-03	-1.2951e-02	-1.0950e-03
2.2242e-03	4.3016e-03	-1.9123e-04	-1.5382e-01	2.4227e-01	-1.7890e-01	-1.3733e-03	-1.9830e-05	-2.2981e-04	-1.2464e-02	-3.1830e-02	2.2092e-02
2.3225e-03	3.4956e-03	-4.9314e-04	-1.5006e-01	2.4931e-01	-1.7169e-01	9.8290e-05	-8.0594e-04	-3.0191e-04	3.7580e-03	7.0330e-03	7.2060e-03
3.1276e-03	3.9538e-03	-3.1590e-04	-1.4031e-01	2.5982e-01	-2.0790e-01	8.0513e-04	4.5812e-04	1.7724e-04	9.7470e-03	1.0507e-02	-3.6212e-02
3.0329e-03	4.0547e-03	-3.2993e-04	-1.4757e-01	2.5122e-01	-2.1958e-01	-9.4670e-05	1.0097e-04	-1.4025e-05	-7.2600e-03	-8.5960e-03	-1.1672e-02
2.1373e-03	4.0101e-03	-1.0854e-03	-1.5814e-01	2.3776e-01	-2.0046e-01	-8.9563e-04	-4.4690e-05	-7.5545e-04	-1.0567e-02	-1.3459e-02	1.9117e-02
2.2700e-03	3.6695e-03	-6.1233e-04	-1.5555e-01	2.4690e-01	-1.8603e-01	1.3269e-04	-3.4056e-04	4.7305e-04	2.5930e-03	9.1400e-03	1.4428e-02
2.2739e-03	3.9008e-03	-7.1521e-04	-1.4653e-01	2.5444e-01	-2.0781e-01	3.8900e-06	2.3126e-04	-1.0288e-04	9.0140e-03	7.5390e-03	-2.1777e-02
1.3822e-03	3.7144e-03	-7.0173e-04	-1.4908e-01	2.3527e-01	-2.0547e-01	-8.9173e-04	-1.8632e-04	1.3479e-05	-2.5520e-03	-1.9169e-02	2.3330e-03
7.8409e-04	3.7758e-03	-6.3257e-04	-1.4659e-01	2.1729e-01	-1.9796e-01	-5.9808e-04	6.1320e-05	6.9157e-05	2.4990e-03	-1.7978e-02	7.5190e-03
4.1777e-04	3.7649e-03	-7.0009e-04	-1.4112e-01	2.1736e-01	-1.9678e-01	-3.6631e-04	-1.0900e-05	-6.7517e-05	5.4680e-03	6.5000e-05	1.1810e-03
5.2943e-06	3.7144e-03	-6.0922e-04	-1.6039e-01	2.1749e-01	-1.8174e-01	-4.1248e-04	-5.0420e-05	9.0871e-05	-1.9273e-02	1.3800e-04	1.5032e-02
2.0426e-03	3.5096e-03	-2.6916e-04	-1.4885e-01	2.3271e-01	-1.9707e-01	2.0373e-03	-2.0486e-04	3.4006e-04	1.1542e-02	1.5215e-02	-1.5323e-02
2.4525e-03	3.0085e-03	-8.4887e-04	-1.5131e-01	2.4195e-01	-1.8470e-01	4.0985e-04	-5.0107e-04	-5.7971e-04	-2.4580e-03	9.2390e-03	1.2366e-02
1.9805e-03	3.4866e-03	-9.0234e-04	-1.5613e-01	2.1705e-01	-1.4383e-01	-4.7203e-04	4.7808e-04	-5.3474e-05	-4.8270e-03	-2.4901e-02	4.0872e-02
2.1682e-03	3.3116e-03	-4.9045e-04	-1.6054e-01	2.1707e-01	-1.3900e-01	1.8772e-04	-1.7498e-04	4.1190e-04	-4.4080e-03	2.1000e-05	4.8250e-03
2.8948e-03	3.4271e-03	-3.9647e-04	-1.4824e-01	2.3814e-01	-1.4907e-01	7.2659e-04	1.1548e-04	9.3976e-05	1.2298e-02	2.1071e-02	-1.0068e-02
3.2798e-03	3.2885e-03	-4.1680e-04	-1.4828e-01	2.3827e-01	-1.4417e-01	3.8503e-04	-1.3860e-04	-2.0332e-05	-3.6000e-05	1.3200e-04	4.8960e-03
2.4932e-03	2.9834e-03	-9.7122e-04	-1.5074e-01	2.1700e-01	-1.3938e-01	-7.8664e-04	-3.0503e-04	-5.5442e-04	-2.4550e-03	-2.1269e-02	4.7950e-03
1.7704e-03	3.0139e-03	-8.0625e-04	-1.4361e-01	2.0601e-01	-1.3169e-01	-7.2278e-04	3.0400e-05	1.6497e-04	7.1210e-03	-1.0989e-02	7.6870e-03
2.8253e-03	3.2835e-03	-1.4575e-04	-1.3641e-01	2.1887e-01	-1.3862e-01	1.0549e-03	2.6964e-04	6.6050e-04	7.2000e-03	1.2859e-02	-6.9260e-03
2.9010e-03	3.1964e-03	-5.2283e-04	-1.3485e-01	2.1093e-01	-1.4394e-01	7.5720e-05	-8.7140e-05	-3.7708e-04	1.5600e-03	-7.9460e-03	-5.3190e-03
1.7085e-03	2.9440e-03	-9.8241e-04	-1.4861e-01	2.0080e-01	-1.4361e-01	-1.1926e-03	-2.5239e-04	-4.5958e-04	-1.3757e-02	-1.0129e-02	3.2800e-04
9.7308e-04	3.1685e-03	-8.0625e-04	-1.4855e-01	1.7871e-01	-1.3118e-01	-7.3539e-04	2.2454e-04	1.7616e-04	6.6000e-05	-2.2091e-02	1.2435e-02
5.3807e-04	2.9034e-03	-8.0625e-04	-1.4859e-01	1.9327e-01	-1.4347e-01	-4.3500e-04	-2.6506e-04	0.0000e+00	-4.9000e-05	1.4567e-02	-1.2291e-02
3.0979e-04	3.0116e-03	-8.6645e-04	-1.4859e-01	1.7882e-01	-1.4337e-01	-2.2828e-04	1.0819e-04	-6.0198e-05	6.0000e-06	-1.4457e-02	9.5000e-05
-1.1505e-04	2.9241e-03	-8.0625e-04	-1.4859e-01	1.5357e-01	-1.3329e-01	-4.2484e-04	-8.7480e-05	6.0198e-05	-4.0000e-06	-2.5243e-02	1.0083e-02
-4.6073e-05	3.0258e-03	-8.0625e-04	-1.4645e-01	1.7888e-01	-1.2652e-01	6.8974e-05	1.0162e-04	0.0000e+00	2.1410e-03	2.5309e-02	6.7650e-03
4.8321e-05	2.7175e-03	-7.4724e-04	-1.4862e-01	1.7888e-01	-1.3956e-01	9.4394e-05	-3.0829e-04	5.9015e-05	-2.1680e-03	-3.0000e-06	-1.3042e-02
2.1323e-03	2.2149e-03	-8.0625e-04	-1.3263e-01	1.9060e-01	-1.6195e-01	2.0840e-03	-5.0262e-04	-5.9015e-05	1.5990e-02	1.1718e-02	-2.2388e-02
1.5391e-03	2.7347e-03	-6.1175e-04	-1.3246e-01	1.7863e-01	-1.5250e-01	-5.9321e-04	5.1982e-04	1.9450e-04	1.6800e-04	-1.1963e-02	9.4560e-03
1.5376e-03	2.8464e-03	-8.0625e-04	-1.3251e-01	1.7861e-01	-1.3903e-01	-1.5800e-06	1.1171e-04	-1.9450e-04	-4.9000e-05	-2.2000e-05	1.3462e-02
2.0309e-03	2.9303e-03	-2.4652e-05	-1.3231e-01	1.7865e-01	-1.4222e-01	4.9331e-04	8.3870e-05	7.8160e-04	2.0400e-04	3.9000e-05	-3.1850e-03
2.6109e-03	1.6227e-03	-4.2037e-04	-1.0174e-01	2.1559e-01	-1.5381e-01	5.8002e-04	-1.3075e-03	-3.9572e-04	3.0571e-02	3.6940e-02	-1.1589e-02
2.3447e-03	1.8554e-03	-3.4465e-04	-9.5478e-02	1.8710e-01	-1.2364e-01	-2.6616e-04	2.3264e-04	7.5715e-05	6.2575e-03	-2.8492e-02	3.0168e-02
1.8777e-03	2.2891e-03	2.4179e-04	-1.0153e-01	1.7572e-01	-1.1792e-01	-4.6705e-04	4.3377e-04	5.8644e-04	-6.0545e-03	-1.1378e-02	5.7220e-03
1.5407e-03	1.7826e-03	1.0501e-04	-1.0158e-01	1.9012e-01	-1.3500e-01	-3.3697e-04	-5.0652e-04	-1.3678e-04	-5.0000e-05	1.4396e-02	-1.7080e-02
1.0181e-03	1.8633e-03	-4.5140e-04	-1.0176e-01	1.5518e-01	-1.1769e-01	-5.2257e-04	8.0660e-05	-5.5641e-04	-1.8300e-04	-3.4938e-02	1.7305e-02
3.6192e-04	1.5832e-03	-3.0814e-04	-1.0179e-01	1.5526e-01	-9.1443e-02	-6.5622e-04	-2.8004e-04	1.4326e-04	-2.7000e-05	8.0000e-05	2.6251e-02
5.7771e-04	1.1763e-03	-4.5140e-04	-8.3543e-02	1.5522e-01	-9.5071e-02	2.1579e-04	-4.0696e-04	-1.4326e-04	1.8249e-02	-4.2000e-05	-3.6280e-03
2.6162e-04	9.4936e-04	-2.7028e-04	-8.3554e-02	1.4994e-01	-8.9185e-02	-3.1609e-04	-2.2691e-04	1.8112e-04	-1.0800e-05	-5.2790e-03	5.8859e-03
1.0686e-03	1.1093e-03	-4.5140e-04	-8.3568e-02	1.5518e-01	-7.2817e-02	8.0696e-04	1.5998e-04	-1.8112e-04	-1.4300e-05	5.2410e-03	1.6368e-02
2.2781e-04	8.4581e-04	-3.3586e-04	-6.0936e-02	1.4395e-01	-6.2995e-02	-8.4077e-04	-2.6352e-04	1.1554e-04	2.2632e-02	-1.1234e-02	9.8222e-03
9.8926e-04	6.5822e-04	-2.8237e-04	-4.8048e-02	1.4449e-01	-6.1621e-02	7.6145e-04	-1.8759e-04	5.3497e-05	1.2888e-02	5.4500e-04	1.3741e-03
6.3062e-04	3.6533e-04	-3.6509e-04	-6.0976e-02	1.3821e-01	-4.2583e-02	-3.5864e-04	-2.9289e-04	-8.2728e-05	-1.2928e-02	-6.2850e-03	1.9038e-02
1.4189e-03	5.5996e-04	-1.2255e-04	-6.0954e-02	1.3637e-01	-4.2585e-02	7.8825e-04	1.9463e-04	2.4254e-04	2.1500e-05	-1.8350e-03	-2.7000e-06
1.9413e-03	4.6186e-04	3.5956e-05	-5.8491e-02	1.4886e-01	-2.7680e-02	5.2238e-04	-9.8095e-05	1.5851e-04	2.4629e-03	1.2492e-02	1.4905e-02
4.2414e-03	-1.6361e-04	8.6154e-05	-4.2389e-02	2.0845e-01	-7.2141e-02	2.3002e-03	-6.2547e-04	5.0198e-05	1.6103e-02	5.9585e-02	-4.4461e-02
4.3065e-03	-1.4559e-04	1.7945e-04	-3.4239e-02	1.7727e-01	-4.1272e-02	6.5120e-05	1.8021e-05	9.3294e-05	8.1498e-03	-3.1178e-02	3.0869e-02
3.9590e-03	-3.1203e-05	-1.5262e-04	-4.2470e-02	1.4014e-01	-2.3055e-02	-3.4753e-04	1.1438e-04	-3.3207e-04	-8.2307e-03	-3.7129e-02	1.8217e-02
3.4463e-03	-2.7177e-04	-9.8146e-05	-3.2306e-02	1.3970e-01	-2.0121e-02	-5.1269e-04	-2.4057e-04	5.4475e-05	1.0163e-02	-4.4400e-04	2.9335e-03
2.5847e-03	-3.4930e-04	9.5171e-05	-3.2022e-02	1.2351e-01	-1.8156e-02	-8.6158e-04	-7.7532e-05	1.9332e-04	2.8470e-04	-1.6192e-02	1.9650e-03
2.0293e-03	-3.4530e-04	-5.7860e-05	-2.6135e-02	1.0440e-01	6.5375e-03	-5.5541e-04	3.9990e-06	-1.5303e-04	5.8867e-03	-1.9100e-02	2.4694e-02
1.4142e-03	-6.7023e-04	-3.1466e-04	-2.6175e-02	9.7299e-02	1.3522e-02	-6.1514e-04	-3.2493e-04	-2.5680e-04	-4.0400e-05	-7.1055e-03	6.9847e-03
1.4674e-03	-3.9550e-04	-4.5140e-04	-3.1955e-02	1.0756e-01	-7.0613e-03	5.3200e-05	2.7473e-04	-1.3674e-04	-5.7794e-03	1.0262e-02	-2.0583e-02
4.6667e-04	-6.3044e-04	-4.5140e-04	-4.4148e-02	8.4363e-02	1.2267e-02	-1.0007e-03	-2.3494e-04	0.0000e+00	-1.2194e-02	-2.3198e-02	1.9328e-02
-2.4316e-04	-2.1760e-04	-6.2169e-04	-5.0360e-02	8.4326e-02	2.6300e-02	-7.0984e-04	4.1284e-04	-1.7029e-04	-6.2118e-03	-3.7000e-05	1.4033e-02
2.4532e-04	-1.3831e-04	-4.5140e-04	-5.0370e-02	8.4356e-02	3.1749e-02	4.8848e-04	7.9282e-05	1.7029e-04	-1.0100e-05	3.0000e-05	5.4493e-03
1.2135e-04	-2.7521e-04	-4.5140e-04	-5.0372e-02	5.7016e-02	2.7199e-02	-1.2397e-04	-1.3690e-04	0.0000e+00	-1.8000e-06	-2.7340e-02	-4.5502e-03
-5.4491e-04	-1.8494e-04	-4.5140e-04	-4.6880e-02	6.8242e-02	3.7801e-02	-6.6626e-04	9.0276e-05	0.0000e+00	3.4922e-03	1.1226e-02	1.0602e-02
2.5156e-04	-3.1277e-04	-4.5140e-04	-3.3405e-02	8.4330e-02	5.5689e-02	7.9648e-04	-1.2783e-04	0.0000e+00	1.3475e-02	1.6088e-02	1.7888e-02
4.4879e-04	-3.8100e-04	-3.2215e-04	-2.2045e-02	6.5727e-02	4.6281e-02	1.9723e-04	-6.8233e-05	1.2925e-04	1.1360e-02	-1.8603e-02	-9.4080e-03
1.0010e-03	-6.4237e-04	-2.3928e-04	-5.1574e-02	8.4401e-02	2.9468e-02	5.5217e-04	-2.6137e-04	8.2878e-05	-2.9529e-02	1.8674e-02	-1.6813e-02
2.3670e-03	-6.5808e-04	1.0385e-04	-3.2505e-02	8.4526e-02	3.2516e-02	1.3660e-03	-1.5718e-05	3.4312e-04	1.9068e-02	1.2520e-04	3.0485e-03
3.5103e-03	-1.4422e-03	4.1354e-05	-1.6552e-02	1.2273e-01	1.1015e-02	1.1433e-03	-7.8413e-04	-6.2491e-05	1.5953e-02	3.8206e-02	-2.1501e-02
3.6485e-03	-4.3324e-04	3.3504e-04	-1.6479e-02	1.0304e-01	1.4712e-02	1.3819e-04	1.0090e-03	2.9369e-04	7.3100e-05	-1.9692e-02	3.6970e-03
2.1016e-03	-1.5421e-04	1.0899e-04	-2.6951e-02	6.5251e-02	5.1690e-02	-1.5469e-03	2.7902e-04	-2.2605e-04	-1.0472e-02	-3.7789e-02	3.6978e-02
4.1893e-03	-4.9182e-04	2.1622e-04	-1.6633e-02	9.8704e-02	3.9014e-02	2.0877e-03	-3.3761e-04	1.0723e-04	1.0317e-02	3.3453e-02	-1.2676e-02
2.1750e-03	-1.3070e-03	-3.1767e-04	-1.6787e-02	6.8469e-02	6.0900e-02	-2.0143e-03	-8.1518e-04	-5.3390e-04	-1.5330e-04	-3.0234e-02	2.1886e-02
1.6291e-03	-8.4871e-04	-2.9637e-04	-1.6853e-02	4.8612e-02	5.5997e-02	-5.4594e-04	4.5830e-04	2.1304e-05	-6.6100e-05	-1.9857e-02	-4.9033e-03
5.9830e-04	-8.7594e-04	-2.8343e-04	-1.6856e-02	3.5258e-02	3.9546e-02	-1.0308e-03	-2.7231e-05	1.2942e-05	-2.7000e-06	-1.3354e-02	-1.6451e-02
2.3478e-03	-1.1980e-03	-1.1992e-04	-1.6694e-02	7.3803e-02	2.0604e-02	1.7495e-03	-3.2207e-04	1.6351e-04	1.6190e-04	3.8545e-02	-1.8943e-02
1.5790e-03	-9.6383e-04	-4.1287e-04	-3.7094e-03	2.0940e-02	4.8833e-02	-7.6883e-04	2.3418e-04	-2.9295e-04	1.2984e-02	-5.2862e-02	2.8229e-02
4.8764e-04	-5.5692e-04	-3.6891e-04	-1.6837e-02	1.0084e-02	3.9826e-02	-1.0913e-03	4.0691e-04	4.3962e-05	-1.3128e-02	-1.0856e-02	-9.0070e-03
-1.5838e-03	-5.5692e-04	-6.8424e-04	-1.6866e-02	1.8535e-03	4.0076e-02	-2.0715e-03	0.0000e+00	-3.1534e-04	-2.9000e-05	-8.2304e-03	2.5040e-04
-2.3988e-03	-4.6537e-04	-8.1508e-04	-1.8940e-02	-2.2738e-02	4.0397e-02	-8.1503e-04	9.1548e-05	-1.3084e-04	-2.0744e-03	-2.4591e-02	3.2110e-04
-2.6882e-03	-5.5692e-04	-1.0044e-03	-1.6852e-02	-1.9686e-02	3.9258e-02	-2.8937e-04	-9.1548e-05	-1.8933e-04	2.0887e-03	3.0512e-03	-1.1395e-03
-3.2918e-03	-5.5692e-04	-1.1992e-03	-1.6854e-02	-4.0417e-02	5.3636e-03	-6.0356e-04	0.0000e+00	-1.9481e-04	-2.0000e-06	-2.0730e-02	-3.3894e-02
-3.6971e-03	-5.5692e-04	-1.2209e-03	-1.9936e-02	-4.0173e-02	-2.5979e-04	-4.0530e-04	0.0000e+00	-2.1690e-05	-3.0824e-03	2.4320e-04	-5.6234e-03
-3.0771e-03	-4.5340e-04	-9.7744e-04	-1.6660e-02	-2.6834e-02	-2.1716e-04	6.2000e-04	1.0351e-04	2.4347e-04	3.2766e-03	1.3339e-02	4.2625e-05
3.4852e-04	-6.0423e-04	-1.0739e-03	-1.6728e-02	-4.2699e-05	-2.3379e-05	3.4256e-03	-1.5083e-04	-9.6478e-05	-6.8600e-05	2.6791e-02	1.9378e-04
0.0000e+00	-0.0000e+00	0.0000e+00	0.0000e+00	0.0000e+00	0.0000e+00	-3.4852e-04	6.0423e-04	1.0739e-03	1.6728e-02	4.2699e-05	2.3379e-05
6.4605e-04	5.2940e-23	-5.5260e-04	-1.8060e-02	-2.5770e-02	9.4565e-06	6.4605e-04	5.2940e-23	-5.5260e-04	-1.8060e-02	-2.5770e-02	9.4565e-06
1.5901e-03	3.4041e-04	-3.4443e-04	-2.9071e-02	1.6511e-02	-1.3858e-02	9.4407e-04	3.4041e-04	2.0817e-04	-1.1011e-02	4.2281e-02	-1.3867e-02
2.0194e-03	9.3873e-04	-6.4466e-04	-9.3858e-03	1.4212e-02	-4.0684e-02	4.2932e-04	5.9832e-04	-3.0023e-04	1.9685e-02	-2.2989e-03	-2.6826e-02
1.8706e-03	3.8335e-04	-1.7417e-04	-1.7166e-02	-4.5711e-03	-7.5481e-03	-1.4882e-04	-5.5538e-04	4.7049e-04	-7.7804e-03	-1.8783e-02	3.3136e-02
1.7494e-03	3.6851e-04	-6.7104e-05	-1.7166e-02	1.4189e-03	-2.9109e-03	-1.2120e-04	-1.4838e-05	1.0707e-04	1.0000e-07	5.9900e-03	4.6372e-03
2.0416e-03	4.6097e-05	8.3882e-05	-1.7123e-02	1.2591e-02	8.3790e-03	2.9219e-04	-3.2241e-04	1.5099e-04	4.2800e-05	1.1172e-02	1.1290e-02
6.7717e-04	-4.0763e-04	-8.6060e-04	-1.7225e-02	-1.1543e-02	8.3919e-03	-1.3644e-03	-4.5372e-04	-9.4449e-04	-1.0110e-04	-2.4134e-02	1.2920e-05
-2.5055e-04	-4.6484e-05	-8.6060e-04	-1.7254e-02	-2.6663e-02	1.4398e-02	-9.2772e-04	3.6114e-04	0.0000e+00	-2.9000e-05	-1.5120e-02	6.0060e-03
4.0849e-04	-3.9733e-04	-7.3511e-04	-1.7246e-02	-1.1543e-02	8.3537e-03	6.5903e-04	-3.5085e-04	1.2550e-04	7.4000e-06	1.5121e-02	-6.0442e-03
-5.1177e-04	1.1039e-04	-8.6060e-04	-1.7300e-02	-3.3315e-02	3.2786e-02	-9.2026e-04	5.0772e-04	-1.2550e-04	-5.3900e-05	-2.1772e-02	2.4432e-02
-5.9195e-04	1.0131e-04	-8.6060e-04	-1.0652e-02	-5.3518e-02	4.3813e-02	-8.0185e-05	-9.0820e-06	0.0000e+00	6.6482e-03	-2.0203e-02	1.1027e-02
3.6125e-04	6.6914e-05	-8.6060e-04	-1.7339e-02	-3.3195e-02	5.6591e-02	9.5320e-04	-3.4393e-05	0.0000e+00	-6.6872e-03	2.0323e-02	1.2779e-02
-2.7552e-04	-1.9491e-05	-6.8323e-04	-1.6948e-02	-6.3899e-02	8.2242e-02	-6.3676e-04	-8.6405e-05	1.7738e-04	3.9130e-04	-3.0705e-02	2.5651e-02
-2.1698e-04	1.9500e-04	-5.9488e-04	-1.2850e-02	-5.1424e-02	8.9883e-02	5.8533e-05	2.1449e-04	8.8352e-05	4.0981e-03	1.2475e-02	7.6410e-03
3.3907e-04	3.0844e-05	-3.6347e-04	-9.7561e-03	-4.3865e-02	5.9399e-02	5.5605e-04	-1.6415e-04	2.3141e-04	3.0935e-03	7.5585e-03	-3.0485e-02
-6.0479e-05	-3.8539e-05	-4.0109e-04	-9.4331e-03	-5.1407e-02	6.9690e-02	-3.9955e-04	-6.9383e-05	-3.7624e-05	3.2296e-04	-7.5413e-03	1.0291e-02
-1.4601e-04	9.6887e-05	-4.4460e-04	-1.7280e-02	-4.8909e-02	6.3366e-02	-8.5531e-05	1.3543e-04	-4.3507e-05	-7.8468e-03	2.4977e-03	-6.3233e-03
-3.2167e-04	2.3891e-04	-5.9108e-04	-9.4608e-03	-6.7445e-02	8.1777e-02	-1.7566e-04	1.4203e-04	-1.4649e-04	7.8191e-03	-1.8536e-02	1.8411e-02
-4.9626e-04	-5.0727e-05	1.4866e-04	9.4573e-03	-7.7897e-02	9.6902e-02	-1.7459e-04	-2.8964e-04	7.3975e-04	1.8918e-02	-1.0452e-02	1.5125e-02
8.7878e-05	-2.7574e-04	-3.0755e-04	-4.2480e-03	-7.3236e-02	1.1756e-01	5.8414e-04	-2.2501e-04	-4.5621e-04	-1.3705e-02	4.6609e-03	2.0653e-02
-1.2144e-04	-3.2931e-04	-1.7403e-04	-1.1155e-02	-7.9415e-02	1.3358e-01	-2.0932e-04	-5.3568e-05	1.3352e-04	-6.9069e-03	-6.1789e-03	1.6027e-02
-4.9626e-04	-3.0653e-04	-5.1309e-04	-1.5555e-02	-9.1663e-02	1.4951e-01	-3.7482e-04	2.2775e-05	-3.3906e-04	-4.4002e-03	-1.2247e-02	1.5931e-02
-5.9329e-04	6.2653e-06	-4.3938e-04	-8.8381e-03	-1.0535e-01	1.4238e-01	-9.7030e-05	3.1280e-04	7.3704e-05	6.7170e-03	-1.3685e-02	-7.1320e-03
-6.7689e-04	-6.1584e-05	-5.6715e-04	-1.4186e-02	-1.0816e-01	1.5888e-01	-8.3600e-05	-6.7849e-05	-1.2777e-04	-5.3483e-03	-2.8160e-03	1.6497e-02
-1.6007e-03	-1.0494e-04	-6.4273e-04	-1.1113e-02	-1.1675e-01	1.6132e-01	-9.2384e-04	-4.3360e-05	-7.5570e-05	3.0731e-03	-8.5860e-03	2.4440e-03
-9.3047e-04	5.0580e-05	-5.3180e-04	5.6072e-03	-1.0396e-01	1.4230e-01	6.7026e-04	1.5552e-04	1.1092e-04	1.6720e-02	1.2789e-02	-1.9022e-02
-9.9834e-04	2.4130e-04	-4.6092e-04	1.6278e-02	-1.1099e-01	1.1375e-01	-6.7867e-05	1.9072e-04	7.0877e-05	1.0671e-02	-7.0270e-03	-2.8554e-02
-1.7084e-03	1.0242e-04	-4.8873e-04	7.5889e-03	-1.1111e-01	1.1359e-01	-7.1006e-04	-1.3888e-04	-2.7801e-05	-8.6889e-03	-1.1800e-04	-1.5200e-04
-1.4145e-03	3.2699e-04	-9.6670e-05	3.0557e-02	-1.1109e-01	1.0254e-01	2.9393e-04	2.2457e-04	3.9206e-04	2.2968e-02	1.2000e-05	-1.1049e-02
-2.0699e-03	-2.8001e-04	-8.6060e-04	2.0215e-02	-1.2846e-01	1.0577e-01	-6.5539e-04	-6.0700e-04	-7.6393e-04	-1.0342e-02	-1.7362e-02	3.2250e-03
-3.2835e-03	-3.5302e-04	-8.6060e-04	2.0144e-02	-1.3686e-01	9.7984e-02	-1.2136e-03	-7.3006e-05	0.0000e+00	-7.0600e-05	-8.4070e-03	-7.7863e-03
-3.3739e-03	-2.9777e-04	-7.9454e-04	4.9747e-02	-1.2505e-01	9.2020e-02	-9.0450e-05	5.5249e-05	6.6062e-05	2.9603e-02	1.1812e-02	-5.9641e-03
-1.2971e-03	-7.5358e-05	-7.9644e-04	2.8348e-02	-8.8504e-02	1.1303e-01	2.0768e-03	2.2241e-04	-1.9040e-06	-2.1399e-02	3.6547e-02	2.1012e-02
-7.1310e-04	-2.0892e-04	-7.4053e-04	2.8516e-02	-1.1058e-01	1.1299e-01	5.8404e-04	-1.3356e-04	5.5914e-05	1.6790e-04	-2.2076e-02	-4.7000e-05
1.0662e-03	3.6472e-04	-3.1362e-04	2.8453e-02	-9.3560e-02	8.4418e-02	1.7793e-03	5.7363e-04	4.2691e-04	-6.3400e-05	1.7020e-02	-2.8567e-02
1.2163e-03	6.2690e-04	-5.5114e-04	3.2919e-02	-9.3518e-02	1.0495e-01	1.5010e-04	2.6219e-04	-2.3752e-04	4.4660e-03	4.2000e-05	2.0532e-02
1.0496e-03	1.0048e-03	-4.5616e-04	2.8338e-02	-9.3569e-02	9.3086e-02	-1.6669e-04	3.7788e-04	9.4981e-05	-4.5807e-03	-5.0900e-05	-1.1864e-02
1.5590e-03	8.5915e-04	-3.7482e-04	3.1747e-02	-9.3527e-02	1.0808e-01	5.0939e-04	-1.4563e-04	8.1345e-05	3.4084e-03	4.2700e-05	1.4991e-02
8.7827e-04	9.5228e-04	-4.7097e-04	2.8417e-02	-9.3569e-02	1.2747e-01	-6.8072e-04	9.3129e-05	-9.6158e-05	-3.3293e-03	-4.2300e-05	1.9389e-02
1.6142e-03	5.5932e-04	-2.0783e-04	2.8464e-02	-1.0608e-01	1.2281e-01	7.3595e-04	-3.9297e-04	2.6314e-04	4.6300e-05	-1.2514e-02	-4.6580e-03
1.2104e-03	5.2645e-04	-4.7097e-04	1.8716e-02	-1.2627e-01	1.0698e-01	-4.0378e-04	-3.2870e-05	-2.6314e-04	-9.7474e-03	-2.0185e-02	-1.5828e-02
4.0692e-04	5.0453e-04	-8.7795e-04	8.1331e-03	-1.3250e-01	1.2276e-01	-8.0352e-04	-2.1912e-05	-4.0698e-04	-1.0583e-02	-6.2330e-03	1.5778e-02
3.4470e-04	6.4756e-04	-8.7795e-04	2.1157e-02	-1.2909e-01	1.2276e-01	-6.2221e-05	1.4303e-04	0.0000e+00	1.3024e-02	3.4160e-03	7.0000e-06
-2.5553e-04	4.0183e-04	-8.7795e-04	3.9043e-02	-1.3318e-01	8.8304e-02	-6.0023e-04	-2.4573e-04	0.0000e+00	1.7886e-02	-4.0970e-03	-3.4461e-02
-2.0923e-03	5.0453e-04	-7.5860e-04	5.4926e-02	-1.5609e-01	7.6606e-02	-1.8367e-03	1.0270e-04	1.1935e-04	1.5883e-02	-2.2910e-02	-1.1698e-02
-3.3486e-03	1.2254e-03	-8.7795e-04	5.4878e-02	-1.5619e-01	7.2946e-02	-1.2563e-03	7.2084e-04	-1.1935e-04	-4.7200e-05	-9.9000e-05	-3.6604e-03
-3.2554e-03	8.4376e-04	-8.7795e-04	7.1878e-02	-1.8696e-01	7.9084e-02	9.3160e-05	-3.8161e-04	0.0000e+00	1.7000e-02	-3.0767e-02	6.1383e-03
-4.4755e-03	1.0660e-03	-8.7795e-04	7.1454e-02	-2.0761e-01	7.3877e-02	-1.2201e-03	2.2222e-04	0.0000e+00	-4.2440e-04	-2.0655e-02	-5.2073e-03
-4.9866e-03	1.1699e-03	-8.7795e-04	7.4978e-02	-1.9118e-01	4.1072e-02	-5.1107e-04	1.0387e-04	0.0000e+00	3.5237e-03	1.6432e-02	-3.2805e-02
-1.7799e-03	1.9432e-03	-7.0938e-04	5.5531e-02	-1.4059e-01	1.3459e-02	3.2067e-03	7.7332e-04	1.6857e-04	-1.9447e-02	5.0593e-02	-2.7613e-02
-6.6912e-04	1.9293e-03	-9.2543e-04	5.8414e-02	-1.6368e-01	1.7916e-02	1.1108e-03	-1.3840e-05	-2.1606e-04	2.8830e-03	-2.3096e-02	4.4571e-03
-1.1024e-04	1.6468e-03	-8.4892e-04	5.8442e-02	-1.5089e-01	5.1126e-02	5.5888e-04	-2.8249e-04	7.6514e-05	2.7800e-05	1.2791e-02	3.3210e-02
-9.9197e-06	1.0934e-03	-1.2124e-03	5.8500e-02	-1.4959e-01	6.5011e-02	1.0032e-04	-5.5345e-04	-3.6352e-04	5.8800e-05	1.3070e-03	1.3885e-02
3.2547e-04	1.3799e-03	-1.0570e-03	4.7974e-02	-1.4964e-01	4.1015e-02	3.3539e-04	2.8647e-04	1.5543e-04	-1.0526e-02	-5.2000e-05	-2.3996e-02
-1.3194e-04	1.5043e-03	-1.0393e-03	5.8421e-02	-1.6279e-01	5.8435e-02	-4.5742e-04	1.2448e-04	1.7740e-05	1.0446e-02	-1.3148e-02	1.7419e-02
-7.9812e-04	1.2335e-03	-5.5348e-04	5.8447e-02	-1.6789e-01	8.9884e-02	-6.6618e-04	-2.7088e-04	4.8579e-04	2.5800e-05	-5.1030e-03	3.1450e-02
-1.3655e-03	1.0272e-03	-5.5348e-04	7.8882e-02	-1.8118e-01	6.0915e-02	-5.6733e-04	-2.0621e-04	0.0000e+00	2.0435e-02	-1.3294e-02	-2.8969e-02
-1.8595e-03	1.1317e-03	-5.5348e-04	5.8463e-02	-1.8444e-01	4.4317e-02	-4.9410e-04	1.0444e-04	0.0000e+00	-2.0419e-02	-3.2610e-03	-1.6598e-02
-3.7973e-05	1.0996e-03	-8.2120e-04	5.8539e-02	-1.8325e-01	5.5907e-02	1.8216e-03	-3.2100e-05	-2.6772e-04	7.5700e-05	1.1980e-03	1.1589e-02
-5.0750e-04	1.4301e-03	-2.6324e-04	5.8609e-02	-1.5636e-01	4.5739e-02	-4.6952e-04	3.3048e-04	5.5796e-04	7.0400e-05	2.6887e-02	-1.0168e-02
-5.7166e-04	1.0595e-03	-6.2557e-04	6.5235e-02	-1.6324e-01	7.8588e-02	-6.4168e-05	-3.7055e-04	-3.6233e-04	6.6260e-03	-6.8790e-03	3.2849e-02
1.3928e-03	9.6010e-04	-4.7772e-04	7.5615e-02	-1.4690e-01	7.8583e-02	1.9645e-03	-9.9417e-05	1.4785e-04	1.0380e-02	1.6334e-02	-4.8000e-06
1.4831e-03	1.0110e-03	-1.9916e-04	6.1486e-02	-1.5600e-01	8.6766e-02	9.0330e-05	5.0897e-05	2.7856e-04	-1.4129e-02	-9.0920e-03	8.1831e-03
6.1070e-04	1.4170e-03	-1.9916e-04	5.8922e-02	-1.3070e-01	9.4548e-02	-8.7244e-04	4.0600e-04	0.0000e+00	-2.5644e-03	2.5300e-02	7.7821e-03
1.5615e-03	1.5522e-03	1.3013e-05	5.5549e-02	-1.4562e-01	1.3168e-01	9.5083e-04	1.3521e-04	2.1217e-04	-3.3725e-03	-1.4923e-02	3.7135e-02
3.2222e-04	1.3777e-03	-1.9916e-04	5.7638e-02	-1.8000e-01	1.3138e-01	-1.2393e-03	-1.7449e-04	-2.1217e-04	2.0890e-03	-3.4381e-02	-3.0100e-04
1.7029e-03	6.3387e-04	6.2799e-04	8.2937e-02	-1.4130e-01	1.0984e-01	1.3807e-03	-7.4385e-04	8.2715e-04	2.5298e-02	3.8695e-02	-2.1537e-02
3.3107e-03	1.6073e-03	1.6494e-03	8.4390e-02	-1.1957e-01	1.2138e-01	1.6078e-03	9.7345e-04	1.0214e-03	1.4528e-03	2.1732e-02	1.1533e-02
2.9919e-03	1.6073e-03	1.6494e-03	8.1901e-02	-1.3892e-01	1.4394e-01	-3.1879e-04	0.0000e+00	0.0000e+00	-2.4884e-03	-1.9348e-02	2.2565e-02
3.3214e-03	1.7546e-03	1.6494e-03	6.3988e-02	-1.2628e-01	1.7140e-01	3.2947e-04	1.4724e-04	0.0000e+00	-1.7913e-02	1.2644e-02	2.7453e-02
4.8072e-03	1.6759e-03	1.2139e-03	6.3387e-02	-1.3854e-01	1.9853e-01	1.4859e-03	-7.8690e-05	-4.3548e-04	-6.0150e-04	-1.2266e-02	2.7131e-02
3.9691e-03	1.7975e-03	9.4572e-04	6.4378e-02	-1.6132e-01	2.0602e-01	-8.3815e-04	1.2161e-04	-2.6817e-04	9.9120e-04	-2.2774e-02	7.4920e-03
4.4534e-03	1.5764e-03	1.1180e-03	5.7859e-02	-1.6448e-01	2.1534e-01	4.8436e-04	-2.2113e-04	1.7231e-04	-6.5188e-03	-3.1580e-03	9.3210e-03
4.5694e-03	2.0251e-03	7.0291e-04	5.7820e-02	-1.6436e-01	2.2093e-01	1.1592e-04	4.4873e-04	-4.1512e-04	-3.9100e-05	1.2000e-04	5.5950e-03
5.1295e-03	2.0869e-03	1.2277e-03	6.6655e-02	-1.5533e-01	2.2096e-01	5.6010e-04	6.1840e-05	5.2483e-04	8.8350e-03	9.0250e-03	2.3000e-05
3.3092e-03	2.0869e-03	7.0291e-04	6.7098e-02	-1.9981e-01	2.3987e-01	-1.8202e-03	0.0000e+00	-5.2483e-04	4.4320e-04	-4.4475e-02	1.8911e-02
2.7300e-03	2.4265e-03	7.0291e-04	6.5851e-02	-2.0921e-01	2.3068e-01	-5.7924e-04	3.3954e-04	0.0000e+00	-1.2473e-03	-9.4010e-03	-9.1900e-03
2.1965e-03	2.0869e-03	7.0291e-04	7.4887e-02	-2.0265e-01	2.0629e-01	-5.3346e-04	-3.3954e-04	0.0000e+00	9.0365e-03	6.5570e-03	-2.4386e-02
1.6219e-03	2.1530e-03	4.1765e-04	7.4956e-02	-2.1267e-01	1.8849e-01	-5.7466e-04	6.6120e-05	-2.8526e-04	6.8500e-05	-1.0023e-02	-1.7800e-02
-1.0087e-03	1.9917e-03	-4.0148e-05	7.8403e-02	-2.3848e-01	1.4396e-01	-2.6306e-03	-1.6134e-04	-4.5779e-04	3.4469e-03	-2.5807e-02	-4.4532e-02
-1.9450e-03	1.6349e-03	-1.9721e-04	9.1395e-02	-2.3175e-01	1.4363e-01	-9.3632e-04	-3.5682e-04	-1.5706e-04	1.2992e-02	6.7290e-03	-3.3600e-04
-1.7850e-03	1.6349e-03	-2.1337e-04	9.8123e-02	-2.3598e-01	1.4956e-01	1.6001e-04	0.0000e+00	-1.6159e-05	6.7281e-03	-4.2290e-03	5.9340e-03
-2.0420e-03	1.6349e-03	-5.0933e-04	9.1491e-02	-2.4634e-01	1.5852e-01	-2.5698e-04	0.0000e+00	-2.9596e-04	-6.6317e-03	-1.0363e-02	8.9640e-03
-1.9543e-03	2.2563e-03	-5.2193e-04	7.2036e-02	-2.5262e-01	1.5740e-01	8.7660e-05	6.2137e-04	-1.2609e-05	-1.9455e-02	-6.2750e-03	-1.1190e-03
1.0670e-03	2.2803e-03	-1.8789e-04	7.6186e-02	-2.3937e-01	1.3600e-01	3.0213e-03	2.4030e-05	3.3404e-04	4.1501e-03	1.3246e-02	-2.1403e-02
9.3137e-04	2.2495e-03	-1.1292e-04	7.2060e-02	-2.1527e-01	1.5122e-01	-1.3564e-04	-3.0800e-05	7.4970e-05	-4.1265e-03	2.4096e-02	1.5222e-02
6.8867e-04	2.1783e-03	-2.8424e-04	7.2084e-02	-2.3603e-01	1.7910e-01	-2.4270e-04	-7.1170e-05	-1.7132e-04	2.4500e-05	-2.0750e-02	2.7876e-02
2.0691e-04	2.1207e-03	-1.5771e-04	7.2095e-02	-2.4264e-01	1.7902e-01	-4.8176e-04	-5.7590e-05	1.2653e-04	1.0400e-05	-6.6190e-03	-7.4000e-05
-9.0259e-04	2.2132e-03	-1.8717e-04	7.2162e-02	-2.7680e-01	2.1421e-01	-1.1095e-03	9.2490e-05	-2.9456e-05	6.7300e-05	-3.4154e-02	3.5188e-02
-1.1632e-03	2.3445e-03	-3.9861e-04	7.2189e-02	-2.5523e-01	1.9608e-01	-2.6063e-04	1.3134e-04	-2.1144e-04	2.6800e-05	2.1563e-02	-1.8130e-02
-1.1738e-03	2.5928e-03	-5.3240e-04	7.2162e-02	-2.4479e-01	1.7375e-01	-1.0610e-05	2.4823e-04	-1.3379e-04	-2.6600e-05	1.0442e-02	-2.2330e-02
-2.9157e-03	3.0821e-03	-6.4910e-04	6.2309e-02	-2.8891e-01	1.1695e-01	-1.7419e-03	4.8928e-04	-1.1670e-04	-9.8531e-03	-4.4116e-02	-5.6801e-02
-4.5698e-03	3.2492e-03	-1.0300e-03	4.3911e-02	-3.0294e-01	1.0209e-01	-1.6540e-03	1.6718e-04	-3.8088e-04	-1.8398e-02	-1.4035e-02	-1.4865e-02
-4.4577e-03	3.3543e-03	-1.0006e-03	4.9515e-02	-3.0896e-01	1.4551e-01	1.1209e-04	1.0502e-04	2.9370e-05	5.6036e-03	-6.0140e-03	4.3425e-02
-4.2505e-03	3.5213e-03	-1.0800e-03	3.3275e-02	-3.0451e-01	1.4559e-01	2.0721e-04	1.6701e-04	-7.9410e-05	-1.6240e-02	4.4430e-03	8.1000e-05
-5.1439e-03	3.6595e-03	-1.0026e-03	3.0129e-02	-2.9963e-01	1.4533e-01	-8.9345e-04	1.3824e-04	7.7390e-05	-3.1463e-03	4.8870e-03	-2.6600e-04
-4.9870e-03	4.0251e-03	-1.2272e-03	3.9798e-02	-3.0226e-01	1.8204e-01	1.5691e-04	3.6557e-04	-2.2458e-04	9.6695e-03	-2.6330e-03	3.6711e-02
