-6.9109e-04	-1.0195e-03	1.1372e-03	1.3265e-01	3.6241e-01	3.3082e-01	0.0000e+00	0.0000e+00	0.0000e+00	0.0000e+00	0.0000e+00	0.0000e+00
-6.4271e-04	-9.0489e-04	8.3258e-04	1.2764e-01	3.7739e-01	3.3082e-01	4.8387e-05	1.1458e-04	-3.0462e-04	-5.0110e-03	1.4979e-02	-8.0000e-06
-3.0097e-04	-9.0325e-04	8.2502e-04	1.3199e-01	3.8102e-01	2.7933e-01	3.4174e-04	1.6310e-06	-7.5670e-06	4.3510e-03	3.6240e-03	-5.1484e-02
-9.0512e-04	-6.5704e-04	7.7794e-04	1.1569e-01	3.4154e-01	3.0767e-01	-6.0415e-04	2.4622e-04	-4.7076e-05	-1.6296e-02	-3.9476e-02	2.8335e-02
-1.1533e-03	-8.0868e-04	6.5966e-04	1.2302e-01	3.5929e-01	2.8568e-01	-2.4818e-04	-1.5164e-04	-1.1828e-04	7.3320e-03	1.7755e-02	-2.1988e-02
-9.9395e-04	-7.8428e-04	7.9348e-04	1.3403e-01	3.4555e-01	2.6436e-01	1.5935e-04	2.4400e-05	1.3382e-04	1.1009e-02	-1.3742e-02	-2.1319e-02
-1.5420e-03	-6.4951e-04	8.3080e-04	1.2268e-01	3.1986e-01	2.8782e-01	-5.4801e-04	1.3477e-04	3.7329e-05	-1.1357e-02	-2.5689e-02	2.3457e-02
-1.5837e-03	-7.6945e-04	8.6796e-04	1.1568e-01	3.2914e-01	2.7682e-01	-4.1770e-05	-1.1994e-04	3.7158e-05	-6.9920e-03	9.2790e-03	-1.1000e-02
-1.3614e-03	-2.8845e-04	9.6036e-04	8.6042e-02	3.3589e-01	2.1380e-01	2.2230e-04	4.8101e-04	9.2399e-05	-2.9643e-02	6.7450e-03	-6.3015e-02
-1.6142e-03	-2.4211e-04	7.7088e-04	6.6864e-02	3.1489e-01	2.4405e-01	-2.5280e-04	4.6332e-05	-1.8948e-04	-1.9178e-02	-2.0996e-02	3.0245e-02
-1.7422e-03	-2.7908e-04	4.2005e-04	4.7677e-02	3.3510e-01	2.3685e-01	-1.2794e-04	-3.6965e-05	-3.5083e-04	-1.9187e-02	2.0206e-02	-7.1950e-03
-1.0958e-03	1.1653e-04	5.0798e-04	1.4869e-02	3.2172e-01	1.7455e-01	6.4640e-04	3.9561e-04	8.7923e-05	-3.2809e-02	-1.3378e-02	-6.2306e-02
-1.5294e-03	-2.1001e-04	3.4118e-04	2.1056e-02	2.8449e-01	2.1622e-01	-4.3363e-04	-3.2654e-04	-1.6680e-04	6.1874e-03	-3.7234e-02	4.1669e-02
-8.6697e-04	-9.7140e-04	-4.4628e-04	1.5003e-02	3.2350e-01	1.9013e-01	6.6243e-04	-7.6140e-04	-7.8746e-04	-6.0529e-03	3.9016e-02	-2.6089e-02
-6.6746e-04	-1.0747e-03	-1.8805e-04	4.8616e-02	3.0044e-01	2.0597e-01	1.9951e-04	-1.0328e-04	2.5822e-04	3.3613e-02	-2.3064e-02	1.5848e-02
-8.5501e-04	-9.5837e-04	-4.7392e-05	5.3478e-02	2.9745e-01	2.3935e-01	-1.8754e-04	1.1631e-04	1.4066e-04	4.8614e-03	-2.9930e-03	3.3379e-02
-1.0990e-03	-1.0268e-03	2.4326e-04	5.3404e-02	3.0042e-01	2.3945e-01	-2.4402e-04	-6.8418e-05	2.9066e-04	-7.4100e-05	2.9770e-03	1.0000e-04
-9.7361e-04	-5.5595e-04	2.4326e-04	2.6281e-02	2.7150e-01	2.0449e-01	1.2542e-04	4.7084e-04	0.0000e+00	-2.7122e-02	-2.8926e-02	-3.4966e-02
-1.0397e-03	-1.0763e-03	6.6772e-04	4.1563e-02	2.5252e-01	2.5356e-01	-6.6059e-05	-5.2031e-04	4.2445e-04	1.5282e-02	-1.8974e-02	4.9073e-02
-1.5579e-03	-9.1520e-04	-3.0862e-04	1.2563e-02	2.5233e-01	2.3859e-01	-5.1826e-04	1.6106e-04	-9.7634e-04	-2.9000e-02	-1.9400e-04	-1.4974e-02
-1.2776e-03	-8.3841e-04	-2.7502e-04	3.2260e-02	2.5239e-01	2.4514e-01	2.8033e-04	7.6789e-05	3.3598e-05	1.9698e-02	6.3000e-05	6.5500e-03
-8.1658e-04	-3.3432e-04	2.4326e-04	3.2166e-02	2.3284e-01	2.4200e-01	4.6102e-04	5.0409e-04	5.1829e-04	-9.4300e-05	-1.9551e-02	-3.1400e-03
-1.2541e-03	-1.0240e-03	-5.2848e-04	3.2231e-02	2.4434e-01	2.5366e-01	-4.3748e-04	-6.8971e-04	-7.7174e-04	6.4800e-05	1.1497e-02	1.1663e-02
-4.8326e-04	-6.6673e-04	4.6523e-04	5.1266e-02	2.4461e-01	2.4953e-01	7.7080e-04	3.5729e-04	9.9371e-04	1.9035e-02	2.7500e-04	-4.1320e-03
-9.8775e-04	-8.5440e-04	3.2383e-04	3.5341e-02	2.3396e-01	2.8385e-01	-5.0449e-04	-1.8767e-04	-1.4140e-04	-1.5925e-02	-1.0652e-02	3.4317e-02
-1.3515e-03	-8.3752e-04	1.8137e-04	3.2313e-02	2.2154e-01	2.8372e-01	-3.6379e-04	1.6888e-05	-1.4246e-04	-3.0278e-03	-1.2418e-02	-1.2400e-04
-9.0258e-04	-8.5924e-04	1.7601e-04	3.2264e-02	2.4875e-01	2.5566e-01	4.4896e-04	-2.1722e-05	-5.3550e-06	-4.9300e-05	2.7204e-02	-2.8057e-02
-6.9406e-04	-4.9166e-04	6.9721e-04	2.9261e-02	2.1312e-01	2.4877e-01	2.0852e-04	3.6758e-04	5.2119e-04	-3.0032e-03	-3.5626e-02	-6.8940e-03
-4.6045e-04	-1.5772e-03	1.0972e-03	8.1782e-02	2.3801e-01	2.9177e-01	2.3361e-04	-1.0855e-03	4.0004e-04	5.2521e-02	2.4886e-02	4.2996e-02
-7.7134e-04	-1.4800e-03	6.3869e-04	7.0417e-02	2.6053e-01	2.6439e-01	-3.1089e-04	9.7190e-05	-4.5856e-04	-1.1364e-02	2.2523e-02	-2.7376e-02
-1.6438e-03	-9.3050e-04	5.3909e-04	4.2481e-02	2.3087e-01	2.9174e-01	-8.7247e-04	5.4948e-04	-9.9601e-05	-2.7936e-02	-2.9657e-02	2.7350e-02
-1.2335e-03	-5.6550e-04	6.9527e-04	5.5153e-02	1.8862e-01	2.5645e-01	4.1032e-04	3.6500e-04	1.5618e-04	1.2672e-02	-4.2256e-02	-3.5291e-02
-1.2796e-03	-1.0445e-03	4.6298e-04	5.5346e-02	1.8267e-01	2.5586e-01	-4.6080e-05	-4.7896e-04	-2.3229e-04	1.9260e-04	-5.9420e-03	-5.9100e-04
-1.5663e-03	-9.9161e-04	2.9248e-06	3.6382e-02	2.0466e-01	2.6278e-01	-2.8673e-04	5.2849e-05	-4.6006e-04	-1.8964e-02	2.1984e-02	6.9210e-03
-1.1800e-03	-9.4866e-04	-3.4618e-04	3.1326e-02	2.0472e-01	2.2786e-01	3.8629e-04	4.2950e-05	-3.4911e-04	-5.0560e-03	6.4000e-05	-3.4915e-02
-1.4986e-03	-6.1664e-04	6.1657e-04	3.6363e-02	1.5695e-01	2.3325e-01	-3.1859e-04	3.3202e-04	9.6276e-04	5.0373e-03	-4.7773e-02	5.3900e-03
-1.5613e-03	-5.8197e-04	-8.1334e-05	-3.1520e-03	1.7048e-01	2.4781e-01	-6.2660e-05	3.4667e-05	-6.9790e-04	-3.9515e-02	1.3530e-02	1.4559e-02
-1.5803e-03	-7.3350e-04	-8.3634e-05	-1.6255e-02	1.8888e-01	2.1525e-01	-1.9030e-05	-1.5153e-04	-2.2995e-06	-1.3103e-02	1.8404e-02	-3.2565e-02
-1.1754e-03	-6.0088e-04	4.6870e-04	4.9124e-02	1.8543e-01	2.2445e-01	4.0488e-04	1.3261e-04	5.5233e-04	6.5378e-02	-3.4580e-03	9.1980e-03
-1.6225e-03	-1.1795e-03	-3.0420e-04	2.3087e-02	1.7431e-01	2.7077e-01	-4.4705e-04	-5.7866e-04	-7.7290e-04	-2.6037e-02	-1.1113e-02	4.6328e-02
-1.8415e-03	-1.3122e-03	2.9109e-05	2.3048e-02	1.7068e-01	2.5724e-01	-2.1902e-04	-1.3264e-04	3.3331e-04	-3.9300e-05	-3.6360e-03	-1.3535e-02
-9.6704e-04	-3.8019e-04	-2.2682e-04	-4.8454e-02	2.0239e-01	1.5403e-01	8.7444e-04	9.3199e-04	-2.5593e-04	-7.1502e-02	3.1715e-02	-1.0321e-01
-2.0495e-03	-8.1379e-04	-2.2682e-04	-4.9593e-03	1.4685e-01	2.2582e-01	-1.0825e-03	-4.3360e-04	0.0000e+00	4.3495e-02	-5.5539e-02	7.1798e-02
-1.5989e-03	-1.2092e-03	-9.2223e-04	-2.3093e-02	1.8975e-01	2.3403e-01	4.5062e-04	-3.9545e-04	-6.9542e-04	-1.8133e-02	4.2900e-02	8.2090e-03
-1.3586e-03	-1.9306e-03	-1.0909e-03	-4.5939e-03	1.8233e-01	2.3097e-01	2.4032e-04	-7.2139e-04	-1.6868e-04	1.8499e-02	-7.4180e-03	-3.0680e-03
-1.7179e-03	-1.4477e-03	-3.2693e-04	2.0844e-02	1.5907e-01	2.0866e-01	-3.5931e-04	4.8289e-04	7.6398e-04	2.5438e-02	-2.3263e-02	-2.2306e-02
-1.6152e-03	-1.8009e-03	-4.5327e-04	-4.7336e-03	2.1765e-01	1.9553e-01	1.0264e-04	-3.5321e-04	-1.2634e-04	-2.5578e-02	5.8577e-02	-1.3129e-02
-2.1220e-03	-2.0319e-03	-3.9719e-04	8.9365e-03	1.4224e-01	2.5339e-01	-5.0671e-04	-2.3097e-04	5.6082e-05	1.3670e-02	-7.5406e-02	5.7862e-02
-2.5990e-03	-1.0917e-03	-3.1162e-04	1.7590e-03	1.1685e-01	2.6533e-01	-4.7706e-04	9.4023e-04	8.5569e-05	-7.1776e-03	-2.5392e-02	1.1935e-02
-2.6454e-03	-1.0926e-03	-1.1641e-04	-5.0104e-03	1.3557e-01	2.6441e-01	-4.6390e-05	-8.8000e-07	1.9521e-04	-6.7693e-03	1.8722e-02	-9.2200e-04
-2.3193e-03	-6.7156e-04	-2.0168e-04	-5.0935e-03	1.3561e-01	2.2818e-01	3.2614e-04	4.2101e-04	-8.5267e-05	-8.3190e-05	4.0000e-05	-3.6229e-02
-2.5441e-03	-6.3746e-04	4.7618e-05	2.0345e-03	9.7971e-02	2.2835e-01	-2.2486e-04	3.4099e-05	2.4930e-04	7.1281e-03	-3.7641e-02	1.7800e-04
-2.3144e-03	-1.0173e-03	3.9966e-04	1.9392e-02	6.7854e-02	2.2841e-01	2.2970e-04	-3.7982e-04	3.5204e-04	1.7357e-02	-3.0116e-02	5.4000e-05
-1.0759e-03	-1.9691e-04	3.9966e-04	2.2284e-02	1.4318e-01	1.9602e-01	1.2385e-03	8.2037e-04	-1.0000e-09	2.8922e-03	7.5323e-02	-3.2390e-02
-1.5823e-03	-1.5474e-04	6.0889e-04	2.3544e-02	1.2300e-01	2.1473e-01	-5.0633e-04	4.2174e-05	2.0923e-04	1.2597e-03	-2.0177e-02	1.8715e-02
-1.9318e-03	-2.2682e-05	5.2109e-04	1.9386e-02	1.0247e-01	2.6805e-01	-3.4951e-04	1.3206e-04	-8.7800e-05	-4.1580e-03	-2.0532e-02	5.3313e-02
-1.8441e-03	-1.0099e-04	1.2726e-04	1.9456e-02	1.2064e-01	2.6804e-01	8.7680e-05	-7.8304e-05	-3.9383e-04	7.0300e-05	1.8175e-02	-6.0000e-06
-1.7217e-03	1.9977e-04	5.5598e-04	1.9361e-02	7.7755e-02	2.6972e-01	1.2240e-04	3.0075e-04	4.2872e-04	-9.5000e-05	-4.2888e-02	1.6800e-03
-2.1609e-03	9.0580e-05	2.1456e-04	1.9435e-02	8.8724e-02	2.8823e-01	-4.3924e-04	-1.0919e-04	-3.4142e-04	7.4000e-05	1.0969e-02	1.8506e-02
-1.8914e-03	4.1381e-04	-1.6538e-04	-2.4872e-02	9.3080e-02	1.9864e-01	2.6951e-04	3.2323e-04	-3.7995e-04	-4.4307e-02	4.3557e-03	-8.9585e-02
-2.3996e-03	4.1381e-04	-1.6538e-04	-2.4872e-02	6.7342e-02	2.3170e-01	-5.0819e-04	0.0000e+00	0.0000e+00	0.0000e+00	-2.5738e-02	3.3062e-02
-2.1383e-03	-1.4593e-04	-2.4423e-04	-2.4770e-02	9.3085e-02	2.3611e-01	2.6126e-04	-5.5974e-04	-7.8848e-05	1.0200e-04	2.5743e-02	4.4090e-03
-1.9703e-03	1.1660e-05	-2.4815e-04	-2.4804e-02	8.6065e-02	1.8310e-01	1.6805e-04	1.5759e-04	-3.9170e-06	-3.3800e-05	-7.0196e-03	-5.3009e-02
-2.5451e-03	-4.0181e-04	-2.8772e-04	-1.6441e-02	8.0907e-02	2.4014e-01	-5.7478e-04	-4.1347e-04	-3.9568e-05	8.3627e-03	-5.1586e-03	5.7039e-02
-2.6133e-03	1.1660e-05	-1.6538e-04	-2.4804e-02	8.7154e-02	2.4259e-01	-6.8190e-05	4.1347e-04	1.2233e-04	-8.3632e-03	6.2472e-03	2.4480e-03
-1.6800e-03	1.1660e-05	-5.0299e-04	-2.4755e-02	8.7302e-02	1.8688e-01	9.3330e-04	0.0000e+00	-3.3760e-04	4.9200e-05	1.4790e-04	-5.5714e-02
-2.1431e-03	-9.7432e-04	-1.6538e-04	-1.2970e-03	5.6837e-02	2.3829e-01	-4.6319e-04	-9.8598e-04	3.3760e-04	2.3458e-02	-3.0465e-02	5.1413e-02
-2.3546e-03	-8.1460e-04	-1.6538e-04	5.0710e-03	8.7186e-02	2.5132e-01	-2.1146e-04	1.5971e-04	0.0000e+00	6.3680e-03	3.0350e-02	1.3028e-02
-2.2087e-03	-1.3146e-03	-1.6538e-04	7.4615e-03	9.9618e-02	2.3530e-01	1.4591e-04	-4.9998e-04	0.0000e+00	2.3905e-03	1.2432e-02	-1.6013e-02
-3.2803e-03	-1.1678e-03	-1.6538e-04	7.4532e-03	5.4074e-02	2.8279e-01	-1.0716e-03	1.4681e-04	0.0000e+00	-8.2700e-06	-4.5544e-02	4.7490e-02
-1.8088e-03	-1.0033e-03	-5.9228e-04	7.3032e-03	8.8395e-02	2.2329e-01	1.4715e-03	1.6444e-04	-4.2689e-04	-1.5001e-04	3.4321e-02	-5.9503e-02
-2.1514e-03	-1.1380e-03	-1.1663e-04	7.4169e-03	5.6923e-02	2.2962e-01	-3.4254e-04	-1.3471e-04	4.7565e-04	1.1368e-04	-3.1473e-02	6.3330e-03
-3.2331e-03	-4.4609e-04	2.4088e-04	9.1031e-03	2.9453e-02	2.8008e-01	-1.0817e-03	6.9195e-04	3.5751e-04	1.6862e-03	-2.7470e-02	5.0451e-02
-1.8647e-03	-1.1742e-03	-4.6607e-05	2.9052e-02	8.2949e-02	2.4350e-01	1.3684e-03	-7.2807e-04	-2.8749e-04	1.9949e-02	5.3496e-02	-3.6577e-02
-2.6358e-03	-8.8543e-04	4.9883e-04	2.8986e-02	-1.0965e-02	2.7771e-01	-7.7108e-04	2.8873e-04	5.4544e-04	-6.6400e-05	-9.3915e-02	3.4213e-02
-2.7109e-03	-5.1308e-04	-3.1334e-04	-1.4772e-02	2.4446e-02	2.0270e-01	-7.5130e-05	3.7235e-04	-8.1218e-04	-4.3758e-02	3.5411e-02	-7.5011e-02
-2.7979e-03	-9.2860e-04	-1.1440e-04	-2.8991e-02	5.9490e-02	2.1022e-01	-8.7030e-05	-4.1553e-04	1.9894e-04	-1.4218e-02	3.5044e-02	7.5210e-03
-3.0624e-03	-1.5468e-03	-2.4268e-04	-1.8139e-02	2.6332e-02	2.5643e-01	-2.6448e-04	-6.1817e-04	-1.2828e-04	1.0852e-02	-3.3159e-02	4.6212e-02
-2.9850e-03	-8.0611e-04	-1.8609e-04	-3.7637e-03	9.1027e-03	2.3615e-01	7.7360e-05	7.4066e-04	5.6588e-05	1.4376e-02	-1.7229e-02	-2.0281e-02
-3.2240e-03	-4.7479e-04	-1.8609e-04	-3.7978e-03	-1.8274e-03	2.4431e-01	-2.3891e-04	3.3132e-04	0.0000e+00	-3.4030e-05	-1.0930e-02	8.1570e-03
-3.1180e-03	-6.6991e-04	-1.8609e-04	-3.7421e-03	-3.3442e-02	2.4288e-01	1.0593e-04	-1.9512e-04	0.0000e+00	5.5670e-05	-3.1614e-02	-1.4340e-03
-3.2549e-03	-5.7962e-04	-1.8609e-04	-3.7533e-03	-3.3406e-02	2.6244e-01	-1.3684e-04	9.0299e-05	0.0000e+00	-1.1230e-05	3.5700e-05	1.9570e-02
-3.2849e-03	-3.1299e-04	-1.8609e-04	-3.8284e-03	-2.9136e-02	2.7495e-01	-2.9980e-05	2.6663e-04	0.0000e+00	-7.5070e-05	4.2697e-03	1.2509e-02
-2.8520e-03	-4.3719e-04	-3.2738e-04	-1.3730e-02	-3.3251e-02	2.5755e-01	4.3282e-04	-1.2420e-04	-1.4129e-04	-9.9013e-03	-4.1144e-03	-1.7400e-02
-2.4108e-03	-1.3322e-03	6.5818e-04	2.7790e-02	-1.7089e-02	2.6253e-01	4.4124e-04	-8.9499e-04	9.8556e-04	4.1520e-02	1.6162e-02	4.9770e-03
-3.1207e-03	-9.2882e-04	-3.6765e-04	-3.6337e-03	-7.6195e-03	2.5377e-01	-7.0994e-04	4.0336e-04	-1.0258e-03	-3.1424e-02	9.4693e-03	-8.7620e-03
-2.9486e-03	-1.0419e-03	-5.3379e-04	-3.6350e-03	-3.3419e-02	2.3031e-01	1.7213e-04	-1.1306e-04	-1.6614e-04	-1.3100e-06	-2.5799e-02	-2.3454e-02
-3.1759e-03	-6.0564e-04	-4.6704e-04	-3.7441e-03	-3.5615e-02	2.4199e-01	-2.2729e-04	4.3624e-04	6.6745e-05	-1.0903e-04	-2.1968e-03	1.1670e-02
-2.3481e-03	-7.4208e-06	-6.2511e-04	-5.3482e-02	-8.5920e-03	5.5081e-02	8.2777e-04	5.9822e-04	-1.5807e-04	-4.9738e-02	2.7023e-02	-1.8690e-01
-3.0665e-03	-4.3786e-04	-5.3241e-04	-3.1109e-02	-2.1035e-02	9.8652e-02	-7.1836e-04	-4.3044e-04	9.2699e-05	2.2372e-02	-1.2443e-02	4.3571e-02
-3.1551e-03	-4.6909e-04	-3.3310e-04	-9.8086e-03	-2.1016e-02	8.5826e-02	-8.8580e-05	-3.1226e-05	1.9931e-04	2.1301e-02	1.8800e-05	-1.2826e-02
-3.1218e-03	1.1686e-05	-2.3349e-04	-1.6079e-02	-2.0884e-02	7.1227e-02	3.3220e-05	4.8077e-04	9.9608e-05	-6.2700e-03	1.3180e-04	-1.4599e-02
-2.3267e-03	-4.9248e-04	7.3544e-05	2.3694e-02	-9.1435e-02	2.2035e-01	7.9517e-04	-5.0417e-04	3.0704e-04	3.9772e-02	-7.0551e-02	1.4912e-01
-6.4868e-04	8.8081e-04	8.6856e-04	1.0424e-02	-1.1741e-01	3.7360e-02	1.6780e-03	1.3733e-03	7.9502e-04	-1.3270e-02	-2.5972e-02	-1.8299e-01
-1.7022e-03	3.5151e-04	6.5016e-04	2.3658e-02	-2.7872e-02	2.7438e-02	-1.0535e-03	-5.2929e-04	-2.1840e-04	1.3234e-02	8.9535e-02	-9.9223e-03
-9.5480e-04	4.0609e-04	3.0956e-04	2.3690e-02	-2.1128e-02	3.6737e-02	7.4736e-04	5.4579e-05	-3.4060e-04	3.1300e-05	6.7436e-03	9.2995e-03
-1.2396e-03	3.1233e-04	7.4096e-04	1.0653e-02	-4.0300e-02	2.6630e-02	-2.8485e-04	-9.3760e-05	4.3140e-04	-1.3036e-02	-1.9172e-02	-1.0107e-02
0.0000e+00	-0.0000e+00	0.0000e+00	0.0000e+00	0.0000e+00	0.0000e+00	1.2396e-03	-3.1233e-04	-7.4096e-04	-1.0653e-02	4.0300e-02	-2.6630e-02
-6.4419e-04	6.7344e-04	2.4592e-04	7.2750e-03	-2.8930e-02	5.2701e-02	-6.4419e-04	6.7344e-04	2.4592e-04	7.2750e-03	-2.8930e-02	5.2701e-02
-4.8415e-04	5.4382e-04	6.5895e-04	2.8592e-02	-6.8385e-02	5.2751e-02	1.6004e-04	-1.2961e-04	4.1303e-04	2.1317e-02	-3.9455e-02	5.0800e-05
-7.6636e-04	-2.3285e-04	1.5904e-04	1.1975e-02	-6.0280e-02	4.2660e-02	-2.8221e-04	-7.7668e-04	-4.9991e-04	-1.6618e-02	8.1052e-03	-1.0091e-02
-8.1880e-04	7.8100e-04	3.9456e-04	2.7268e-04	-7.1706e-02	5.2621e-02	-5.2440e-05	1.0139e-03	2.3552e-04	-1.1702e-02	-1.1426e-02	9.9611e-03
-6.4415e-04	2.6763e-04	4.9254e-05	4.2168e-04	-7.4509e-02	2.0392e-02	1.7465e-04	-5.1338e-04	-3.4531e-04	1.4900e-04	-2.8028e-03	-3.2229e-02
-1.1585e-03	8.4201e-04	1.4327e-04	-1.6806e-02	-8.5769e-02	5.2379e-02	-5.1434e-04	5.7438e-04	9.4011e-05	-1.7228e-02	-1.1260e-02	3.1986e-02
-8.1880e-04	7.2995e-04	1.4327e-04	-9.1646e-03	-9.3048e-02	1.6702e-02	3.3969e-04	-1.1206e-04	0.0000e+00	7.6416e-03	-7.2795e-03	-3.5677e-02
-1.3254e-03	3.2972e-04	1.4327e-04	-1.8213e-02	-1.0427e-01	4.1727e-02	-5.0656e-04	-4.0023e-04	0.0000e+00	-9.0486e-03	-1.1219e-02	2.5025e-02
-1.0382e-03	-7.6878e-05	9.7584e-04	2.1642e-04	-5.2062e-02	3.4764e-02	2.8714e-04	-4.0660e-04	8.3257e-04	1.8430e-02	5.2205e-02	-6.9624e-03
-7.5801e-04	3.2972e-04	4.8675e-04	3.2578e-04	-8.9559e-02	1.0972e-02	2.8021e-04	4.0660e-04	-4.8909e-04	1.0936e-04	-3.7497e-02	-2.3793e-02
-1.1048e-03	2.2305e-04	6.0635e-04	3.0590e-04	-1.0843e-01	8.6720e-03	-3.4681e-04	-1.0667e-04	1.1960e-04	-1.9878e-05	-1.8872e-02	-2.2999e-03
-1.3706e-03	-1.8393e-04	9.7584e-04	1.4236e-02	-6.2000e-02	1.3587e-02	-2.6576e-04	-4.0698e-04	3.6949e-04	1.3930e-02	4.6431e-02	4.9152e-03
-4.9424e-04	8.3969e-04	6.1665e-04	8.2397e-03	-8.6828e-02	-4.6659e-03	8.7634e-04	1.0236e-03	-3.5919e-04	-5.9961e-03	-2.4829e-02	-1.8253e-02
-9.2327e-04	-6.5277e-05	1.0029e-03	9.7293e-03	-7.8386e-02	1.2321e-02	-4.2903e-04	-9.0497e-04	3.8620e-04	1.4896e-03	8.4426e-03	1.6987e-02
-1.1657e-03	-6.4862e-04	5.2601e-04	2.2410e-02	5.6641e-03	8.1929e-04	-2.4243e-04	-5.8334e-04	-4.7684e-04	1.2681e-02	8.4050e-02	-1.1502e-02
-6.6413e-04	-1.6525e-04	4.6714e-04	2.4229e-02	-8.0349e-02	-3.3780e-02	5.0157e-04	4.8337e-04	-5.8874e-05	1.8188e-03	-8.6013e-02	-3.4599e-02
-8.5162e-05	-1.1356e-03	8.0046e-04	5.9183e-02	-5.2955e-02	-8.4169e-03	5.7897e-04	-9.7032e-04	3.3332e-04	3.4954e-02	2.7395e-02	2.5363e-02
-1.8177e-03	-1.8086e-03	-3.2188e-04	1.2091e-02	-1.8759e-02	1.1390e-02	-1.7326e-03	-6.7308e-04	-1.1223e-03	-4.7092e-02	3.4196e-02	1.9807e-02
-1.6347e-03	-1.0568e-03	4.6714e-04	2.4911e-02	-6.8552e-02	2.2798e-02	1.8302e-04	7.5185e-04	7.8902e-04	1.2820e-02	-4.9793e-02	1.1408e-02
-4.2746e-04	-6.5489e-04	4.6714e-04	7.5558e-03	-7.5111e-02	4.3787e-02	1.2072e-03	4.0191e-04	0.0000e+00	-1.7355e-02	-6.5593e-03	2.0989e-02
-1.2351e-03	-1.1834e-03	5.6764e-05	7.6569e-03	-1.0614e-01	5.6310e-02	-8.0766e-04	-5.2853e-04	-4.1038e-04	1.0113e-04	-3.1028e-02	1.2523e-02
-9.9726e-04	-5.7752e-04	4.6714e-04	-1.0826e-03	-9.0868e-02	3.0195e-02	2.3786e-04	6.0590e-04	4.1038e-04	-8.7395e-03	1.5271e-02	-2.6115e-02
-1.0555e-03	-1.9253e-03	1.1695e-03	9.3850e-02	-1.2199e-01	9.8210e-02	-5.8251e-05	-1.3477e-03	7.0238e-04	9.4932e-02	-3.1123e-02	6.8015e-02
-1.3728e-03	-1.6947e-03	7.1403e-04	8.2645e-02	-1.4912e-01	1.1156e-01	-3.1728e-04	2.3053e-04	-4.5549e-04	-1.1205e-02	-2.7128e-02	1.3355e-02
-1.0342e-03	-1.6947e-03	-1.8835e-04	7.1567e-02	-9.0557e-02	4.5169e-02	3.3857e-04	0.0000e+00	-9.0238e-04	-1.1078e-02	5.8562e-02	-6.6396e-02
-2.2278e-03	-1.3960e-03	3.3789e-04	5.8681e-02	-1.3874e-01	9.2980e-02	-1.1936e-03	2.9872e-04	5.2624e-04	-1.2886e-02	-4.8185e-02	4.7811e-02
-1.4971e-03	-8.9546e-04	-1.3819e-04	3.5745e-03	-1.1582e-01	2.1783e-02	7.3065e-04	5.0055e-04	-4.7608e-04	-5.5106e-02	2.2920e-02	-7.1197e-02
-2.0820e-03	-9.1181e-04	-7.0098e-04	-1.6396e-02	-1.7171e-01	5.0030e-02	-5.8491e-04	-1.6352e-05	-5.6280e-04	-1.9970e-02	-5.5892e-02	2.8247e-02
-2.0691e-03	-1.7423e-03	-1.2793e-04	-1.3698e-02	-1.2370e-01	6.2236e-02	1.2930e-05	-8.3048e-04	5.7305e-04	2.6977e-03	4.8014e-02	1.2205e-02
-1.9823e-03	-1.7900e-03	-5.5374e-04	3.6698e-03	-1.2445e-01	3.5581e-02	8.6820e-05	-4.7670e-05	-4.2581e-04	1.7368e-02	-7.5200e-04	-2.6654e-02
-2.7761e-03	-1.5104e-03	-6.2783e-04	3.5498e-03	-1.2336e-01	4.9146e-02	-7.9384e-04	2.7957e-04	-7.4085e-05	-1.2002e-04	1.0940e-03	1.3565e-02
-2.1291e-03	-1.1897e-03	-2.6461e-04	1.1255e-02	-1.4044e-01	4.2674e-02	6.4705e-04	3.2072e-04	3.6322e-04	7.7053e-03	-1.7078e-02	-6.4728e-03
-1.6658e-03	-1.1612e-03	-3.0010e-04	3.5523e-03	-1.4044e-01	3.5588e-02	4.6323e-04	2.8440e-05	-3.5498e-05	-7.7028e-03	-6.0000e-06	-7.0853e-03
-2.5374e-03	-1.0043e-03	-7.1907e-05	9.6542e-04	-1.8861e-01	6.1369e-02	-8.7151e-04	1.5692e-04	2.2820e-04	-2.5869e-03	-4.8167e-02	2.5780e-02
-2.4252e-03	-8.8320e-04	-1.5027e-04	3.4249e-03	-1.8859e-01	6.4485e-02	1.1220e-04	1.2111e-04	-7.8359e-05	2.4595e-03	1.7000e-05	3.1161e-03
-1.6019e-03	-5.9020e-04	-2.9308e-04	-6.5880e-03	-2.0125e-01	3.1273e-02	8.2322e-04	2.9299e-04	-1.4281e-04	-1.0013e-02	-1.2656e-02	-3.3211e-02
-2.2082e-03	-9.8626e-04	-9.6146e-05	3.3678e-03	-2.3034e-01	5.1180e-02	-6.0627e-04	-3.9606e-04	1.9693e-04	9.9558e-03	-2.9091e-02	1.9906e-02
-2.0296e-03	-1.6918e-03	-3.8216e-04	3.5740e-03	-1.7850e-01	4.9590e-02	1.7858e-04	-7.0550e-04	-2.8601e-04	2.0620e-04	5.1838e-02	-1.5897e-03
-1.7901e-03	-1.4191e-03	-3.0577e-04	-1.2669e-02	-1.6254e-01	-2.4082e-04	2.3951e-04	2.7263e-04	7.6389e-05	-1.6243e-02	1.5959e-02	-4.9831e-02
-2.5661e-03	-1.6862e-03	-5.2661e-04	-5.4808e-04	-1.8308e-01	3.4636e-02	-7.7594e-04	-2.6708e-04	-2.2084e-04	1.2121e-02	-2.0534e-02	3.4877e-02
-3.1032e-03	-1.3146e-03	-1.2124e-04	5.6045e-03	-1.8474e-01	3.7853e-02	-5.3712e-04	3.7161e-04	4.0537e-04	6.1525e-03	-1.6600e-03	3.2177e-03
-2.7315e-03	-1.2441e-03	5.1638e-04	5.0851e-02	-2.2757e-01	3.2748e-02	3.7172e-04	7.0530e-05	6.3762e-04	4.5246e-02	-4.2838e-02	-5.1049e-03
-3.0379e-03	-1.1374e-03	-3.2703e-04	-4.1461e-02	-2.2769e-01	3.2944e-02	-3.0644e-04	1.0669e-04	-8.4341e-04	-9.2311e-02	-1.1700e-04	1.9550e-04
-2.8332e-03	-2.0580e-03	-3.6893e-04	-3.7813e-02	-1.3826e-01	7.7501e-03	2.0465e-04	-9.2062e-04	-4.1901e-05	3.6472e-03	8.9428e-02	-2.5194e-02
-2.9512e-03	-1.8982e-03	-5.1994e-05	9.8697e-04	-2.0931e-01	2.1330e-02	-1.1797e-04	1.5979e-04	3.1694e-04	3.8800e-02	-7.1050e-02	1.3580e-02
-2.7219e-03	-2.0696e-03	-1.1047e-04	-2.4533e-02	-1.7887e-01	3.4176e-02	2.2931e-04	-1.7139e-04	-5.8480e-05	-2.5520e-02	3.0441e-02	1.2845e-02
-2.8889e-03	-1.5742e-03	-2.7858e-05	-1.2885e-02	-1.8122e-01	2.0811e-02	-1.6694e-04	4.9544e-04	8.2616e-05	1.1648e-02	-2.3530e-03	-1.3365e-02
-2.9873e-03	-1.6907e-03	-3.5381e-04	4.9712e-03	-2.1276e-01	1.8206e-02	-9.8420e-05	-1.1659e-04	-3.2595e-04	1.7856e-02	-3.1536e-02	-2.6049e-03
-2.9269e-03	-1.3225e-03	-2.6762e-04	4.9671e-03	-2.2298e-01	4.2248e-02	6.0360e-05	3.6823e-04	8.6187e-05	-4.1600e-06	-1.0218e-02	2.4042e-02
-2.5808e-03	-9.6571e-04	1.9577e-04	4.8702e-03	-2.2297e-01	1.2517e-02	3.4607e-04	3.5681e-04	4.6339e-04	-9.6870e-05	5.0000e-06	-2.9731e-02
-2.5719e-03	-1.1541e-03	3.8064e-05	-4.8928e-04	-2.7173e-01	1.2683e-02	8.9800e-06	-1.8842e-04	-1.5770e-04	-5.3595e-03	-4.8756e-02	1.6620e-04
-2.6893e-03	-1.0211e-03	-2.5900e-04	-6.9312e-03	-2.9452e-01	4.9098e-02	-1.1742e-04	1.3304e-04	-2.9706e-04	-6.4419e-03	-2.2793e-02	3.6415e-02
-2.2740e-03	-1.2439e-03	-2.5900e-04	-1.9054e-02	-2.6455e-01	4.0181e-02	4.1530e-04	-2.2286e-04	0.0000e+00	-1.2123e-02	2.9975e-02	-8.9171e-03
-2.9561e-03	-1.3262e-03	-7.5226e-04	-1.6954e-02	-3.0077e-01	4.2246e-02	-6.8213e-04	-8.2230e-05	-4.9326e-04	2.1000e-03	-3.6223e-02	2.0647e-03
-3.4878e-03	-9.8405e-04	-2.5900e-04	-1.1085e-02	-3.2324e-01	6.0454e-02	-5.3172e-04	3.4213e-04	4.9326e-04	5.8683e-03	-2.2473e-02	1.8208e-02
-2.7182e-03	-7.6812e-04	-4.3523e-04	-4.3625e-02	-2.9397e-01	1.7708e-03	7.6965e-04	2.1593e-04	-1.7623e-04	-3.2540e-02	2.9278e-02	-5.8683e-02
-3.3616e-03	-1.5292e-03	-2.5900e-04	-5.2727e-03	-3.3133e-01	5.8885e-02	-6.4343e-04	-7.6108e-04	1.7623e-04	3.8353e-02	-3.7368e-02	5.7114e-02
-3.0286e-03	-1.3319e-03	-2.5900e-04	-4.6859e-02	-2.7034e-01	-3.7601e-03	3.3298e-04	1.9732e-04	0.0000e+00	-4.1586e-02	6.0995e-02	-6.2645e-02
-2.9885e-03	-1.3885e-03	-2.5900e-04	-2.9308e-02	-3.1529e-01	7.1883e-03	4.0160e-05	-5.6660e-05	0.0000e+00	1.7550e-02	-4.4949e-02	1.0948e-02
-3.1680e-03	-1.8874e-03	-2.5900e-04	3.4220e-04	-3.0835e-01	1.6462e-02	-1.7957e-04	-4.9885e-04	0.0000e+00	2.9651e-02	6.9360e-03	9.2732e-03
-3.4089e-03	-2.3021e-03	-2.5900e-04	3.5591e-03	-2.7287e-01	2.3772e-02	-2.4085e-04	-4.1471e-04	0.0000e+00	3.2169e-03	3.5483e-02	7.3106e-03
-2.8553e-03	-1.6703e-03	-2.5900e-04	-1.0306e-02	-2.6626e-01	6.7933e-03	5.5363e-04	6.3185e-04	0.0000e+00	-1.3865e-02	6.6130e-03	-1.6979e-02
-2.8553e-03	-1.4262e-03	-2.5900e-04	-9.9264e-03	-2.8247e-01	1.0267e-02	0.0000e+00	2.4405e-04	0.0000e+00	3.7911e-04	-1.6218e-02	3.4736e-03
-2.4611e-03	-1.2305e-03	-2.5900e-04	-1.3088e-02	-2.5930e-01	6.4991e-03	3.9419e-04	1.9573e-04	0.0000e+00	-3.1617e-03	2.3176e-02	-3.7678e-03
-2.7175e-03	-1.1128e-03	-2.5900e-04	-1.0884e-02	-3.2097e-01	1.5652e-02	-2.5645e-04	1.1768e-04	0.0000e+00	2.2041e-03	-6.1676e-02	9.1525e-03
-3.0508e-03	-1.1538e-03	-2.5900e-04	-1.1559e-02	-3.2876e-01	2.5357e-02	-3.3333e-04	-4.0980e-05	0.0000e+00	-6.7490e-04	-7.7870e-03	9.7049e-03
-2.9233e-03	-1.1538e-03	-2.5900e-04	-4.1090e-02	-3.2872e-01	1.8370e-02	1.2760e-04	0.0000e+00	0.0000e+00	-2.9531e-02	4.5000e-05	-6.9866e-03
-2.9317e-03	-1.7175e-03	-6.0925e-04	-1.2334e-02	-3.5307e-01	1.2609e-02	-8.4800e-06	-5.6369e-04	-3.5025e-04	2.8755e-02	-2.4356e-02	-5.7607e-03
-3.4195e-03	-1.2483e-03	-2.5900e-04	-5.7734e-03	-3.6849e-01	4.5020e-02	-4.8772e-04	4.6913e-04	3.5025e-04	6.5608e-03	-1.5414e-02	3.2411e-02
-2.5863e-03	-1.1538e-03	-2.5900e-04	-2.8366e-02	-3.2206e-01	-1.7572e-02	8.3317e-04	9.4560e-05	0.0000e+00	-2.2592e-02	4.6424e-02	-6.2593e-02
-3.4244e-03	-9.6693e-04	-7.9985e-04	-3.8141e-04	-3.4510e-01	4.3841e-02	-8.3810e-04	1.8684e-04	-5.4085e-04	2.7984e-02	-2.3043e-02	6.1413e-02
-2.9539e-03	-1.1794e-03	-2.5167e-04	-8.6389e-03	-3.4509e-01	1.7400e-02	4.7050e-04	-2.1242e-04	5.4818e-04	-8.2575e-03	1.0000e-05	-2.6441e-02
-3.0177e-03	-1.0546e-03	-5.6470e-04	-1.7125e-02	-3.6711e-01	2.1778e-03	-6.3830e-05	1.2480e-04	-3.1303e-04	-8.4866e-03	-2.2016e-02	-1.5223e-02
-5.0923e-03	-5.2642e-04	-7.4482e-04	-5.1482e-04	-4.3797e-01	6.5470e-02	-2.0746e-03	5.2813e-04	-1.8012e-04	1.6611e-02	-7.0862e-02	6.3292e-02
-5.4044e-03	-7.1422e-04	-5.3835e-04	-5.7369e-04	-4.5326e-01	5.4644e-02	-3.1211e-04	-1.8780e-04	2.0647e-04	-5.8873e-05	-1.5290e-02	-1.0826e-02
-4.9850e-03	-7.3414e-04	-4.7188e-04	9.0091e-03	-4.5613e-01	4.8628e-02	4.1942e-04	-1.9919e-05	6.6473e-05	9.5828e-03	-2.8630e-03	-6.0155e-03
-4.2865e-03	-7.4012e-04	-5.0497e-04	1.1368e-02	-4.3794e-01	8.8666e-03	6.9845e-04	-5.9760e-06	-3.3092e-05	2.3585e-03	1.8188e-02	-3.9762e-02
-4.4007e-03	-5.1662e-04	-7.4482e-04	1.7794e-02	-4.6483e-01	1.7188e-02	-1.1421e-04	2.2349e-04	-2.3985e-04	6.4262e-03	-2.6891e-02	8.3215e-03
-4.4007e-03	-8.1266e-04	-3.4473e-04	4.5103e-02	-4.7391e-01	3.8677e-02	0.0000e+00	-2.9604e-04	4.0009e-04	2.7309e-02	-9.0860e-03	2.1488e-02
-3.7476e-03	-4.6953e-04	2.1304e-04	5.1343e-02	-4.5995e-01	3.5303e-02	6.5311e-04	3.4313e-04	5.5777e-04	6.2399e-03	1.3964e-02	-3.3736e-03
-3.7749e-03	-8.3563e-04	1.7863e-04	5.1405e-02	-4.7161e-01	4.8642e-02	-2.7260e-05	-3.6610e-04	-3.4405e-05	6.1700e-05	-1.1663e-02	1.3339e-02
-4.0093e-03	-1.0468e-03	5.2437e-04	5.1252e-02	-4.8239e-01	4.3439e-02	-2.3440e-04	-2.1113e-04	3.4573e-04	-1.5210e-04	-1.0778e-02	-5.2029e-03
-4.1118e-03	-9.3118e-04	1.4448e-04	5.1437e-02	-4.8050e-01	4.5935e-02	-1.0256e-04	1.1558e-04	-3.7988e-04	1.8500e-04	1.8920e-03	2.4963e-03
-3.7381e-03	-1.1595e-03	5.2480e-04	7.5305e-02	-4.8869e-01	3.8646e-02	3.7370e-04	-2.2831e-04	3.8032e-04	2.3867e-02	-8.1900e-03	-7.2893e-03
-4.1327e-03	-1.2053e-03	1.1786e-04	6.5734e-02	-5.1592e-01	5.6675e-02	-3.9459e-04	-4.5770e-05	-4.0694e-04	-9.5708e-03	-2.7231e-02	1.8029e-02
-3.6767e-03	-9.6401e-04	8.3268e-04	7.5123e-02	-4.9385e-01	5.4165e-02	4.5601e-04	2.4125e-04	7.1482e-04	9.3890e-03	2.2067e-02	-2.5106e-03
-3.5899e-03	-1.1708e-03	4.7250e-04	7.5326e-02	-4.8085e-01	2.9052e-02	8.6850e-05	-2.0682e-04	-3.6018e-04	2.0240e-04	1.3006e-02	-2.5113e-02
-3.7823e-03	-1.1116e-03	7.1988e-04	6.5680e-02	-5.1479e-01	2.7061e-02	-1.9247e-04	5.9250e-05	2.4738e-04	-9.6452e-03	-3.3940e-02	-1.9902e-03
-4.1450e-03	-1.0455e-03	1.1786e-04	5.3029e-02	-4.9918e-01	3.5352e-02	-3.6269e-04	6.6090e-05	-6.0202e-04	-1.2651e-02	1.5609e-02	8.2907e-03
-3.6386e-03	-1.0365e-03	6.8836e-04	5.3553e-02	-4.9387e-01	1.9992e-02	5.0642e-04	8.9600e-06	5.7050e-04	5.2310e-04	5.3080e-03	-1.5360e-02
-3.7176e-03	-1.3200e-03	1.1786e-04	6.1499e-02	-5.0020e-01	8.6824e-03	-7.9010e-05	-2.8345e-04	-5.7050e-04	7.9468e-03	-6.3300e-03	-1.1310e-02
-3.6433e-03	-1.1513e-03	5.4289e-04	5.2607e-02	-5.1406e-01	1.5260e-02	7.4270e-05	1.6871e-04	4.2503e-04	-8.8928e-03	-1.3855e-02	6.5779e-03
-3.5730e-03	-5.3522e-04	4.9135e-04	2.1719e-02	-4.8775e-01	9.1764e-03	7.0320e-05	6.1605e-04	-5.1539e-05	-3.0887e-02	2.6306e-02	-6.0839e-03
-3.0481e-03	-4.9765e-04	5.5009e-05	-2.1671e-03	-4.9385e-01	-3.2226e-02	5.2494e-04	3.7567e-05	-4.3635e-04	-2.3887e-02	-6.0970e-03	-4.1403e-02
-3.1586e-03	-5.0314e-04	-6.1976e-05	-1.4352e-02	-4.9384e-01	1.2404e-02	-1.1057e-04	-5.4930e-06	-1.1698e-04	-1.2185e-02	6.0000e-06	4.4631e-02
-3.1437e-03	-1.2339e-03	-2.0079e-04	-2.8804e-03	-4.8587e-01	1.8002e-02	1.4970e-05	-7.3073e-04	-1.3881e-04	1.1471e-02	7.9750e-03	5.5974e-03
-2.6148e-03	-9.4246e-04	0.0000e+00	-3.6385e-05	-4.7348e-01	1.9804e-02	5.2884e-04	2.9141e-04	2.0079e-04	2.8440e-03	1.2382e-02	1.8021e-03
